-1.9798480568778745,4.844523977093165,3.3278422204305063,0.7368778439777377,1.821232311198238,-0.7996125807642489,-7.277883223999071,-2.484141228075134,2.3607296148444634,-8.549596845129548,-3.1428238017099797,-0.060260672720197306,-4.379417900063178,-0.612845193445521,-0.2517200775760937,5.5095489670748465,-3.1240695018240743,-5.902101910783394,-0.5972479456000563,1.815312619466546,7.8664730164634165,-5.085348253205273,0.27337923187968727,2.8823468332980275,2.1736505626981133,-3.2124217888485482,1.832197426908925,0.2945668669853383,0.9259129457001078,1.686680702633284,-0.20853747464985117,3.6372175185457545,-0.3720966645546122,0.16151567451937732,-5.998683711895698,1.9975074454439827,-2.790524682826895,4.6960944870064285,2.309469481701874,-0.680646856665966,-0.09260935623347244,-0.6860642737036584,5.805068464098817,1.2760899444304883,2.087782820217855,0.28819352446234703,-1.584311626013001,-6.775345769470469,-1.1844585295148342,-1.8200077112870607,-1.7238349297920665,-1.9569735961322996,1.8914182539413442,1.0354019693725678,1.968736338805721,-2.705363977530406,-1.9335153837449828
numHidden 	6
numGenes 	57
seed 	1586626345440
random 	java.util.Random@76fb509a
popSize 	80
maxEvaluations 	20000
minGene 	-3.0
maxGene 	3.0
tournamentSize 	5
crossoverPoints 	1
mutateRate 	0.4
mutateChange 	1.0
mutateRatio 	0.5
mutateRateSmall 	0.3
mutateRateLarge 	0.7
wepMax 	1.0
wepMin 	0.0
expAccuracy 	7.0
minTravel 	5.0
maxTravel 	20.0
neuralNetworkClass 	class coursework.ExampleEvolutionaryAlgorithm
Training Set Training
Fitness 0.013271443469518739