-3.2167319938185006,6.942718660134965,0.006188004838156402,2.8660853232767014,3.6694132601576417,-0.9942021597951998,8.573625208559383,-3.275637571444374,1.2613510144237434,1.5250704694186936,3.8311612825303403,6.766926402741859,3.5090615867112493,9.365073729800812,-1.8704195286886804,13.893435459336638,3.0825806770656117,-1.0961058587362835,5.901535202729611,-3.188972214996567,5.620142967049873,5.462803185765894,-4.234304090424635,10.71906372837325,-0.30770901805967554,-3.2217425231093717,3.531282238769835,4.509468360813647,-0.15947322916490547,1.1360745193419195,3.901986563664975,0.8476041717712492,-4.7731744327814205,2.4497062238210257,-6.80021482281705,-0.7455385076315784,-2.2044394758445023,-2.085859606855424,-0.8618824663864704,10.75431360589401,-8.597876870527204,3.9040715443727816,8.570397726324362,1.7828474425123186,-5.897242334345695,7.509588364286076,3.223807004356882,-1.1308680770275545,-2.272134370046082,-5.485261224209118,-2.8944771573992947,4.254138984485256,-8.702586078434322,17.712085564855776,-2.744939043068527,-5.9040139943703425,0.14530203686513632
numHidden 	6
numGenes 	57
seed 	1586626345440
random 	java.util.Random@76fb509a
popSize 	80
maxEvaluations 	20000
minGene 	-3.0
maxGene 	3.0
tournamentSize 	5
crossoverPoints 	1
mutateRate 	0.4
mutateChange 	1.0
mutateRatio 	0.5
mutateRateSmall 	0.3
mutateRateLarge 	0.7
wepMax 	1.0
wepMin 	0.0
expAccuracy 	7.0
minTravel 	5.0
maxTravel 	20.0
neuralNetworkClass 	class coursework.ExampleEvolutionaryAlgorithm
Training Set Training
Fitness 0.01115899763844964