3.25035760277581,7.988537554702995,-8.47523566087304,-0.905462353318617,-0.6952646471764874,-0.40457171693350613,7.387730633038615,7.6466838129568515,-6.132262022528332,-5.1686149643410335,1.7504503319088576,-12.098527751994595,8.217022722743092,3.091730046274437,-5.658907414504352,2.1560280521632937,-0.09729001355109457,-2.47904411680142,-5.178375360571136,-0.18557506133882828,0.7331906992084276,2.4976111261859275,-4.882788142095238,-10.351741532481652,1.8697366517569272,2.5813089828140465,5.984894258145495,-2.4613736370877923,4.383155177627167,2.3883242896316865,1.424507821260538,-3.1255087641207195,-2.0855865185433577,-3.2373725292641042,2.399623514626061,0.30532903672464506,-0.12743613646713658,2.417391727714013,2.78726832224372,7.751042141376384,-0.46081470311584116,-1.333343539894683,2.371528702205998,5.505211454852432,2.460950731012936,0.3172504780762484,-0.32137474792495446,0.12168844691121361,-3.5655281235076455,-6.701008408939264,-0.30815805532992613,4.826133600215143,2.380877182869611,-9.462010634276716,0.3280582076173255,6.5979551019275835,1.8380392989683978
numHidden 	6
numGenes 	57
seed 	1586626345440
random 	java.util.Random@76fb509a
popSize 	80
maxEvaluations 	20000
minGene 	-3.0
maxGene 	3.0
tournamentSize 	5
crossoverPoints 	1
mutateRate 	0.4
mutateChange 	1.0
mutateRatio 	0.5
mutateRateSmall 	0.3
mutateRateLarge 	0.7
wepMax 	1.0
wepMin 	0.0
expAccuracy 	7.0
minTravel 	5.0
maxTravel 	20.0
neuralNetworkClass 	class coursework.ExampleEvolutionaryAlgorithm
Training Set Training
Fitness 0.025324001797363455