1.5098763720724095,2.055807285032648,9.490853438265852,0.6950472124209415,1.9639407412264465,-2.9977419258276052,-0.8989153530207945,0.819234933031832,-1.7255662915820968,9.732198730859515,0.9351658097798965,3.868596655013233,0.9643366068610346,6.192878957077658,3.8612974783598526,3.488301998302943,-0.7487785432354821,-4.675686345670706,-0.9657586792378927,10.481527448573878,-2.9294971089577038,4.15390897986282,-0.8023178846635695,11.197347437847469,10.078805662168145,5.021016009922154,-6.639363151063206,-2.833043272650394,7.391458247986472,3.575671968010747,3.81574470760279,-1.0509648085487582,5.250864707984667,-0.21224829509436027,3.7476542480387725,-0.14415472998775636,-3.6606215336688575,-7.238186999776364,-6.426385090768463,5.586042468423894,1.3939018036429998,4.198033883439102,1.417710003774146,-7.66484076401906,-0.2309906936711057,-0.758912979567151,-6.514211633703143,5.114360873893426,0.04744053902195322,-1.4325925170684908,6.1439345173358575,-2.3270035360190473,8.599880387675336,0.9438988782903639,2.250625943183616,7.717946976244988,3.377720411865597
numHidden 	6
numGenes 	57
seed 	1586626345440
random 	java.util.Random@76fb509a
popSize 	80
maxEvaluations 	20000
minGene 	-3.0
maxGene 	3.0
tournamentSize 	5
crossoverPoints 	1
mutateRate 	0.4
mutateChange 	1.0
mutateRatio 	0.5
mutateRateSmall 	0.3
mutateRateLarge 	0.7
wepMax 	1.0
wepMin 	0.0
expAccuracy 	7.0
minTravel 	5.0
maxTravel 	20.0
neuralNetworkClass 	class coursework.ExampleEvolutionaryAlgorithm
Training Set Training
Fitness 0.00850800287331719