-4.678899901441309,-1.6576570711619452,3.5480581630245362,0.9280188525699193,-6.16424397856664,-0.026967389911314754,-0.40715615754563483,-6.448755855411019,6.283187377624845,-4.862722431068111,-2.1718390684806295,0.7200653472086618,-8.500371449373642,-1.3114956331543333,-1.6242516028025502,-1.0001276889794242,-0.21482453362685394,-2.627021674638534,2.4773057249677413,-8.30170992074755,-2.1484929131663577,-4.043235143403166,3.725022066888908,2.64036605760211,-0.36278414261216163,-1.3001676027585027,4.4251107501721005,8.837854662636053,-2.260069942331839,-1.6023604180667084,0.023184029719262256,-0.3736789592998866,7.5820746960074406,2.4288743467879854,-4.1468370796416325,-2.3473564227090753,-7.938680951912936,8.619158939453596,0.22120997052296065,-4.675799192915608,-1.6731213542570114,-7.282647672028503,6.691909154658447,-8.893995054856035,-1.732467808385139,-1.417896441687862,1.8768565068294172,-1.2622275142569883,-1.3729855818259225,0.6114449684521426,1.2207816528495323,5.630595242375411,1.3489813497547107,-3.0386214490712966,-2.7982409467554152,3.2978719291177434,-2.605250423885736
numHidden 	6
numGenes 	57
seed 	1586626345440
random 	java.util.Random@76fb509a
popSize 	80
maxEvaluations 	20000
minGene 	-3.0
maxGene 	3.0
tournamentSize 	5
crossoverPoints 	1
mutateRate 	0.4
mutateChange 	1.0
mutateRatio 	0.5
mutateRateSmall 	0.3
mutateRateLarge 	0.7
wepMax 	1.0
wepMin 	0.0
expAccuracy 	7.0
minTravel 	5.0
maxTravel 	20.0
neuralNetworkClass 	class coursework.ExampleEvolutionaryAlgorithm
Training Set Training
Fitness 0.010073245722597405