0.3817854982381772,0.5011708520562586,8.6382210912731,10.983793022150829,-2.0659480565827586,1.0236716149234066,8.392920833739954,-3.77559057926587,2.0646030935588247,-9.127257862710797,-2.047262978814574,-9.746080155438023,2.804969066262702,-4.926852367084031,3.7759536708950296,6.390638950224195,0.08641695334346089,-1.0431414664197751,-0.07684239190269793,0.6650618907228063,4.804816301037192,-6.290937419532135,-3.9440990320734013,-9.043547619015888,2.779575934605104,1.2112943995942835,-6.154837629737759,-0.20629346988380792,2.318389059835953,11.94546565621279,-5.49355785331273,-4.857518797588482,2.930899664290963,1.0688791806789397,-0.7661992240855033,-1.0959786581010578,0.9317538974270558,0.12091547307397832,3.231801195695901,-1.2307630859493965,-6.306881183510843,-2.027444883966967,2.308486546415331,2.174083585224226,1.9641886679712313,5.964001968871744,-6.6503594058679925,-2.5123213175032673,0.5313071586172917,-1.7449294024372302,-3.774123374922531,4.704324813777318,-3.541561576703603,-4.528958840024449,-3.714181059229502,-2.039370237867997,4.058581790137717
numHidden 	6
numGenes 	57
seed 	1586626345440
random 	java.util.Random@76fb509a
popSize 	80
maxEvaluations 	20000
minGene 	-3.0
maxGene 	3.0
tournamentSize 	5
crossoverPoints 	1
mutateRate 	0.4
mutateChange 	1.0
mutateRatio 	0.5
mutateRateSmall 	0.3
mutateRateLarge 	0.7
wepMax 	1.0
wepMin 	0.0
expAccuracy 	7.0
minTravel 	5.0
maxTravel 	20.0
neuralNetworkClass 	class coursework.ExampleEvolutionaryAlgorithm
Training Set Training
Fitness 0.04180006611481814