2.8100551226315895,4.971631981186432,1.0019028429706234,-1.917703075199979,2.635374190465294,-9.437438254358131,-3.605118983797482,-5.166909080252591,-3.842042367504998,5.748989149267125,2.8193090175537265,-4.417837745504019,4.207192488463831,3.3862929195095184,-3.5160248226989426,-0.9982044780579784,-1.099699142648844,-9.257961677532712,-1.059800542332729,-8.744149439394196,-1.9211455179168349,7.4329067302185905,-4.379479717858709,2.2247987234130493,-4.345059283620312,4.581012019604949,-0.9510355561026795,0.4999223476889192,-3.2229264222979284,1.5933545300143592,-3.2898566489886187,-2.8489899175409965,3.3646189166028364,0.02870560208653994,-0.07815720307711338,-0.19881973310972256,0.135670909350339,0.5142646549012699,-1.6493086568383921,0.5092576345841913,-2.2330077661883188,-0.39002349865579955,0.04291830465064095,-1.6355711676872238,-3.724201082227669,-5.108556200864934,-2.9878685162457552,9.539697518726404,-1.8981541712450665,-2.6670818115489627,-0.46653116942870554,-4.170044218802375,6.694439465543251,-1.680104091630259,-0.6616023633578294,-1.5827107887942988,-0.327325220294155
numHidden 	6
numGenes 	57
seed 	1586626345440
random 	java.util.Random@76fb509a
popSize 	80
maxEvaluations 	20000
minGene 	-3.0
maxGene 	3.0
tournamentSize 	5
crossoverPoints 	1
mutateRate 	0.4
mutateChange 	1.0
mutateRatio 	0.5
mutateRateSmall 	0.3
mutateRateLarge 	0.7
wepMax 	1.0
wepMin 	0.0
expAccuracy 	7.0
minTravel 	5.0
maxTravel 	20.0
neuralNetworkClass 	class coursework.ExampleEvolutionaryAlgorithm
Training Set Training
Fitness 0.00958029345967089