2.778150193213129,-1.1428625509657877,7.8025661832773245,7.801947050051869,0.3321787278907582,7.502562405237342,-11.498888561752938,10.129397194376834,-1.3932929545738038,-4.227269594702721,2.394252381803608,5.225391816868255,-0.2592146411603178,-0.0670562499033629,8.237270734916006,-2.645244760679801,-3.068584373682999,11.739418802617127,-2.9182055034202943,13.16555124576747,-1.5248160653086478,3.3560477173458843,-11.69271262360082,7.732160648057182,2.5108021378900984,0.45129684125423175,3.003524088148419,4.157828983686025,-3.566574668182585,-0.023068164820563286,5.896677627841419,-0.7763552225260657,-3.9535158194446156,2.427956362813812,-2.2878881231041595,-0.14462849437596592,0.294235274392177,-0.2864124588980492,-5.0510844678796545,1.8807286844237545,5.041275684673279,6.18901156341288,7.133010418157502,-0.8116104758797702,-3.574182762000664,3.755084602428761,-2.855035191200659,2.9761338049124566,-5.188440217671416,2.22806611098503,0.18543984541320668,4.289266298240964,-10.7014448348022,0.4138953072129641,-0.6545087250794843,3.501584156099371,2.126492348404387
numHidden 	6
numGenes 	57
seed 	1586626345440
random 	java.util.Random@76fb509a
popSize 	80
maxEvaluations 	20000
minGene 	-3.0
maxGene 	3.0
tournamentSize 	5
crossoverPoints 	1
mutateRate 	0.4
mutateChange 	1.0
mutateRatio 	0.5
mutateRateSmall 	0.3
mutateRateLarge 	0.7
wepMax 	1.0
wepMin 	0.0
expAccuracy 	7.0
minTravel 	5.0
maxTravel 	20.0
neuralNetworkClass 	class coursework.ExampleEvolutionaryAlgorithm
Training Set Training
Fitness 0.00839676570362315