0.46538793820124624,0.06422610186028876,-1.4782038170657161,3.4155925852455233,-2.0791393223667782,-1.7694637234623576,0.20187059605287994,0.7306895133122575,-2.1062328019478,0.7903812968595902,-2.4283968033857777,3.3932236755556726,0.43222964142773534,4.002642157180575,-4.903845389872926,4.992720201866886,-3.458878751419519,-8.813816814731435,-2.875094921965382,-0.7388326722143055,-2.4180613675354703,-3.424151509558421,-6.085942531784722,5.666061478161436,1.86128644625912,2.113469051250327,-0.0478360235347397,4.446160358199867,-0.9612338941727661,1.3242151179774408,1.3307432320987829,-7.842488619800861,5.417437679594969,1.5233481271011975,-0.13663292384682357,-0.8374448553995424,-2.4703631968313537,2.143629850157299,-4.244436188935192,2.0478388922390334,-1.5319627443704062,-1.85939755123335,0.8017966384482298,0.696108469937196,0.1364566163825458,3.5169389303089087,-0.09586724299571348,-3.3337165728525804,-5.992983138364849,1.2785466308424933,-4.786918111345349,-5.3499493017705255,8.06987561903186,1.5940915319709932,-6.615564328387178,1.0765524964685058,4.696637375785491
numHidden 	6
numGenes 	57
seed 	1586626345440
random 	java.util.Random@76fb509a
popSize 	80
maxEvaluations 	20000
minGene 	-3.0
maxGene 	3.0
tournamentSize 	5
crossoverPoints 	1
mutateRate 	0.4
mutateChange 	1.0
mutateRatio 	0.5
mutateRateSmall 	0.3
mutateRateLarge 	0.7
wepMax 	1.0
wepMin 	0.0
expAccuracy 	7.0
minTravel 	5.0
maxTravel 	20.0
neuralNetworkClass 	class coursework.ExampleEvolutionaryAlgorithm
Training Set Training
Fitness 0.006072371438226198