0.42534022814472516,3.7503988314803998,4.562866946613479,0.5386791667252027,-3.580959848452463,-5.795092832775056,-0.5741705108313635,3.032591376122477,-2.492792464203573,3.020418561315302,6.582123311133493,1.6746398515266403,-6.780989148406061,1.0511524891708515,3.990835184055685,1.644720508058815,-2.154587827114665,-3.9556351568890697,-0.1196888578311821,0.867032106102227,-6.706426909910251,-1.701918731041868,7.065124580247383,-0.9969382817311159,-0.30685503949509263,-6.450940147097379,9.492463040638736,-5.302332211852948,-0.6701799402926918,0.01124253710906764,8.83876847901836,1.7491784627391231,-3.915939940969201,-2.2852211137380465,0.13435129709993188,-0.1669149570066537,2.199406957498999,-1.8234315192957684,0.883937699602618,0.8835178157935131,-0.9612408843731846,-4.998373769908958,2.8288385093347035,-1.6012016174440706,-3.4915160067440505,0.270432486681925,3.36166557486223,2.7869769308198067,-5.960775346914675,-0.48920702020148177,13.65725708113969,-9.5956319237903,1.4087362841837834,2.683589865011628,-0.17629734692924437,4.164710042674313,0.2760785552251255
numHidden 	6
numGenes 	57
seed 	1586626345440
random 	java.util.Random@76fb509a
popSize 	80
maxEvaluations 	20000
minGene 	-3.0
maxGene 	3.0
tournamentSize 	5
crossoverPoints 	1
mutateRate 	0.4
mutateChange 	1.0
mutateRatio 	0.5
mutateRateSmall 	0.3
mutateRateLarge 	0.7
wepMax 	1.0
wepMin 	0.0
expAccuracy 	7.0
minTravel 	5.0
maxTravel 	20.0
neuralNetworkClass 	class coursework.ExampleEvolutionaryAlgorithm
Training Set Training
Fitness 0.009107467175828709