-0.5621837768273528,4.622685477674757,3.8749442671408145,-8.71623695767241,-2.2015243474537622,-5.376607785443666,-3.0551662106097988,4.03280137613922,1.7564718948829663,4.781074816754645,1.6117141078111317,4.654359749987075,2.2067060948322172,4.779639422207829,-3.8824038793485256,-8.423206915780574,-3.4398022220007114,0.8090852397089945,2.775263091114372,8.379547803514024,3.249638531737757,1.6844944284719778,-3.817075776559066,-1.9271617045417342,-5.897948758817958,1.640267562175052,-0.927192480325723,0.01690139140164426,-2.043876660752243,-1.9154401122566664,-1.6619342280067295,-0.5433494283173648,-1.0381717001417163,-0.22041300957219656,4.3429132480413175,9.059067676752122,-2.0560644868928364,-0.812913047041782,-0.5986739946055408,0.892230133346315,-0.9094618462694859,6.224558215302211,-2.2725590310567223,1.3987500909695862,-0.19554273920373433,-8.289329774948712,6.050050897788952,-0.03028205463446554,2.6205900704951866,-3.5718877555527433,-1.962574045589498,-2.4795910279378175,-3.291718752259852,4.603006082270731,-4.2726158100162195,6.361958460091052,-0.9647504659533555
numHidden 	6
numGenes 	57
seed 	1586626345440
random 	java.util.Random@76fb509a
popSize 	80
maxEvaluations 	20000
minGene 	-3.0
maxGene 	3.0
tournamentSize 	5
crossoverPoints 	1
mutateRate 	0.4
mutateChange 	1.0
mutateRatio 	0.5
mutateRateSmall 	0.3
mutateRateLarge 	0.7
wepMax 	1.0
wepMin 	0.0
expAccuracy 	7.0
minTravel 	5.0
maxTravel 	20.0
neuralNetworkClass 	class coursework.ExampleEvolutionaryAlgorithm
Training Set Training
Fitness 0.009601914450719416