0.5496650249739653,1.0011949626865173,-1.3182956930375993,2.918774745959469,0.046257463932718054,2.9282571723421014,2.421385492526929,-5.087521185640778,-2.626801816633151,-0.6538178801847764,-0.2847780607345969,2.243016292618968,4.515590154647257,-1.3554129751030115,3.498438882613189,-1.1847842046882828,0.8742680995886892,-0.39939280287662604,0.40189546697703343,2.4966347748668185,-0.2740242739084678,-2.0611571525790855,4.120828758883053,3.2672735079969013,-1.0222629199079993,3.781775457046085,-0.8791821390343271,1.1510030681421,0.876102538116821,0.8432708036442377,5.2887823009194825,2.407936337410292,3.846639700587529,-0.3273345612495579,-3.210531223515886,0.739504301044774,-2.214916215240525,-3.7531969767730025E-4,-4.057654454294062,1.7719866256365624,-2.945765558051557,-0.9597159550113094,0.3629067665197993,-1.9970682306805598,4.1446463424212965,1.2020037299852173,-2.1095675122820374,-0.6874372887770042
numHidden 	5
numGenes 	48
seed 	1586458696333
random 	java.util.Random@76fb509a
popSize 	20
maxEvaluations 	20000
minGene 	-3.0
maxGene 	3.0
tournamentSize 	5
crossoverPoints 	1
mutateRate 	0.4
mutateChange 	1.0
mutateRatio 	0.5
mutateRateSmall 	0.3
mutateRateLarge 	0.7
wepMax 	0.6
wepMin 	0.2
expAccuracy 	6.0
minTravel 	0.0
maxTravel 	3.0
neuralNetworkClass 	class coursework.MultiVerseOptimisation
Training Set Training
Fitness 0.09599920791678779