-1.683994181786277,0.3341172978167875,0.451123111111965,-0.6694505108627387,0.78467496448922,-0.16142870804559223,5.236553895126251,3.210774864788446,4.27958548890412,1.2149280861202971,-0.9228275976965306,-0.8860797487547436,3.347384644528846,-0.525920221716395,8.254047730145592,-0.5419548292157156,4.492219019361656,-4.785125270574665,-5.163909448179314,0.6694711119362442,-0.6213537722537038,-4.66098692482812,1.5692422179735326,3.521234827680825,-0.05499089822069624,-0.5019542794484309,0.5209454382015203,3.0058889863815255,0.5999417764476626,2.2161372458975452,-4.6713066105284895,-4.390746126212012,-3.474334118140728,-0.03661743491698863,0.547524873521853,5.946152644514933,-1.8245193434687825,2.075246666532908,-2.7241572174950286,-0.45079844345385917,-1.585888658119866,2.300297125288634,0.32702681969387043,3.0801580228962475,-0.5331732454896105,-0.566641709870947,2.7907898357496728,-3.2351525499830167
numHidden 	5
numGenes 	48
seed 	1586458696333
random 	java.util.Random@76fb509a
popSize 	20
maxEvaluations 	20000
minGene 	-3.0
maxGene 	3.0
tournamentSize 	5
crossoverPoints 	1
mutateRate 	0.4
mutateChange 	1.0
mutateRatio 	0.5
mutateRateSmall 	0.3
mutateRateLarge 	0.7
wepMax 	0.6
wepMin 	0.2
expAccuracy 	6.0
minTravel 	0.0
maxTravel 	3.0
neuralNetworkClass 	class coursework.MultiVerseOptimisation
Training Set Training
Fitness 0.10660464498654182