-2.438492346358905,0.037529816732070925,-2.334424147772273,6.299088137339175,2.6518893038858247,3.0945801478038435,2.4526400449747774,0.22398090629722459,2.2226254619989994,-3.2492238674924083,-1.9762852092298713,2.686219114311886,5.650708329962272,3.4008000614496807,-1.34756095431276,1.4320483737175962,2.2572198073842236,1.0212682305456984,2.305389478218197,-6.7234102729034095,-0.6199121830720046,0.6029651993489473,1.137633863115184,0.5167885351897895,-0.8465445654298438,2.997914417113413,-0.11348254416757175,1.1419684323568144,-0.41650852672595357,0.016493964037488935,-4.688237131207715,-4.002626540897398,1.9457244714854334,-1.010303313690254,-3.397681977465077,0.5337203290316113,2.7123454379228886,0.3962046238816293,-1.4389161867959415,2.59785222989416,-3.5092157437798526,-0.018784197202097105,-1.0728176896262405,2.3353058078398936,-3.2411008391320677,2.2894302256474064,2.1582508443439505,-0.9004398746867452
numHidden 	5
numGenes 	48
seed 	1586458696333
random 	java.util.Random@76fb509a
popSize 	20
maxEvaluations 	20000
minGene 	-3.0
maxGene 	3.0
tournamentSize 	5
crossoverPoints 	1
mutateRate 	0.4
mutateChange 	1.0
mutateRatio 	0.5
mutateRateSmall 	0.3
mutateRateLarge 	0.7
wepMax 	0.6
wepMin 	0.2
expAccuracy 	6.0
minTravel 	0.0
maxTravel 	3.0
neuralNetworkClass 	class coursework.MultiVerseOptimisation
Training Set Training
Fitness 0.006872465856544462