-2.1477498189670254,-2.9427479113264483,1.9487718216830583,1.5158924871749841,-2.1981657240262704,-2.9919837610697706,2.033899928489816,-6.266472811930275,-3.5484003463250184,2.4223019356886537,3.4269641363992323,0.7265714050051809,-1.5841233222954973,0.9245944333194454,0.17001403073474838,-0.3270498060078544,-1.1029597893912335,-3.303562684860055,0.15819552969391912,-0.96708326857331,3.8413067965823653,-1.460406331020858,3.6415701130763005,0.7967553609670425,0.13210368122467434,0.3231726661636527,4.389152207368927,1.208808145674499,-3.768206769143342,0.36594031204127236,4.704377183895269,4.41518955728501,-2.385163165872391,3.8246928953484525,-2.608377315587688,-0.1065602703496804,1.172609453092021,-2.046300244263309,-2.7810787955736656,-2.455931617621946,-3.927169205287698,-4.755118672623429,1.73955400386172,1.2732634611071412,-2.8937667195829295,-4.705482167827159,4.265101349977784,-1.8215059906322906
numHidden 	5
numGenes 	48
seed 	1586458696333
random 	java.util.Random@76fb509a
popSize 	20
maxEvaluations 	20000
minGene 	-3.0
maxGene 	3.0
tournamentSize 	5
crossoverPoints 	1
mutateRate 	0.4
mutateChange 	1.0
mutateRatio 	0.5
mutateRateSmall 	0.3
mutateRateLarge 	0.7
wepMax 	0.6
wepMin 	0.2
expAccuracy 	6.0
minTravel 	0.0
maxTravel 	3.0
neuralNetworkClass 	class coursework.MultiVerseOptimisation
Training Set Training
Fitness 0.10892093360907372