-1.492925347450841,-2.982094497429016,0.057825878620448565,-4.747344403755013,3.797607920590853,-0.7405495050181793,3.734449942689738,-0.30868456964074187,-0.8578955223616848,1.351587741225423,1.5811717305677362,0.0524220567690038,-0.7944782360706469,-2.959772580002673,-4.034731613363079,-1.3064608851152153,1.3933851659411913,-2.495122810735274,-3.962866045082062,2.0567154225584865,-0.34449549427808007,-2.6025659244721417,4.197438859508161,-0.4352619273723543,0.8014279453506735,0.31034758977352395,-0.8045672016954484,1.9713330379813214,-0.35315780867172025,3.5460825327698386,-2.0074994216597446,-2.487377350235554,-0.9226665531075968,0.10942105208063452,0.06277278707556909,3.889663640965161,0.934512172890162,0.33595042868557545,-3.0825579410444743,0.46565807291577627,2.4652819423202152,-2.6909158370810764,2.1629144458440996,-0.8416896387214752,1.4757254642410103,1.5854404536534878,1.759150816786704,1.4877440028855304
numHidden 	5
numGenes 	48
seed 	1586458696333
random 	java.util.Random@76fb509a
popSize 	20
maxEvaluations 	20000
minGene 	-3.0
maxGene 	3.0
tournamentSize 	5
crossoverPoints 	1
mutateRate 	0.4
mutateChange 	1.0
mutateRatio 	0.5
mutateRateSmall 	0.3
mutateRateLarge 	0.7
wepMax 	0.6
wepMin 	0.2
expAccuracy 	6.0
minTravel 	0.0
maxTravel 	3.0
neuralNetworkClass 	class coursework.MultiVerseOptimisation
Training Set Training
Fitness 0.09520374188639348