1.741448994458364,-3.000700625221559,-3.5054485316349853,1.3765716628753701,1.0410613463971765,-3.988953633307642,2.829191154341237,1.3803192820539174,2.633502656123784,-1.202455177041141,-2.943323255137278,0.30782418278307505,-5.634674546654797,1.3641178251987822,1.4796228698514424,0.4299100582717544,-1.9527942083199905,1.461585940604001,0.5441515957145124,0.28235593680218507,-1.9303621510043754,2.483816938706911,-1.9353601151366364,-0.5422601152331722,-1.2175181002545201,-6.2967271875995054,-1.3615594792692058,0.058859217320298966,-1.3293706433451469,0.9038109173678626,-1.5105648431453935,-2.0900510902355274,-3.028153972077864,0.5167867481712366,-0.6654765999479372,-0.504976479344513,-2.5123903118732844,-1.607714549669839,2.3775991352387997,1.8355212924284992,-1.6782260451020794,3.438221216165057,1.257610590226902,2.748933561388114,0.4371632659032042,-0.5534059715901924,1.6992233377876182,-1.4350553038222063
numHidden 	5
numGenes 	48
seed 	1586458696333
random 	java.util.Random@76fb509a
popSize 	20
maxEvaluations 	20000
minGene 	-3.0
maxGene 	3.0
tournamentSize 	5
crossoverPoints 	1
mutateRate 	0.4
mutateChange 	1.0
mutateRatio 	0.5
mutateRateSmall 	0.3
mutateRateLarge 	0.7
wepMax 	0.6
wepMin 	0.2
expAccuracy 	6.0
minTravel 	0.0
maxTravel 	3.0
neuralNetworkClass 	class coursework.MultiVerseOptimisation
Training Set Training
Fitness 0.10176642329148035