-0.7268095655922522,4.131193840664576,-0.09927464262223709,-0.8223979292774797,-0.8631984447443786,2.409192641640967,2.119345169594979,1.4561286623399472,3.120903544961231,4.364397863454177,4.836806526895193,0.755402924932244,5.825943946062847,-0.13596257934875597,0.15295112004803382,-2.680801535825063,2.7951795814061673,-2.592434066095949,2.0852107988065307,4.159144596046633,-2.5432309760333833,-0.5866084842221867,5.415612491548791,-3.413809942939449,-0.9591354490764614,-1.9596222639800007,1.797859493015396,-3.573027677407842,0.07235432152573693,-1.1942223197792554,0.12516900055176494,-0.7129411468385651,0.44796831325890124,3.6735845799972817,2.794166822606146,0.5114572586028381,4.1151940571859855,1.9954034804426615,-1.9532056244996576,3.973122676028199,-1.9635929092772693,0.6442108326307812,1.9286487690534169,-1.7036690257593194,4.808413918644039,2.7923506173727795,1.3319888687570118,0.6054286421915903
numHidden 	5
numGenes 	48
seed 	1586458696333
random 	java.util.Random@76fb509a
popSize 	20
maxEvaluations 	20000
minGene 	-3.0
maxGene 	3.0
tournamentSize 	5
crossoverPoints 	1
mutateRate 	0.4
mutateChange 	1.0
mutateRatio 	0.5
mutateRateSmall 	0.3
mutateRateLarge 	0.7
wepMax 	0.6
wepMin 	0.2
expAccuracy 	6.0
minTravel 	0.0
maxTravel 	3.0
neuralNetworkClass 	class coursework.MultiVerseOptimisation
Training Set Training
Fitness 0.10577072441891731