-0.5938815321498131,-2.785840254327846,3.2463072923383636,1.6452216931253671,1.0711544364945471,-0.567023933134123,4.957786265390697,0.28161606695202235,-1.9489066354426414,-0.4011054270785979,-0.6872049656623641,-3.0496557762686063,3.3791091814208563,-0.17172091983520874,-1.963937988984767,2.289182353231201,1.0997037900347506,0.15783288296943357,-3.7763350971768364,2.429773530955462,-1.3750418234709194,-1.9476323691011908,-1.3813899249445307,-0.32728124051059615,1.4418769699079061,1.0674963152588357,-0.48884872247525973,0.4831565311288272,3.4717360826243255,1.756185582267361,-4.218594917881615,2.1456152467288567,5.560442779115889,-6.002753853002075,2.47752873528958,7.889755279179069,2.7886486342783257,-1.7803558163282556,5.045426354791053,-1.127173458430991,-2.2882393229652274,2.195801824975556,1.3356036891112133,0.7972861331642147,-0.5280971560614125,0.2345998079624362,1.4322474285248146,-0.46070501622229304
numHidden 	5
numGenes 	48
seed 	1586458696333
random 	java.util.Random@76fb509a
popSize 	20
maxEvaluations 	20000
minGene 	-3.0
maxGene 	3.0
tournamentSize 	5
crossoverPoints 	1
mutateRate 	0.4
mutateChange 	1.0
mutateRatio 	0.5
mutateRateSmall 	0.3
mutateRateLarge 	0.7
wepMax 	0.6
wepMin 	0.2
expAccuracy 	6.0
minTravel 	0.0
maxTravel 	3.0
neuralNetworkClass 	class coursework.MultiVerseOptimisation
Training Set Training
Fitness 0.02424299697748606