0.8860743460799252,-0.928096855356235,2.75939354117064,-0.2325337774091553,-3.145102921532394,-2.3529795235270052,1.8264991486323976,-1.8965420349816364,-0.701715247889827,0.464893767625978,-0.5135424467095655,-0.7624843073113801,-2.5007274523601413,-1.2739458231195961,-3.96566481530926,-2.248810051747559,3.5218694427170343,0.8892085257282815,-0.4957706376474129,-2.9145246242819556,-1.4783100123167803,0.24158258124461335,1.4268870558563733,0.8677251290218863,-2.090453634845723,2.140124904235161,-0.21981800517763106,2.8417067731433465,-1.647601911063001,-0.126654309685808,0.17005849545717366,1.2100415459783058,-0.7875590760205912,-0.6344126384727712,2.040280049090143,5.362754924133908,-0.9302613676920239,-0.21107738645959548,-2.638517169794219,1.0479307719777415,3.8289416842788566,-0.003518436063832807,-3.2724364928098906,2.355028846066641,1.413471235547694,0.18065132051723332,3.4113722795451045,4.60832329781011
numHidden 	5
numGenes 	48
seed 	1586458696333
random 	java.util.Random@76fb509a
popSize 	20
maxEvaluations 	20000
minGene 	-3.0
maxGene 	3.0
tournamentSize 	5
crossoverPoints 	1
mutateRate 	0.4
mutateChange 	1.0
mutateRatio 	0.5
mutateRateSmall 	0.3
mutateRateLarge 	0.7
wepMax 	0.6
wepMin 	0.2
expAccuracy 	6.0
minTravel 	0.0
maxTravel 	3.0
neuralNetworkClass 	class coursework.MultiVerseOptimisation
Training Set Training
Fitness 0.008637496216167391