1.0670414877274836,-2.5744546593445605,1.984980923131167,0.002844799948971315,1.3105487990979034,0.6070083706821274,0.8349095967913577,2.2876071992527334,-3.5278163558191125,1.6570545427194234,-1.3607808754350972,-1.3569863296548685,2.905254277352686,-3.420343973158526,-1.8212585978774118,-2.1636841222620022,3.3273840353931528,0.5671087659869675,-4.212615137070579,0.6527577437571571,3.8275381887139153,0.7155019836542945,1.7950428057789,-0.5619202714791651,-5.6744176840073095,5.3069520323144594,-0.5751534956226058,-4.4373128236950325,0.3633245669557117,-2.1346613152042426,-0.18962685430681897,0.7530679467282535,1.0678109267716898,-5.1762271360448695,1.4212916805776206,5.262235692547121,2.4356058243454566,1.7619015959674518,-1.2227987947974015,-1.016013712321276,1.958026072946845,-2.3964804463847202,0.8636275652507378,-1.9621565409282002,-3.1965802547472895,1.3127804149211102,-0.8512379427350132,-2.3275143062124553
numHidden 	5
numGenes 	48
seed 	1586458696333
random 	java.util.Random@76fb509a
popSize 	20
maxEvaluations 	20000
minGene 	-3.0
maxGene 	3.0
tournamentSize 	5
crossoverPoints 	1
mutateRate 	0.4
mutateChange 	1.0
mutateRatio 	0.5
mutateRateSmall 	0.3
mutateRateLarge 	0.7
wepMax 	0.6
wepMin 	0.2
expAccuracy 	6.0
minTravel 	0.0
maxTravel 	3.0
neuralNetworkClass 	class coursework.MultiVerseOptimisation
Training Set Training
Fitness 0.009848003477097916