4.5135510218263555,-3.943299041289439,4.798491524967593,1.2231997775430319,1.6357977973845044,1.147000490348554,3.4734512980520673,-2.9757240086782693,3.3630716315976663,4.357974153477354,9.968420330298617,-1.7341047012091177,0.15645760858641022,2.168107695881318,2.147580344966107,0.8501537886413866,0.15889904861287896,3.290198143993754,-1.6513381107008929,8.00308518667301,-0.07909016374967148,-2.5315671906386523,0.8190005335496897,2.45431805795336,1.4048437093507564,-0.22256929401781766,0.024248398001072147,-3.8855282526082275,-6.800947003260106,-0.24983886882118966,3.9463274751039488,-8.461704520841591,-2.059824949281787,-5.052157964214047,-1.6464975851231722,4.793794372770602,-3.3422894022720397,1.383954476152189,-4.076589169011054,6.4631506272117445,3.3546290853241203,-0.03533476688656778,6.09586630950732,-4.512461842853928,8.562956524339718,1.2544363523800413,2.545753647637577,-3.4418388064349346
numHidden 	5
numGenes 	48
seed 	1585780198280
random 	java.util.Random@76fb509a
popSize 	80
maxEvaluations 	20000
minGene 	-3.0
maxGene 	3.0
tournamentSize 	5
crossoverPoints 	1
mutateRate 	0.4
mutateChange 	1.0
mutateRatio 	0.5
mutateRateSmall 	0.1
mutateRateLarge 	0.8
wepMax 	1.0
wepMin 	0.2
expAccuracy 	6.0
minTravel 	0.0
maxTravel 	2.0
neuralNetworkClass 	class coursework.ExampleEvolutionaryAlgorithm
Training Set Training
Fitness 0.005657129334331107