-3.8893736146374716,-3.738772059829831,-0.5777787471475775,-1.7593336055445692,-11.94541241988441,2.7171493247170435,2.368276350817492,6.921412901177174,4.206987086671904,2.1514689565235647,1.393339627773977,0.5713766979983301,2.9300566694073833,-1.0089502650755309,-7.782304285884214,2.8140843538639473,4.617977034225768,9.952984490526797,4.442225589272226,8.230910401336974,-1.9031394313440773,-7.471278899301957,1.9406524478106695,0.15622880322622823,0.8656684289777896,-0.5193321680777192,-7.055622546532192,-0.2564604401225692,-4.341491821621232,-0.13632879018960686,0.1993828149027781,0.6612784764660047,2.4857744304772034,6.276117722284396,6.773808358055927,1.469284822517949,-1.4947132684194244,-0.9255932730503229,9.913864906270545,-1.6271400115077097,-5.003002212332383,-3.7118450019366875,-8.5163092519058,8.045503513434515,0.3345622020246477,3.9189382769615815,1.6518158010022752,-0.8021080051385292
numHidden 	5
numGenes 	48
seed 	1585780198280
random 	java.util.Random@76fb509a
popSize 	80
maxEvaluations 	20000
minGene 	-3.0
maxGene 	3.0
tournamentSize 	5
crossoverPoints 	1
mutateRate 	0.4
mutateChange 	1.0
mutateRatio 	0.5
mutateRateSmall 	0.1
mutateRateLarge 	0.8
wepMax 	1.0
wepMin 	0.2
expAccuracy 	6.0
minTravel 	0.0
maxTravel 	2.0
neuralNetworkClass 	class coursework.ExampleEvolutionaryAlgorithm
Training Set Training
Fitness 0.007558229487988391