-7.970076224781788,2.241044665179147,10.965837234870543,2.995504385469867,1.2989183327732015,2.4565914116677554,-1.987594447437056,-3.6532767409021902,7.733371752134316,4.767035927014463,-13.787241405840117,8.690993347767742,0.2877985088269508,8.058481789653968,2.8658102879394125,10.94554289868529,-6.505354976568366,1.4067785671345865,9.34670225399743,-1.9611644358619635,2.5456839855065865,-2.4433695275780707,5.187358942628152,-0.0862303621746019,2.697487107285985,-0.4787874480244958,4.075156885512419,5.649688805027863,-0.09999373236530396,-11.854106717103527,-11.379017239756525,5.015297912614899,5.442053325947489,-0.5654861976121515,1.0199507318548164,3.40624287934118,0.7277658562094906,2.9564691437988824,-6.95318759862964,-4.26312440221268,-4.047690297225417,8.719538745544183,3.2744251197843717,1.0350679015311464,-5.571066532679504,2.259909236835788,-8.625900877268485,-1.0913175885890647
numHidden 	5
numGenes 	48
seed 	1585780198280
random 	java.util.Random@76fb509a
popSize 	80
maxEvaluations 	20000
minGene 	-3.0
maxGene 	3.0
tournamentSize 	5
crossoverPoints 	1
mutateRate 	0.4
mutateChange 	1.0
mutateRatio 	0.5
mutateRateSmall 	0.1
mutateRateLarge 	0.8
wepMax 	1.0
wepMin 	0.2
expAccuracy 	6.0
minTravel 	0.0
maxTravel 	2.0
neuralNetworkClass 	class coursework.ExampleEvolutionaryAlgorithm
Training Set Training
Fitness 0.007899392416905248