-8.36322036965974,1.4792983591792588,-4.891552077809926,2.855008577060886,-1.130183303272982,1.323948611053499,-4.748346436048195,-0.44565369674703703,-2.2613864756880124,-6.37610463450264,-9.015966632541103,-0.6317463076022127,-4.720992507061556,-8.383269294169722,-3.908160736977936,5.545777295728649,-3.7094644272532555,-2.7112402866084384,-5.086590772444451,-8.530622995787198,0.011313306979454651,-0.3025118757221881,9.873921044357154,-2.3901617589219066,-1.022913934904139,-0.34937352416311906,0.16662230639208175,1.97388728757765,-4.9589282469620475,0.7108906359575631,-4.328840124376779,6.574547643196641,2.9994143699940903,0.1562518769003871,-1.8536881383643866,-8.81044154921458,-4.100418008227367,1.984199953550295,3.7148866687690756,-0.2584681774523556,0.28677323735241345,1.7106890730741036,-1.8199665708431905,-4.6106091582632285,-4.991366327710413,3.4545665010977533,1.888362177868518,2.137960978633928
numHidden 	5
numGenes 	48
seed 	1585780198280
random 	java.util.Random@76fb509a
popSize 	80
maxEvaluations 	20000
minGene 	-3.0
maxGene 	3.0
tournamentSize 	5
crossoverPoints 	1
mutateRate 	0.4
mutateChange 	1.0
mutateRatio 	0.5
mutateRateSmall 	0.1
mutateRateLarge 	0.8
wepMax 	1.0
wepMin 	0.2
expAccuracy 	6.0
minTravel 	0.0
maxTravel 	2.0
neuralNetworkClass 	class coursework.ExampleEvolutionaryAlgorithm
Training Set Training
Fitness 0.007868564125895951