-3.484083381672262,9.073090682992447,4.3328981211976405,0.6752600283267869,-1.203929101567609,2.045566858079779,1.0441472828047864,-4.581330157711756,3.4433602209889216,-9.737995081654164,-2.7239481072200924,5.789835419788917,2.3894198403832476,8.109177673498628,-1.891892924649909,-1.675015482154354,-1.119910187689495,2.692640621709683,-5.6797492390909925,-12.582649476194861,2.53818979342074,1.7573081709297858,1.3530003403697703,-0.2957149240221566,-1.356513875450248,-0.5761000801822531,-0.43810224858945457,6.789497118528514,1.5257852177141595,0.4081878317671439,-6.862214611769231,4.4038744211532155,-2.2223644371303095,11.497399435068727,-0.7660117785293146,-0.19600476690537105,-2.709297096317915,-5.811954701567413,0.992594358279602,0.5249091085343993,-1.8210520595120765,-1.260248404729487,6.190869609207873,0.8008157963967113,-8.182084797106045,0.7236339710586668,1.540073162645954,0.5070449231365091
numHidden 	5
numGenes 	48
seed 	1585780198280
random 	java.util.Random@76fb509a
popSize 	80
maxEvaluations 	20000
minGene 	-3.0
maxGene 	3.0
tournamentSize 	5
crossoverPoints 	1
mutateRate 	0.4
mutateChange 	1.0
mutateRatio 	0.5
mutateRateSmall 	0.1
mutateRateLarge 	0.8
wepMax 	1.0
wepMin 	0.2
expAccuracy 	6.0
minTravel 	0.0
maxTravel 	2.0
neuralNetworkClass 	class coursework.ExampleEvolutionaryAlgorithm
Training Set Training
Fitness 0.006740043049514041