0.47809933670020577,-1.338947953680778,10.24610524725537,-4.024169223558099,-4.469411043229665,5.127506144675569,0.46032686716281823,3.3115157856561463,9.377909201005313,2.9722467257380316,-3.800020280853353,-2.485698207376906,13.141472228802622,-3.283154217652883,-9.673672140012865,-7.340014733913914,1.5738951886421622,-0.4765878474205447,1.7297658168022192,-4.890609719268934,3.424710306533349,-5.1809198401299295,-5.949226567398342,-5.082749236632852,-0.6572733521589527,6.639126529339539,-6.679832492789208,-0.016504221855341505,-2.8260528598521475,-8.299043795079358,12.25741026426958,0.17180797439919893,1.0490120713130215,-2.4351592562390216,-1.5197508836558562,-2.789902975882095,1.2657217068118207,-10.316650484160586,4.776322844732715,4.2090031398510455,4.228053575355331,4.006648405768667,1.5246172835336065,1.329099555961589,2.2491575461330706,9.186610762596482,3.6299458403076423,-0.262446953353102
numHidden 	5
numGenes 	48
seed 	1585780198280
random 	java.util.Random@76fb509a
popSize 	80
maxEvaluations 	20000
minGene 	-3.0
maxGene 	3.0
tournamentSize 	5
crossoverPoints 	1
mutateRate 	0.4
mutateChange 	1.0
mutateRatio 	0.5
mutateRateSmall 	0.1
mutateRateLarge 	0.8
wepMax 	1.0
wepMin 	0.2
expAccuracy 	6.0
minTravel 	0.0
maxTravel 	2.0
neuralNetworkClass 	class coursework.ExampleEvolutionaryAlgorithm
Training Set Training
Fitness 0.09595833165372349