0.45839750727393636,-3.290545061480964,6.052529015263542,2.5201883078730845,2.871075136171852,4.39877027510013,-3.276740980741504,6.70884315127182,-10.356974349714228,2.0408607622347867,-0.1381745933850942,-1.8772160483909053,10.159695093133758,4.955260918620639,4.0301201509849545,-9.265299143878718,-7.855462826990597,6.201310503545282,-2.329824796522424,-4.025716252861227,5.834411845453332,-3.4610589444603623,-2.5333222685036505,-0.6123783349495042,4.408450075997254,-1.6577403066010579,1.3979519728126482,0.8704075876383204,1.1191779463706428,0.7397077668815388,9.778973746705201,-0.9959073720305174,-5.69680277591357,-9.099534804720081,4.5261475315068695,-2.130720617778989,1.133522760933027,-7.210343080438054,1.9108736673621367,9.65518153765861,-3.037619050438897,-11.723125891488923,-0.6945486489143731,3.6959485050181637,0.9316554172138254,-3.257377008419035,-0.6551446589711611,3.1710860653623003
numHidden 	5
numGenes 	48
seed 	1585780198280
random 	java.util.Random@76fb509a
popSize 	80
maxEvaluations 	20000
minGene 	-3.0
maxGene 	3.0
tournamentSize 	5
crossoverPoints 	1
mutateRate 	0.4
mutateChange 	1.0
mutateRatio 	0.5
mutateRateSmall 	0.1
mutateRateLarge 	0.8
wepMax 	1.0
wepMin 	0.2
expAccuracy 	6.0
minTravel 	0.0
maxTravel 	2.0
neuralNetworkClass 	class coursework.ExampleEvolutionaryAlgorithm
Training Set Training
Fitness 0.011588038003465936