-3.53385829289666,5.5831443603087925,-3.3756712032442104,9.160772480004312,-2.7755593500829114,-0.7290913266075929,6.447867202224828,-3.610787769170507,-4.722057475676193,7.432262340749389,0.7251636975649278,8.24751660414302,1.628194104329185,1.3358384588803816,-5.720750885297001,-1.4402833909585442,4.932793570494374,2.734703758095021,2.9841293914541502,10.446165520970311,-3.825023609929504,0.39605755658579644,4.380337381751831,-0.5668486234561465,1.1893272510482538,3.467292646280887,-0.3470515980833335,-4.65701190972085,0.36779225502426005,-0.5848847407183202,-0.5494820862823757,2.7641346849004966,0.972495689674485,12.055329765551296,-12.466840879065899,5.4316836579071595,-3.653278349825327,3.087937869780456,-0.2655723645460695,4.152397695212695,-7.170558053022531,-0.1821615546383022,-2.80664248692275,5.492654813014038,10.449201104412474,-5.515300620408899,-1.4133743512690788,3.6232751725403753
numHidden 	5
numGenes 	48
seed 	1585774757035
random 	java.util.Random@76fb509a
popSize 	80
maxEvaluations 	20000
minGene 	-3.0
maxGene 	3.0
tournamentSize 	5
crossoverPoints 	2
mutateRate 	0.4
mutateChange 	1.0
mutateRatio 	0.5
mutateRateSmall 	0.1
mutateRateLarge 	0.8
wepMax 	1.0
wepMin 	0.2
expAccuracy 	6.0
minTravel 	0.0
maxTravel 	2.0
neuralNetworkClass 	class coursework.ExampleEvolutionaryAlgorithm
Training Set Training
Fitness 0.00904525459092971