3.5062461111932786,-1.2549778790179742,7.1993083584211295,-6.790974590040196,3.744250650563891,-2.3134136176984077,-0.7488202125837091,-1.7130869484480273,3.0161697020446816,3.7420678165178227,1.546057368817825,4.508135823784125,2.223068833569444,3.3254283289176465,5.10992712146655,-4.52513509164565,-7.115816765114403,1.7289013440656804,4.549381836183514,2.8756111372595488,0.4139832879756362,-2.9176957581327567,-6.200091699947199,-0.3650056265536321,-0.11524136690336828,-0.5013086811291334,0.14908908084021633,-2.323389091650933,1.6906740200851749,-0.06236067878777973,-0.5740426810406163,-0.6824974326184821,-1.3084774760814586,2.409137923333276,-4.2764718012030976,-1.85419004997004,1.5337520377852503,0.01208229564801222,1.9898663035491557,-0.9529597707798976,3.3557165741195725,1.892431490951206,2.3267989250871537,-5.448897944730279,4.620838949387734,1.4008401333521174,-3.7783898480379197,-0.527357329842653
numHidden 	5
numGenes 	48
seed 	1585774757035
random 	java.util.Random@76fb509a
popSize 	80
maxEvaluations 	20000
minGene 	-3.0
maxGene 	3.0
tournamentSize 	5
crossoverPoints 	2
mutateRate 	0.4
mutateChange 	1.0
mutateRatio 	0.5
mutateRateSmall 	0.1
mutateRateLarge 	0.8
wepMax 	1.0
wepMin 	0.2
expAccuracy 	6.0
minTravel 	0.0
maxTravel 	2.0
neuralNetworkClass 	class coursework.ExampleEvolutionaryAlgorithm
Training Set Training
Fitness 0.011906968130788589