1.242782381565151,-7.726972006869843,-1.0725113020266468,-3.745236652805552,-4.606155498705402,-4.88641533700773,1.9921419074086018,14.310711946803911,1.8971319514223115,-4.407925394113679,0.524612961911135,-4.343691328861423,1.5854617953137975,-9.262826385569673,-8.307767287115302,-11.221760259343302,0.048333440123651705,3.173696954556055,0.06741434310655725,4.260691464430735,-4.8657483716457355,-1.057739599246875,-5.922844683632185,11.833212700264754,0.048337966048822345,0.8554568614344165,-0.45732581979920317,-0.38636498217608883,-1.4483798681188382,0.7936123314535344,-5.88890634021152,-5.543656976636461,-3.3956894166273788,-9.047917499486402,3.7475049338696875,-1.2076278005518395,-2.730257669023074,5.214080849910994,5.727196339751794,-5.09559891393645,2.7810731649366907,0.7856508774456339,-10.666474061993027,5.060001140486307,0.6494336241952352,3.5463852861358394,-0.34968217529818446,1.6438160297745812
numHidden 	5
numGenes 	48
seed 	1585774757035
random 	java.util.Random@76fb509a
popSize 	80
maxEvaluations 	20000
minGene 	-3.0
maxGene 	3.0
tournamentSize 	5
crossoverPoints 	2
mutateRate 	0.4
mutateChange 	1.0
mutateRatio 	0.5
mutateRateSmall 	0.1
mutateRateLarge 	0.8
wepMax 	1.0
wepMin 	0.2
expAccuracy 	6.0
minTravel 	0.0
maxTravel 	2.0
neuralNetworkClass 	class coursework.ExampleEvolutionaryAlgorithm
Training Set Training
Fitness 0.01121658593762074