-5.144566014812852,2.1273284099812546,-10.569388931390943,1.745124197936272,-6.549135430875969,1.9429419478224528,3.2557433271888954,-1.9479419181026696,-11.385741385575516,-1.7121770515722154,-3.4419494144748235,-1.0436996704257409,-4.20231196048481,0.7705009329983481,3.770635201259183,-9.375818685159937,5.662231320516293,-5.050857839205555,-11.817419858103623,6.520977571785524,8.247529154955853,-0.16084311254835315,-2.8851215435754023,0.5410547943724282,1.5015392313411295,-4.496404768089578,-6.148003485982778,0.8966177036835665,0.28559413439964754,3.5763552555129428,0.49670007938776717,10.968503122291345,-1.0169663744506998,-1.438175721649503,1.914160735307127,8.517167421503665,-10.863663343328213,0.16477216803922712,-3.723667100582226,-1.842826245415969,4.424238307296919,-9.899860611278088,0.2529280895582735,-4.406452908213712,7.710993611562371,0.06030070514800201,2.8860429795352696,-1.740085739801689
numHidden 	5
numGenes 	48
seed 	1585774757035
random 	java.util.Random@76fb509a
popSize 	80
maxEvaluations 	20000
minGene 	-3.0
maxGene 	3.0
tournamentSize 	5
crossoverPoints 	2
mutateRate 	0.4
mutateChange 	1.0
mutateRatio 	0.5
mutateRateSmall 	0.1
mutateRateLarge 	0.8
wepMax 	1.0
wepMin 	0.2
expAccuracy 	6.0
minTravel 	0.0
maxTravel 	2.0
neuralNetworkClass 	class coursework.ExampleEvolutionaryAlgorithm
Training Set Training
Fitness 0.0331045728073945