-0.872048254538498,-0.33486390233037,0.8137619504264659,-0.7518726163373298,1.438651808208044,-1.0549676970799835,-2.4751254523740354,-3.439966066607745,-0.5685318085716372,-0.24835013302825643,-0.8027930111179028,1.2298988943326001,2.8071948111569767,-5.531192981031039,-1.3237950388872597,1.3983929010629939,-0.8456913986056929,-0.1734871021016035,-0.89245906887969,-2.0249408756534817,-2.1634267061321286,1.2692937736836931,2.9312672916372766,0.6340828308573178,-2.7001551888599153,-0.6339443483003522,2.5297634678761756,0.4771220680525826,0.4850005271106713,1.3771187169280372,-1.3026735353208945,-0.6355528561159931,-0.14658905307402004,1.7236069771499352,0.6764656179785784,0.9252621942084989,-0.3216804404422429,-0.3849735600655693,-3.110976559584701,0.9542593222840834,5.441948627669088,-3.4292542207829295,0.4557212977131952,-3.117586197468334,0.4661161054861063,3.927644163766762,-0.6005410216085949,-0.2503780388737637
numHidden 	5
numGenes 	48
seed 	1586389358770
random 	java.util.Random@76fb509a
popSize 	30
maxEvaluations 	20000
minGene 	-3.0
maxGene 	3.0
tournamentSize 	5
crossoverPoints 	1
mutateRate 	0.4
mutateChange 	1.0
mutateRatio 	0.5
mutateRateSmall 	0.3
mutateRateLarge 	0.7
wepMax 	1.0
wepMin 	0.2
expAccuracy 	6.0
minTravel 	0.0
maxTravel 	3.0
neuralNetworkClass 	class coursework.MultiVerseOptimisation
Training Set Training
Fitness 0.09419156300610049