-1.7411997407555435,4.296756463963323,3.3618469212118947,-0.12834608564854452,1.811990818626369,-3.2321393685226014,-0.8930725402817374,-2.538626327612634,-2.3648481093031224,2.133392264518283,-2.6264377654617816,-3.8557808051293545,1.2470793444671016,-2.243823197023436,4.597431018657196,-1.247616204378356,-2.524004017618428,-3.7191854901346315,0.7315650725585863,0.5855816122542812,1.6891668325249782,1.091962439134727,-1.3459082359394647,0.3804905259685948,4.407483543778378,-0.04530719328709906,2.6433983640630263,1.2609867228418696,3.023250922640403,4.716679209119759,-0.8225660573880609,3.8349089468085023,-6.088727116214262,-0.7070940249759415,-4.907543933423321,-0.6406638725374287,2.8692852605078394,-1.433659826283817,-4.6633732742079905,3.5452708893692835,-0.17874705547312475,0.2275384967552318,-2.413822377802355,3.9474909285435107,1.2532409033963463,-2.621573235862157,-0.07176865172618047,2.6299470153324633
numHidden 	5
numGenes 	48
seed 	1586389358770
random 	java.util.Random@76fb509a
popSize 	30
maxEvaluations 	20000
minGene 	-3.0
maxGene 	3.0
tournamentSize 	5
crossoverPoints 	1
mutateRate 	0.4
mutateChange 	1.0
mutateRatio 	0.5
mutateRateSmall 	0.3
mutateRateLarge 	0.7
wepMax 	1.0
wepMin 	0.2
expAccuracy 	6.0
minTravel 	0.0
maxTravel 	3.0
neuralNetworkClass 	class coursework.MultiVerseOptimisation
Training Set Training
Fitness 0.015439981908410404