0.9920568084346092,1.6049935541764293,-1.0646536185972617,-2.8334727652367664,-4.226054523372407,3.922672250912277,6.181835075285395,0.9836508916529788,-1.5198667836282174,-0.683163194881688,1.6260572062058571,1.0505400995083807,-2.622951259444165,3.941898208651612,-7.351963891709578,0.24653005235746303,4.1049265445394845,1.4693779360503196,-2.035698589134414,1.4136530000677643,2.024786137782373,-1.2777246567656648,3.766727400966156,0.41409916456136503,-0.5915113988257076,2.754231980021461,-1.6259982326476414,-2.318007066239139,-3.1336058647965626,-0.29497982117814764,-2.43671646133435,0.7506119500841232,4.422407814060642,-0.6523768671041418,-2.8264804713917298,5.724028317280686,1.666550052952032,3.4655112237634316,-0.7056079554010426,-0.29212744914208755,0.3975352315847317,-0.4146182168021852,-2.4909214635528634,3.4228000105217795,0.6513341579908707,1.1832555611137552,1.5742580885016935,-0.1291777047054018
numHidden 	5
numGenes 	48
seed 	1586389358770
random 	java.util.Random@76fb509a
popSize 	30
maxEvaluations 	20000
minGene 	-3.0
maxGene 	3.0
tournamentSize 	5
crossoverPoints 	1
mutateRate 	0.4
mutateChange 	1.0
mutateRatio 	0.5
mutateRateSmall 	0.3
mutateRateLarge 	0.7
wepMax 	1.0
wepMin 	0.2
expAccuracy 	6.0
minTravel 	0.0
maxTravel 	3.0
neuralNetworkClass 	class coursework.MultiVerseOptimisation
Training Set Training
Fitness 0.018642442016223473