1.846456799443212,3.5903920928697004,-0.027122320820785223,-2.409195937556524,2.078276531969024,5.647225221971624,0.4819606876455035,-2.9876128641180113,3.4210801847380705,-3.6916426249387846,4.2305172902051185,0.8908518535123483,3.033234046808542,-1.8086318955400638,1.8450983264466003,0.7432366148664734,3.9444156715017775,0.6152553638035874,2.657330179060689,1.9615632140899537,-1.642124398498202,2.30691391946557,-2.5962611569346414,-0.4211120504220815,-1.0150558038331814,-0.012178285838954061,-1.7648904709931132,-2.1200742657500866,0.49105925830178127,-2.1669677970047916,3.6386655849352483,-3.6958266234884665,3.54307319726316,-1.5539555563737095,3.6395620667063895,2.6345407015439863,-0.5156447032568969,0.46793666896376596,0.9457241769534459,-3.439270604399459,2.6163053501543234,0.6968685095616718,4.174409263171195,-1.5431208991681926,-0.4803003433159765,3.916255151178907,0.6391248691059901,2.617176916427268
numHidden 	5
numGenes 	48
seed 	1586389358770
random 	java.util.Random@76fb509a
popSize 	30
maxEvaluations 	20000
minGene 	-3.0
maxGene 	3.0
tournamentSize 	5
crossoverPoints 	1
mutateRate 	0.4
mutateChange 	1.0
mutateRatio 	0.5
mutateRateSmall 	0.3
mutateRateLarge 	0.7
wepMax 	1.0
wepMin 	0.2
expAccuracy 	6.0
minTravel 	0.0
maxTravel 	3.0
neuralNetworkClass 	class coursework.MultiVerseOptimisation
Training Set Training
Fitness 0.007759561490759638