2.064764689187382,2.1593638588121595,0.06350158326832965,-4.826811875338443,-0.16325120088305684,-4.486854007040803,-1.7234030036534658,-3.2108088343687635,0.029962707272683707,0.9631835270442317,3.5072483916809127,0.7592795050325184,4.078816764118406,-6.2178100148757744,-3.5807150088809556,-2.232695627407655,-0.7650867258190746,-3.302735435136559,-2.0950083467136156,-1.0782536900609514,0.2380727664959063,2.266141705401974,-0.2175659800308259,-0.7725361136369112,4.053908612079934,0.5291878262580848,2.3183898838634125,-0.6025977781395736,0.015621766400067662,1.3120663205512675,-1.2673158293107303,-1.9199744462671846,-2.888720085196724,3.1399657247370905,-4.374103894923121,-2.2715481164988183,1.2146017433477276,-3.27316849404722,-6.540943505039013,-3.771763219023162,3.4166752680920363,1.0803468172259358,-1.6153281260504624,-1.4347303319302072,-1.0073210150081535,-0.839157644457348,4.200101206432208,0.16979668731050906
numHidden 	5
numGenes 	48
seed 	1586389358770
random 	java.util.Random@76fb509a
popSize 	30
maxEvaluations 	20000
minGene 	-3.0
maxGene 	3.0
tournamentSize 	5
crossoverPoints 	1
mutateRate 	0.4
mutateChange 	1.0
mutateRatio 	0.5
mutateRateSmall 	0.3
mutateRateLarge 	0.7
wepMax 	1.0
wepMin 	0.2
expAccuracy 	6.0
minTravel 	0.0
maxTravel 	3.0
neuralNetworkClass 	class coursework.MultiVerseOptimisation
Training Set Training
Fitness 0.008867771938739586