2.112708384688135,-0.7842734945486786,-1.007591601135596,0.984318988082561,1.3828326680253973,0.164947882424248,1.7504252683262531,3.608848032161139,6.104666396440894,1.9839297140942986,4.326865446557947,-0.6502439506775092,-3.223026953988034,-2.2952369899685277,1.7781307979711614,2.4686675341534663,-0.9510253940743842,0.39285020867578657,3.46152789508684,2.181045785018898,-1.146375717639577,0.7506625204061368,-1.782216764203672,-0.711902035270645,-3.535461773798323,-0.040748929179752084,0.6878480092369752,0.6753642309515301,-0.826997802605062,-2.292790548685842,4.586764840653936,-2.85929419196879,1.9190970666691258,1.3548936787145216,-2.524167935515275,1.840311369902788,-4.637045533572279,1.261056876607832,3.295247348047437,2.4029836275012326,-0.48731194561261887,2.5455846993675144,-2.335569333716386,-3.0243149932402376,-0.5903211582009242,1.5226811282738268,-2.69993529691633,-1.9852765041386355
numHidden 	5
numGenes 	48
seed 	1586389358770
random 	java.util.Random@76fb509a
popSize 	30
maxEvaluations 	20000
minGene 	-3.0
maxGene 	3.0
tournamentSize 	5
crossoverPoints 	1
mutateRate 	0.4
mutateChange 	1.0
mutateRatio 	0.5
mutateRateSmall 	0.3
mutateRateLarge 	0.7
wepMax 	1.0
wepMin 	0.2
expAccuracy 	6.0
minTravel 	0.0
maxTravel 	3.0
neuralNetworkClass 	class coursework.MultiVerseOptimisation
Training Set Training
Fitness 0.007514071926182486