-2.2176036592403965,-1.212895316930247,1.4120404444675525,-0.09249795081916352,3.712554991296184,2.3153211204368325,-3.5104629535207916,-2.8426640617497796,2.5879809471368387,-2.634483026390315,-2.4099939253787164,-2.5836963926344088,1.6755726089967578,-0.16252214139109325,1.6487981411211632,2.7402035555211293,-0.1501231520788347,-4.035217304247445,0.9880190173391676,-4.0541506710822155,1.4428162788179708,0.6335531121208859,-1.53724668034337,-0.24935074121081158,-1.0110143795492323,-2.3187355790808097,-0.4682896786784173,-1.0196108577933332,4.875077022881869,-0.4415560883244748,-1.8130353192955833,4.322101976669597,3.609744440893181,-2.009255598291388,5.00005095686594,-3.4102196163868745,-2.232120053255274,0.32215392874305987,0.7520402198763106,-1.155661917707014,3.4178201852809065,0.13689618385658947,1.739431789684314,-1.987982701424878,-6.34684373335632,-2.513265359527006,1.6868687024948044,-0.9721888134003543
numHidden 	5
numGenes 	48
seed 	1586389358770
random 	java.util.Random@76fb509a
popSize 	30
maxEvaluations 	20000
minGene 	-3.0
maxGene 	3.0
tournamentSize 	5
crossoverPoints 	1
mutateRate 	0.4
mutateChange 	1.0
mutateRatio 	0.5
mutateRateSmall 	0.3
mutateRateLarge 	0.7
wepMax 	1.0
wepMin 	0.2
expAccuracy 	6.0
minTravel 	0.0
maxTravel 	3.0
neuralNetworkClass 	class coursework.MultiVerseOptimisation
Training Set Training
Fitness 0.007890030529912849