-2.4649474602147663,4.388802804246534,-1.2087249521710601,-0.6468212395537384,-1.3506362023180298,-0.48723771030991064,1.3674231285338523,4.124434414804966,1.3046910955685662,3.5048537469429997,-0.4764038831352013,3.8637540368693335,-0.4438542633125247,-0.1170133798169589,0.6507300613919919,0.0835318760048805,2.210280355766996,0.8996581608085158,3.8481758394580132,0.905194358872894,-1.1970208018935298,-0.21119827090049204,-3.0069076033676305,3.0129065785499494,-0.573352626459444,3.4515589160971976,-0.00290665458229047,0.8592019460260805,-1.432704305213322,3.193474027534561,3.3104315885176425,4.7284881293605805,-3.6175142184954785,3.0700063240819384,-2.820984688266338,1.150045734418115,-1.924223203131571,-2.775578657663328,4.557117123280203,2.646218944124173,5.017960157334524,0.9505328861809347,1.0170292386730542,1.600269169584585,2.947497459212094,-1.5844619713868453,-0.564249450597295,-1.8982034098026697
numHidden 	5
numGenes 	48
seed 	1586389358770
random 	java.util.Random@76fb509a
popSize 	30
maxEvaluations 	20000
minGene 	-3.0
maxGene 	3.0
tournamentSize 	5
crossoverPoints 	1
mutateRate 	0.4
mutateChange 	1.0
mutateRatio 	0.5
mutateRateSmall 	0.3
mutateRateLarge 	0.7
wepMax 	1.0
wepMin 	0.2
expAccuracy 	6.0
minTravel 	0.0
maxTravel 	3.0
neuralNetworkClass 	class coursework.MultiVerseOptimisation
Training Set Training
Fitness 0.017404824373037354