-0.06642272090877792,-1.1088634642875168,-3.483456566146617,3.088320595847376,1.5314086939696745,2.4502556191278764,-1.2635120454205395,-1.5105329422980374,3.8532235945927735,2.4347611227831436,-1.782896433499069,1.0221688606969925,-1.43795084633818,1.3497456346734553,0.2270545510344816,0.4030803196594707,-4.5816439313795945,2.205048919197235,4.110728891466102,-1.4957870153233848,-2.696071569829121,-2.550574628831139,3.089736266469437,0.5396077971927024,-1.2658992851021782,0.5694955076224294,2.470527633674594,-0.3099248586620628,-0.3240655750163068,1.067951805450558,-1.8025528005159186,-2.6305101977208483,3.296571904667342,4.384219407504417,-1.9301179879944912,0.9384951754440404,-1.993986909927353,0.2863372420980821,1.8747016140301596,1.279225036818148,-5.325727040853615,3.822315542659761,-0.9884533983640664,-3.818954803810568,-1.9579159414434035,-2.872037568486426,4.305288416758354,0.31882313135628776
numHidden 	5
numGenes 	48
seed 	1586389358770
random 	java.util.Random@76fb509a
popSize 	30
maxEvaluations 	20000
minGene 	-3.0
maxGene 	3.0
tournamentSize 	5
crossoverPoints 	1
mutateRate 	0.4
mutateChange 	1.0
mutateRatio 	0.5
mutateRateSmall 	0.3
mutateRateLarge 	0.7
wepMax 	1.0
wepMin 	0.2
expAccuracy 	6.0
minTravel 	0.0
maxTravel 	3.0
neuralNetworkClass 	class coursework.MultiVerseOptimisation
Training Set Training
Fitness 0.007376139244786533