-9.126969661719109,-1.7585607501357932,-2.246884072919901,11.349346962939155,-3.3845977509291787,5.166707513708163,-3.5683596940028286,4.63427570457614,-0.5763586182432907,-1.3456545296095332,-5.470543159040517,-3.322962235640529,-0.07694961107377019,-1.179320640486758,-2.572843809578621,4.114444586819003,2.1554318174684575,6.242524600500087,6.7908032470353445,-2.6900735912775238,-1.4306401424055273,-1.545347440100171,-0.0703264909310315,-6.617684545279459,-2.485747588351602,-0.10006378794285897,-3.9399213970189795,0.4222457440572107,-3.930303681204787,-4.793517841222442,-3.0122871801501745,3.074448412251545,-1.0117878128768028,-3.2188097442770633,0.0685721079836421,-0.4904358430995952,-2.29962766022937,3.5744155788312924,4.1580979289379165,5.704707460994474,2.495937537968879,-0.07685758355421957,0.7953123717430985,4.855462574267543,-0.14560170087129687,3.6203148721431484,6.093318439690178,-2.448387427619979
numHidden 	5
numGenes 	48
seed 	1585757119067
random 	java.util.Random@76fb509a
popSize 	80
maxEvaluations 	20000
minGene 	-3.0
maxGene 	3.0
tournamentSize 	5
crossoverPoints 	1
mutateRate 	0.5
mutateChange 	1.0
mutateRatio 	0.5
mutateRateSmall 	0.1
mutateRateLarge 	0.8
wepMax 	1.0
wepMin 	0.2
expAccuracy 	6.0
minTravel 	0.0
maxTravel 	2.0
neuralNetworkClass 	class coursework.ExampleEvolutionaryAlgorithm
Training Set Training
Fitness 0.019366416148654808