3.0156210035380706,7.249420030287885,-4.142457943400673,-3.282120243465231,2.1769701882105457,3.9823409070137483,-0.8840784530122905,-4.191762250801812,15.707911979644798,10.92550244034411,3.3289162448241374,-2.3487708034382617,3.0000118926708543,-10.735327047326582,-0.3912203216876211,2.113373187001244,4.637177522611925,4.527368960498941,-3.192226611489378,14.450344390194921,-0.21721881660276843,1.7304906958683093,-0.712708063692352,-2.8298146535416873,1.4696035858452863,4.983472299310613,-6.202463186592038,2.2834625057007614,-0.6320694152156436,-0.23253915282908633,1.0548445304176806,-13.381728910848892,-3.6640175626284313,0.9246299912085139,-7.842438653231952,-0.3739894864754669,-3.1902433411186024,6.70141795139155,5.60316980897284,-7.852127648543879,13.620495088274073,10.425395641270617,0.2694254753786405,-9.731383977884573,11.429330440081552,-1.038591100909585,4.15558498375333,-0.18505875236499492
numHidden 	5
numGenes 	48
seed 	1585757119067
random 	java.util.Random@76fb509a
popSize 	80
maxEvaluations 	20000
minGene 	-3.0
maxGene 	3.0
tournamentSize 	5
crossoverPoints 	1
mutateRate 	0.5
mutateChange 	1.0
mutateRatio 	0.5
mutateRateSmall 	0.1
mutateRateLarge 	0.8
wepMax 	1.0
wepMin 	0.2
expAccuracy 	6.0
minTravel 	0.0
maxTravel 	2.0
neuralNetworkClass 	class coursework.ExampleEvolutionaryAlgorithm
Training Set Training
Fitness 0.009191893064893425