-2.267630084296446,-3.233580907645412,-3.96444017417285,1.0665299553303136,1.603590114832139,-7.56456154809549,-5.491177435594957,-0.17306180561958495,-9.07374360788154,-10.81540033541345,-2.0690042142600857,0.628473628692344,-8.376070871089215,-0.8422012220261532,-1.8501671938666435,5.064344542654527,4.75628685824423,-0.5238346329152819,-6.562946190377838,1.4678194609989497,6.631056274430438,-1.0510788259416892,0.10955843999651904,-0.07045704614794701,-1.520545499821747,-0.47938300991198446,-2.227573747050041,-0.40898411316111627,0.3971013932372349,-5.368170180843385,2.583505951716993,4.398676339444222,-8.405881158546592,-3.6404060674466434,-1.8695104389373371,2.132865279309116,-11.785771260527081,6.938401646628261,-7.479489714969102,-0.19072676385574994,-1.1859028747456375,-7.1634857879226335,2.3740946621557084,4.1891334656037715,-1.345282264200486,-2.080250899245076,1.944603192891356,0.7106029590348939
numHidden 	5
numGenes 	48
seed 	1585757119067
random 	java.util.Random@76fb509a
popSize 	80
maxEvaluations 	20000
minGene 	-3.0
maxGene 	3.0
tournamentSize 	5
crossoverPoints 	1
mutateRate 	0.5
mutateChange 	1.0
mutateRatio 	0.5
mutateRateSmall 	0.1
mutateRateLarge 	0.8
wepMax 	1.0
wepMin 	0.2
expAccuracy 	6.0
minTravel 	0.0
maxTravel 	2.0
neuralNetworkClass 	class coursework.ExampleEvolutionaryAlgorithm
Training Set Training
Fitness 0.015930733919297186