-6.779627557486686,-2.3059590927059723,-0.7691366331544405,3.6269131540536836,5.670986112513562,10.762900993660345,-3.4313268248216566,-3.1121035509933,5.503123547625868,1.2921226831128463,-8.99001293169541,-1.8051817996796435,6.0608978511701865,4.632963158155619,2.343415248519742,9.866144938413331,-7.700003337248308,-3.28218163666095,11.719244521732884,-0.40426746814611425,-0.9350187182079219,2.4037160602456504,-1.4064653150943585,1.8453086461067452,-6.950934211529209,0.023093106400205343,3.7177311062010343,-1.856230131120642,-0.4052709100145728,-10.125827591622276,-6.293563638542541,2.3058994605513092,3.86176117238184,3.0997978867669023,2.7451759579922017,0.3156936934653647,1.8065986853142997,0.6656443706669393,0.8759358185212052,2.115844676516356,-6.368687156653785,6.272363192077638,0.41770878963555447,6.405387827605185,-1.610821099946536,-3.355254702563193,1.6016498059041187,-0.7780799462399957
numHidden 	5
numGenes 	48
seed 	1585757119067
random 	java.util.Random@76fb509a
popSize 	80
maxEvaluations 	20000
minGene 	-3.0
maxGene 	3.0
tournamentSize 	5
crossoverPoints 	1
mutateRate 	0.5
mutateChange 	1.0
mutateRatio 	0.5
mutateRateSmall 	0.1
mutateRateLarge 	0.8
wepMax 	1.0
wepMin 	0.2
expAccuracy 	6.0
minTravel 	0.0
maxTravel 	2.0
neuralNetworkClass 	class coursework.ExampleEvolutionaryAlgorithm
Training Set Training
Fitness 0.008845586925998792