-11.575632182672965,-8.72708762438841,-5.0912794592555635,-2.1038669417778113,-0.5818135511701539,5.225451639082127,7.875228198978765,-3.3717295398625504,3.197731811307932,-9.957083751993713,-6.625683828620641,2.008552239146681,4.147439485041184,-5.881570076490329,0.6140889152117381,0.5601664690499613,0.7110905891224926,-1.499755417393382,3.5210272933663695,-8.593717652727971,-6.437075322947765,7.477847678510832,6.566154933623653,-2.5129986235976167,4.304409666387751,1.6376578461304847,4.569695593247294,-1.2730758919033525,-2.780264053924695,-0.06503568089558964,-7.16960157404956,6.426535508514661,-1.7567289981788798,2.7014037624061977,5.982739050040845,0.06053881105727932,-4.330228398835155,-4.58559314324625,0.7915845655899805,-4.468352996376614,-4.385100810918173,2.5328308000100868,-4.792389920182398,-7.141329641557765,-8.44053277975849,-4.11166553814162,-1.1932453755448815,3.777571614477772
numHidden 	5
numGenes 	48
seed 	1585757119067
random 	java.util.Random@76fb509a
popSize 	80
maxEvaluations 	20000
minGene 	-3.0
maxGene 	3.0
tournamentSize 	5
crossoverPoints 	1
mutateRate 	0.5
mutateChange 	1.0
mutateRatio 	0.5
mutateRateSmall 	0.1
mutateRateLarge 	0.8
wepMax 	1.0
wepMin 	0.2
expAccuracy 	6.0
minTravel 	0.0
maxTravel 	2.0
neuralNetworkClass 	class coursework.ExampleEvolutionaryAlgorithm
Training Set Training
Fitness 0.043425719435171525