-4.83958565738802,-1.3330128595987123,5.905135711549441,1.5180835259938235,7.751453551691334,-5.05191611077471,7.850757202875553,-9.010153922548497,5.906786479226374,2.9189282034322988,1.9879780663727429,4.860994936812735,5.751905527426031,-2.4616536144587546,7.357143260959528,-6.849439718493297,5.994739059117442,-6.89679003872353,-5.732067847136011,17.470327025329624,-1.465728244795887,-0.9750966638889702,0.13361434810880102,7.699770998067088,2.6393004028952483,-4.616598263061061,1.7279628172261785,-0.06770354637139686,2.327407941720643,-0.19105485089141183,5.971441682975255,5.790796993789678,1.4587485471714672,3.54403077781092,-3.7329178305458974,0.6626399291373399,9.094944387029152,-5.472913329788815,-3.8558046071936074,0.11884014851719549,3.9067254059998664,7.5716994232705614,4.694604571818784,-8.49458852293267,7.761815497211732,1.5580627904035786,5.787774202156672,-8.369356654475023
numHidden 	5
numGenes 	48
seed 	1585757119067
random 	java.util.Random@76fb509a
popSize 	80
maxEvaluations 	20000
minGene 	-3.0
maxGene 	3.0
tournamentSize 	5
crossoverPoints 	1
mutateRate 	0.5
mutateChange 	1.0
mutateRatio 	0.5
mutateRateSmall 	0.1
mutateRateLarge 	0.8
wepMax 	1.0
wepMin 	0.2
expAccuracy 	6.0
minTravel 	0.0
maxTravel 	2.0
neuralNetworkClass 	class coursework.ExampleEvolutionaryAlgorithm
Training Set Training
Fitness 0.009803624150811213