0.909160052398502,6.280243133164385,-5.843392657532462,-0.4622701929428672,-0.3339885760141641,9.200897538107375,0.03650973834163551,-6.265252586586435,5.612164049813208,-4.665891589934369,2.2977203623240663,11.335703227173834,-2.548657094610536,1.7416397477079348,-3.781452917051096,-0.6102797689885895,-3.4678841825216793,-0.6439546132867182,4.088951531052033,-9.03984705868594,-1.3602500197190601,-2.502555031154565,0.06967035350835449,-1.9579294093967565,-2.1980250875573937,-3.9732701012217415,0.2621405378532833,-1.961319719111077,0.08118528417795368,0.6918997418496846,0.8216589931545624,-3.543982900833874,4.04937404725926,4.949105971511911,-5.836236494473621,-4.966629690355675,-3.5012875449991547,3.7834879683107996,-1.3834423356654222,-2.685976829528392,-0.41282086657867456,8.935745607035862,-2.6380643660539826,3.135491967525051,-4.547375500079197,-4.491247067283847,0.16489266359014465,5.504893593736597
numHidden 	5
numGenes 	48
seed 	1585757119067
random 	java.util.Random@76fb509a
popSize 	80
maxEvaluations 	20000
minGene 	-3.0
maxGene 	3.0
tournamentSize 	5
crossoverPoints 	1
mutateRate 	0.5
mutateChange 	1.0
mutateRatio 	0.5
mutateRateSmall 	0.1
mutateRateLarge 	0.8
wepMax 	1.0
wepMin 	0.2
expAccuracy 	6.0
minTravel 	0.0
maxTravel 	2.0
neuralNetworkClass 	class coursework.ExampleEvolutionaryAlgorithm
Training Set Training
Fitness 0.008955804244324258