9.12466599166169,-11.179986197989574,9.195086826013448,-3.7538608869136816,-0.8997065447948724,1.4354927089198277,-4.911010885097099,7.340842261643109,-5.922379738587139,4.250236011318207,5.635464301444601,-9.964431312214963,4.386575174362599,-4.908649426117581,0.7687949953619597,-1.2636428272568434,3.8296961879890237,8.54827821078083,4.362683041620343,-2.827073145486942,5.9216916362018495,1.0554717598167374,1.34020279337321,0.468718494798793,1.7465865433698666,1.0853953167048749,-0.33820353912468715,-0.18006740021919176,6.6105094951664345,-8.182866004600019,1.5139607968429667,0.4714199497783804,-3.133762957713941,-8.827860496187803,5.198709074579375,2.757736599198303,0.9514199271434398,-3.687026812016886,3.90611789697806,-0.43360638521811,-1.4274396430463279,2.5659195099061236,4.105739326685718,2.051238013481232,2.0416168062044724,-0.0816461575116314,1.509558654665926,2.9998339370730482
numHidden 	5
numGenes 	48
seed 	1585757119067
random 	java.util.Random@76fb509a
popSize 	80
maxEvaluations 	20000
minGene 	-3.0
maxGene 	3.0
tournamentSize 	5
crossoverPoints 	1
mutateRate 	0.5
mutateChange 	1.0
mutateRatio 	0.5
mutateRateSmall 	0.1
mutateRateLarge 	0.8
wepMax 	1.0
wepMin 	0.2
expAccuracy 	6.0
minTravel 	0.0
maxTravel 	2.0
neuralNetworkClass 	class coursework.ExampleEvolutionaryAlgorithm
Training Set Training
Fitness 0.009884807496892162