-2.0788362368357935,-0.9021352038720951,1.954455589731479,-5.944274069950515,5.0863789709978215,6.390173362586429,2.21528337610045,4.151727533523827,-1.6631512349954374,-4.72303302736066,-6.05711889436487,3.3206730045537522,0.034089315626006034,-9.669914704472989,2.0176974042568814,9.049255717536553,-0.3234340891215024,-6.342715487938046,-9.85265610836518,-0.5244750352002185,0.7108569842750949,-0.12362860413715726,-7.787258139859574,-0.9318055557625975,-3.203893434831805,-0.9734115304119282,-0.09992210311569227,4.839398168281802,0.14133710413848366,3.5047739107225526,-4.9599455405570465,5.110785796428626,11.165556980644482,2.672067007422541,-3.175114885193274,-0.17829446474985922,-6.447521128437557,-2.418712900637101,0.4343508116652446,-7.904290325734272,6.111702639094062,-4.846992527555294,2.3972908188400357,-0.26245406369502344,0.38689732251385056,-0.8940626059817767,5.185779713554556,6.840995245552357
numHidden 	5
numGenes 	48
seed 	1585757119067
random 	java.util.Random@76fb509a
popSize 	80
maxEvaluations 	20000
minGene 	-3.0
maxGene 	3.0
tournamentSize 	5
crossoverPoints 	1
mutateRate 	0.5
mutateChange 	1.0
mutateRatio 	0.5
mutateRateSmall 	0.1
mutateRateLarge 	0.8
wepMax 	1.0
wepMin 	0.2
expAccuracy 	6.0
minTravel 	0.0
maxTravel 	2.0
neuralNetworkClass 	class coursework.ExampleEvolutionaryAlgorithm
Training Set Training
Fitness 0.006841816119558367