2.001316444802008,-3.4464269169267725,-2.842762313545575,-4.069065328943953,1.4993592355500374,-3.9264732366267996,-1.3525847305570986,11.634916868076179,-3.803865510558874,-8.2512171314072,1.9983946178705327,-4.250782962303832,-3.3315284001508934,-7.7429549110297025,-2.170521769210108,-3.659591708358569,-5.414991552646921,2.997949627411151,0.04143384263870509,-5.556657031733272,-8.27647259233377,-1.0832136471495613,-3.339839149983315,2.0573590470630396,1.4855425553136863,0.5034974079367025,-0.209628910622774,-0.670305280204027,-1.6793261782851872,1.3770447174760188,-0.4169695313000492,-0.5866457357845372,-3.4348557717156245,-2.828684464917222,-1.1766504218198435,-0.22945462381031412,-6.897087376234945,4.712856612533523,9.905395749287973,-0.7236782922260803,5.4207580502627515,-2.72669194375794,-6.336786696456741,5.633273004581154,-1.6263976138634595,-1.3269888120231386,2.037582916366856,3.6454227520970557
numHidden 	5
numGenes 	48
seed 	1585757119067
random 	java.util.Random@76fb509a
popSize 	80
maxEvaluations 	20000
minGene 	-3.0
maxGene 	3.0
tournamentSize 	5
crossoverPoints 	1
mutateRate 	0.5
mutateChange 	1.0
mutateRatio 	0.5
mutateRateSmall 	0.1
mutateRateLarge 	0.8
wepMax 	1.0
wepMin 	0.2
expAccuracy 	6.0
minTravel 	0.0
maxTravel 	2.0
neuralNetworkClass 	class coursework.ExampleEvolutionaryAlgorithm
Training Set Training
Fitness 0.014440585381596434