-4.218966136111785,3.09825994954614,3.737615710781446,-8.90177447501167,4.840717233594294,-3.614423743546966,-6.558789940407621,-16.299876614666598,7.525672618886192,2.263065571710381,-10.534741483972756,3.5057796860033505,3.2311889138334657,0.12805512627054405,9.392015474358043,-7.116765368522615,-3.875221954397583,-8.289510410170172,9.15607970266493,-3.595231749154255,-2.5884249710946,0.5245876869710537,6.332114653223478,6.247354700437007,-2.8307930488119655,0.42059289399467925,-4.822259894277503,0.12335653425486726,-0.7250395181514859,0.11204892821178314,-4.554795061566672,4.014350022619716,-3.327741612702498,-1.0416792370432626,2.4266249948786385,-1.6459877129843443,7.3933734378277975,-3.8761157583344366,-3.9137604603922016,-2.638981914485507,1.0549793819452216,0.3783609473454508,-1.2205601961015793,-9.916836570424667,-1.8367403384187293,-3.802410056660408,-0.2729529986118928,-0.2511207158733453
numHidden 	5
numGenes 	48
seed 	1585757119067
random 	java.util.Random@76fb509a
popSize 	80
maxEvaluations 	20000
minGene 	-3.0
maxGene 	3.0
tournamentSize 	5
crossoverPoints 	1
mutateRate 	0.5
mutateChange 	1.0
mutateRatio 	0.5
mutateRateSmall 	0.1
mutateRateLarge 	0.8
wepMax 	1.0
wepMin 	0.2
expAccuracy 	6.0
minTravel 	0.0
maxTravel 	2.0
neuralNetworkClass 	class coursework.ExampleEvolutionaryAlgorithm
Training Set Training
Fitness 0.0049439495225413604