3.2760440414309953,2.667680757709978,1.2895471716004696,3.3239140196895782,2.904074257961029,1.81253515675288,2.3476331990214305,2.454454113620601,-4.282009058171134,2.093845368006309,5.258996371020235,-1.9835818519333746,-2.896176933939765,8.524816006572497,4.077643881308169,5.20961961422314,4.094436925275086,3.8963122990835144,-0.18877891972311645,2.9501039569521987,1.7816800489866438,2.7672223322952565,2.362300165447833,-1.9725050738105603,-1.7310245199366907,-1.2482152609738744,-0.11955248639768179,-1.0090848791831695,-0.7243683762876758,0.6306746617549805,6.4322371755218715,-2.6403873968841864,2.080307396811305,-0.689309067877997,-2.8087028848679125,0.7212186322015972,-2.99525664160376,-0.4065694460925622,3.582898085331199,7.684863477450465,-1.9512712079143792,-2.913611397169964,1.9875144568638445,-6.5018320992925265,7.006449975290838,1.4004617268859034,-0.2847867910446942,-1.5835684423032204
numHidden 	5
numGenes 	48
seed 	1585757119067
random 	java.util.Random@76fb509a
popSize 	80
maxEvaluations 	20000
minGene 	-3.0
maxGene 	3.0
tournamentSize 	5
crossoverPoints 	1
mutateRate 	0.5
mutateChange 	1.0
mutateRatio 	0.5
mutateRateSmall 	0.1
mutateRateLarge 	0.8
wepMax 	1.0
wepMin 	0.2
expAccuracy 	6.0
minTravel 	0.0
maxTravel 	2.0
neuralNetworkClass 	class coursework.ExampleEvolutionaryAlgorithm
Training Set Training
Fitness 0.010658950600422802