3.6465798449067695,0.7160044695099104,-2.686668401661646,2.179309664015701,-2.6289249071846825,-1.1170152743468873,0.4656222023255223,0.5828302229455198,-4.489554235220604,-8.371244739600307,6.965913347003308,-4.726075126563019,1.6839861117028851,-1.766744407427327,-1.4374282238009712,-4.118073033575881,2.7054585350347145,-0.12883592111809605,-5.498280498853283,-11.395245887247373,-1.8163857206984373,-3.2774382948094276,2.355007136529924,2.8221527631905463,-0.6140015016375879,0.45388094146064617,0.902713799898387,2.520920881998218,-7.23170207298312,0.5548909687336718,3.825179638616997,-5.410159445008846,-1.408605743317958,-1.5888596535491963,1.3857235223406246,0.41863718482235956,1.7769416017431165,-2.958518818072008,1.559572358203683,2.1202459382143877,0.8690811445637578,2.693975905634439,-1.2511213798360394,0.6780779874437393,-7.875793906617568,0.6946546081542317,0.3469492670579575,4.23990585500647
numHidden 	5
numGenes 	48
seed 	1585757119067
random 	java.util.Random@76fb509a
popSize 	80
maxEvaluations 	20000
minGene 	-3.0
maxGene 	3.0
tournamentSize 	5
crossoverPoints 	1
mutateRate 	0.5
mutateChange 	1.0
mutateRatio 	0.5
mutateRateSmall 	0.1
mutateRateLarge 	0.8
wepMax 	1.0
wepMin 	0.2
expAccuracy 	6.0
minTravel 	0.0
maxTravel 	2.0
neuralNetworkClass 	class coursework.ExampleEvolutionaryAlgorithm
Training Set Training
Fitness 0.010161056975675965