-5.041094541584425,7.662129211752571,-0.9655435563541257,7.203091877286792,-1.9215975796990117,2.9200692805100026,6.703161797291159,-11.973012277489183,0.36658628222316647,3.2484764530332386,-3.8443102532645854,4.791092482294279,7.6859588358184965,-4.171882741449762,-6.015744848671395,0.8391687765991982,18.61785198803468,-6.498250136841985,-2.8956984326572717,7.1238484892549305,-0.2600731897005035,1.8809748912376465,2.5746677056862435,1.0841642102594093,2.218771805234373,2.1229951399463864,-0.11493243463992986,-0.950730703590386,1.0988723273901408,-0.7797114453276182,-6.44664377620083,2.394360232913135,1.461954204260992,5.272649602288762,-3.2595093117155134,8.036975222110101,0.688098921472279,-2.012484642053095,-4.755421961144009,-1.7986573103361136,-1.9319142973909953,-6.80535175947277,2.7552989920638735,10.079623402406527,3.6394554458778323,5.5811692928676795,3.341786838488531,1.65756419018052
numHidden 	5
numGenes 	48
seed 	1585757119067
random 	java.util.Random@76fb509a
popSize 	80
maxEvaluations 	20000
minGene 	-3.0
maxGene 	3.0
tournamentSize 	5
crossoverPoints 	1
mutateRate 	0.5
mutateChange 	1.0
mutateRatio 	0.5
mutateRateSmall 	0.1
mutateRateLarge 	0.8
wepMax 	1.0
wepMin 	0.2
expAccuracy 	6.0
minTravel 	0.0
maxTravel 	2.0
neuralNetworkClass 	class coursework.ExampleEvolutionaryAlgorithm
Training Set Training
Fitness 0.00786321746097313