4.2970172241907285,0.10622208501479369,-0.6352029589075134,4.210221380058195,1.180260332198583,-1.1079335830034074,-3.592093824670034,3.854055563311248,1.4026608437374004,0.03994540586886064,-0.7976478480017981,-2.658535332619617,-3.6886956938906135,1.7158816033544388,2.6767256747856205,-1.4600768017186452,1.4875818920051187,4.524077208799703,5.888742309002556,2.166326943603618,3.3430030456001054,1.3620403510260122,1.2092162310046106,0.995745789371071,2.109107213482713,-4.049711670284754,-5.323312366084778,-0.20225769454728248,-0.24980002856198524,-4.10343928418889,1.7487383936694556,-1.2833653509178702,-0.5106709646169678,2.2746226863699235,2.5394430215416843,0.28811134624262724,-4.062327177982073,3.5929745499110775,2.9899895416399236,4.344710960010261,-1.9072092495188944,3.3119607264012174,-1.081307927108492,0.5046353587209484,-1.8933783001056739,3.4256917489400474,1.2910676192372064,-1.451002798497389
numHidden 	5
numGenes 	48
seed 	1585605793815
random 	java.util.Random@76fb509a
popSize 	80
maxEvaluations 	20000
minGene 	-3.0
maxGene 	3.0
tournamentSize 	5
crossoverPoints 	1
mutateRate 	0.4
mutateChange 	0.5
mutateRatio 	0.5
mutateRateSmall 	0.1
mutateRateLarge 	0.8
wepMax 	1.0
wepMin 	0.2
expAccuracy 	6.0
minTravel 	0.0
maxTravel 	2.0
neuralNetworkClass 	class coursework.ExampleEvolutionaryAlgorithm
Training Set Training
Fitness 0.009570761283781357