9.089998751364265,-2.6333047653823636,2.173148008586108,4.770095598388521,-1.2169267148663496,-2.916379247186687,0.4698804863874093,-6.307473429245403,1.39584208411728,-0.6268302643166712,2.692790216646592,-2.330394937029335,0.5899665043715729,1.9980590996352103,1.8279386768778094,-2.783279476999617,-0.40535201902889995,-6.507626056165052,5.187274560332006,-3.2164267696631494,-0.9376742563743234,-4.746472606458489,0.3845902736640152,2.970972543842824,5.370039693633844,0.2915344037632599,0.4489500600619083,0.44287720903527283,-1.1672341551835497,2.390456010257238,-0.80043898964662,-5.418142203477868,-2.8648071406561932,0.9202174324828878,2.8659114147464244,1.7834269612984581,-3.6523955486550808,1.2870201706698348,-8.439950318550082,3.7046069841021456,-0.01667590168119304,0.1492388045743498,-0.7315761197994437,-2.3604746283753952,5.584478820417408,4.101868955312098,2.02874569640523,-3.5102510432678455
numHidden 	5
numGenes 	48
seed 	1585605793815
random 	java.util.Random@76fb509a
popSize 	80
maxEvaluations 	20000
minGene 	-3.0
maxGene 	3.0
tournamentSize 	5
crossoverPoints 	1
mutateRate 	0.4
mutateChange 	0.5
mutateRatio 	0.5
mutateRateSmall 	0.1
mutateRateLarge 	0.8
wepMax 	1.0
wepMin 	0.2
expAccuracy 	6.0
minTravel 	0.0
maxTravel 	2.0
neuralNetworkClass 	class coursework.ExampleEvolutionaryAlgorithm
Training Set Training
Fitness 0.015275564998376614