-5.241085654832515,-7.238484813650723,-3.0436403292419194,3.395496550950071,1.3712158278716062,2.0034417935338893,-5.002394952233093,7.326361260605886,-3.610181243303959,2.3389493905466616,-3.089854154261035,-2.896328385337126,-1.2054865733472337,1.2857399009323416,-2.8234486370482164,3.702307890146142,-3.6721131221892964,2.800322169244321,0.3778523622333356,-0.6667797967877109,-2.6372653169726332,0.8433560842953023,-3.3271712678168157,-2.213818726220815,0.12058316066352948,0.25625243711267887,0.2417799692157141,1.3998436252270325,2.206314321849349,3.22479230379862,-5.827552779743641,4.579851147378323,1.6833521259686686,1.1568597958797806,3.1951829333695754,-2.688690773195908,-4.0695624279675116,-1.8891272905331629,2.076498445183651,0.5865358008000485,-3.776944805176196,-1.5748905682240792,1.8986102604569561,0.521957768313829,0.6248154978136453,-0.017256361424966116,2.8531692063639804,-1.3814082711599083
numHidden 	5
numGenes 	48
seed 	1585605793815
random 	java.util.Random@76fb509a
popSize 	80
maxEvaluations 	20000
minGene 	-3.0
maxGene 	3.0
tournamentSize 	5
crossoverPoints 	1
mutateRate 	0.4
mutateChange 	0.5
mutateRatio 	0.5
mutateRateSmall 	0.1
mutateRateLarge 	0.8
wepMax 	1.0
wepMin 	0.2
expAccuracy 	6.0
minTravel 	0.0
maxTravel 	2.0
neuralNetworkClass 	class coursework.ExampleEvolutionaryAlgorithm
Training Set Training
Fitness 0.03407873664912536