-5.784957315943329,1.3526076805295002,4.281903587153449,2.783420868238249,-3.440235374951691,-3.0969010396471894,-2.6875647282498534,-2.6313022106186406,-2.1038508062337087,-0.2198583162404404,-4.596498010071916,1.5750671490101986,2.506671834758377,1.3243409163035498,0.9057366184295894,-3.57571438588951,0.8181701412737343,-3.947478770774409,-4.176220557039288,3.5800414188558713,-0.26039813822400326,3.9041525104345176,-0.5976284866136838,1.8693358057959966,3.47530823571058,-0.37855000313819076,3.8778031424069326,0.2791783782970789,1.7781312111599812,1.627065983865097,-4.571704455441087,3.400457499692303,-1.7672899156102195,2.0638850392572756,5.670815798972976,2.13294193854799,-0.07801349301146487,-1.0871476774378444,-3.701477887938582,-1.8990246455537054,0.3771857647583987,-1.6797121719313872,0.9984188053601128,-2.6698609511472284,0.010616412375998863,-3.368303312960263,-1.8210532202508696,-0.6003324143584439
numHidden 	5
numGenes 	48
seed 	1585605793815
random 	java.util.Random@76fb509a
popSize 	80
maxEvaluations 	20000
minGene 	-3.0
maxGene 	3.0
tournamentSize 	5
crossoverPoints 	1
mutateRate 	0.4
mutateChange 	0.5
mutateRatio 	0.5
mutateRateSmall 	0.1
mutateRateLarge 	0.8
wepMax 	1.0
wepMin 	0.2
expAccuracy 	6.0
minTravel 	0.0
maxTravel 	2.0
neuralNetworkClass 	class coursework.ExampleEvolutionaryAlgorithm
Training Set Training
Fitness 0.007823420836674764