-1.4305716466629073,2.291229617431995,0.5295028603617995,-0.05393267802727486,2.637996136015639,-0.8548401438631725,-2.271564984203846,2.776075865992185,-4.138567294571086,1.083213063792667,-1.2550990237451587,3.225670562312674,0.06083295860527205,4.406161053123915,1.1768323944093995,-0.08587277900842949,-6.225636631179329,-3.572506807360215,-0.36877968996126054,0.5465937754737111,-1.7630350391957998,-2.682556520770646,1.5247753707195701,6.29628052381651,-0.1448854442666132,2.323922164739974,0.47478137570597845,-0.34573525235292024,-0.5509951688270109,-0.6869555506899463,-2.077725029847298,1.5846476166029957,1.9436365320314049,-0.7947360487200053,-3.417951133302801,-4.7627037755055035,-1.42503146891395,-0.9531562273307124,1.7320777288943932,0.8049082785519293,0.12133756662301076,-3.5499173073078154,2.66998037732162,-2.4769592782232577,1.177636897018369,3.904507092540774,-2.3347282823298365,-1.4543416636479378
numHidden 	5
numGenes 	48
seed 	1585605793815
random 	java.util.Random@76fb509a
popSize 	80
maxEvaluations 	20000
minGene 	-3.0
maxGene 	3.0
tournamentSize 	5
crossoverPoints 	1
mutateRate 	0.4
mutateChange 	0.5
mutateRatio 	0.5
mutateRateSmall 	0.1
mutateRateLarge 	0.8
wepMax 	1.0
wepMin 	0.2
expAccuracy 	6.0
minTravel 	0.0
maxTravel 	2.0
neuralNetworkClass 	class coursework.ExampleEvolutionaryAlgorithm
Training Set Training
Fitness 0.010842860601664665