2.007762878001455,1.6789170011644954,1.6410550536202795,0.12954079342724967,-3.456929524112268,3.6252904814575846,1.4073941193925554,4.772262787892538,-3.0654629294976687,2.0629419859341396,1.7134569156426394,-0.41150050865877796,5.969936727821715,0.12081654332174407,-3.9439372975612326,-0.08808743964699994,5.1837763175493325,0.4569408692637813,-3.373698797542832,5.032188036663747,4.842618279118826,1.7737342525864852,-0.5857231693662674,0.7883646107572879,0.374800843600525,4.842959126356055,-0.4559674711939836,0.44186866648684386,-0.9316275144999162,-0.07198315701430458,3.5012865628717025,-1.2882348146726068,-2.8152826316124697,2.2195460116930628,2.1279388317498986,3.8423143319567155,2.211490722921411,-0.465599902760069,1.5244125969988085,-1.0324481737747506,2.0961134123922642,-3.7972494420682876,-1.1983363338705848,3.8424306013786174,1.861618844612309,-4.57452303027924,0.65398958387002,0.5029601758890934
numHidden 	5
numGenes 	48
seed 	1585605793815
random 	java.util.Random@76fb509a
popSize 	80
maxEvaluations 	20000
minGene 	-3.0
maxGene 	3.0
tournamentSize 	5
crossoverPoints 	1
mutateRate 	0.4
mutateChange 	0.5
mutateRatio 	0.5
mutateRateSmall 	0.1
mutateRateLarge 	0.8
wepMax 	1.0
wepMin 	0.2
expAccuracy 	6.0
minTravel 	0.0
maxTravel 	2.0
neuralNetworkClass 	class coursework.ExampleEvolutionaryAlgorithm
Training Set Training
Fitness 0.010322602437080244