  -1.39291581207235,1.2505396768528065,2.279449091600704,4.345578865005771,-2.05258939306695,0.15807715204810702,-4.322759585942493,4.180193462880835,-0.5619092290532723,4.004329052994553,1.255356515885012,4.650860628650973,1.4649292243204508,3.219281366277209,-7.026945295657306,-2.4623475723728703,-0.9204227946120236,1.8002914926312252,2.0152718157470257,-3.6880143608371636,-3.070378990094543,1.2281570829139143,-0.8437055101813922,-2.0597993534967047,-3.0800160113834556,-0.7717481664204611,-0.1859080358299794,-1.1916862706909397,-2.1981604342974945,-0.15094905182109208,3.9450955418953804,-3.0684656086536863,-2.3391011806625874,1.8723884104260584,-1.4957864040254183,-1.4794923210393804,-3.4203318212947122,-3.143101541963633,3.841360862140121,1.857103138285324,3.738510652747392,3.0907032336199745,-4.760236769370928,1.000927596359161,0.39807609168785274,0.8915187711092338,-1.67721740829474,4.103601833892186
numHidden 	5
numGenes 	48
seed 	1585605793815
random 	java.util.Random@76fb509a
popSize 	80
maxEvaluations 	20000
minGene 	-3.0
maxGene 	3.0
tournamentSize 	5
crossoverPoints 	1
mutateRate 	0.4
mutateChange 	0.5
mutateRatio 	0.5
mutateRateSmall 	0.1
mutateRateLarge 	0.8
wepMax 	1.0
wepMin 	0.2
expAccuracy 	6.0
minTravel 	0.0
maxTravel 	2.0
neuralNetworkClass 	class coursework.ExampleEvolutionaryAlgorithm
Training Set Training
Fitness 0.014484414957489257