1.8103278611763596,-3.694971905756434,2.0474659967664417,-2.693994358805597,0.07754203615563582,1.1725757666845587,-3.039579183774647,1.3269539396128724,-0.38093640301676146,5.5386745950664755,-0.6396840812187237,-4.815683108934518,3.6081909981947327,-5.297487109598179,-0.12324878315104293,-2.990816761471709,-1.093170171459663,-3.9324545799327097,2.3717449874084213,7.13799857379357,0.7704243838651315,1.7582096762099004,-0.5606264274502828,-1.2501170130826234,0.9887749788658908,1.3493850706508201,-0.3757487585419428,-0.05468693679003067,-1.2136017752885637,-0.5157257241405189,0.8856436129474563,-0.7659941183903411,-0.8403832929263988,-3.653322541863652,3.3320565262546396,-2.160287322385595,2.2731587205383725,-2.7795928565953334,-1.994403605693802,0.6320487093983265,3.576323484187128,0.057073844970278564,1.1223958745280407,1.7575186797552689,5.359186752216242,-0.6571053449399242,2.8270817285830008,1.8923998553824246
numHidden 	5
numGenes 	48
seed 	1585605793815
random 	java.util.Random@76fb509a
popSize 	80
maxEvaluations 	20000
minGene 	-3.0
maxGene 	3.0
tournamentSize 	5
crossoverPoints 	1
mutateRate 	0.4
mutateChange 	0.5
mutateRatio 	0.5
mutateRateSmall 	0.1
mutateRateLarge 	0.8
wepMax 	1.0
wepMin 	0.2
expAccuracy 	6.0
minTravel 	0.0
maxTravel 	2.0
neuralNetworkClass 	class coursework.ExampleEvolutionaryAlgorithm
Training Set Training
Fitness 0.008222340719992172