-0.09519980877006873,-3.1806558685238393,-0.7423941880580944,-6.98689934125216,-0.3888723003104362,2.180261850443742,-4.235260990695849,-1.6213206831445506,1.1326507281792937,0.2579246711256933,-4.720071254239479,-1.9267653120734822,-0.9753128110566003,-3.6952674397017944,-0.4284853837179421,-2.1950784298212076,-6.444535396869135,-3.836260919616457,3.9456915924647618,-0.9131971440903013,-3.329755117231424,-2.2717416538901984,-0.18650689300881274,-0.858053331161392,-0.29840320347732296,-0.5556753494696727,0.8696332184901232,-0.3557152620990811,0.38038051609044565,-3.792891849178882,-4.33287757066868,1.6943385999422884,0.7726242630514841,-4.23573474377483,1.6688943404054921,-3.4714659032125494,4.226463173489502,0.9325561040088153,-0.8395854023974194,0.7479298019746894,2.559791467285833,-0.18507302092622435,4.897479769231931,0.32679855578496486,-0.1026460837685601,0.6819635607770724,0.020184726495704908,1.8450506380988365
numHidden 	5
numGenes 	48
seed 	1585605793815
random 	java.util.Random@76fb509a
popSize 	80
maxEvaluations 	20000
minGene 	-3.0
maxGene 	3.0
tournamentSize 	5
crossoverPoints 	1
mutateRate 	0.4
mutateChange 	0.5
mutateRatio 	0.5
mutateRateSmall 	0.1
mutateRateLarge 	0.8
wepMax 	1.0
wepMin 	0.2
expAccuracy 	6.0
minTravel 	0.0
maxTravel 	2.0
neuralNetworkClass 	class coursework.ExampleEvolutionaryAlgorithm
Training Set Training
Fitness 0.013062478289118442