-4.395626515335349,0.45040384561583924,-0.882621810438879,4.693296854526215,3.1902568204897026,-2.1403419875971528,-1.2371843784999612,-4.431278081062302,-0.2887811383764758,-2.9717643315747466,-3.429706721316715,2.5319131921014604,-2.074546217852139,2.644242900102064,3.438514543008575,-0.5206514076562052,-0.8634100780119074,-6.940155375649029,-2.9210954574868735,-1.2547754934136126,-0.32650223832710523,-7.273251076518922,-0.9863648168610171,2.708762421519843,-4.24943787887266,0.3527922705920714,1.3226817028708178,-0.22541083594719247,-0.4097750994378533,-3.509414940247905,-3.5254973281637714,1.888878702834364,0.2824884068212703,1.9168651219770352,-1.3061428935425412,-2.4721096612251863,0.36550426118058166,1.526537778665538,-5.296466341679594,2.0287457501276966,-1.5309740329589179,-4.239915392187039,-0.6053656230632232,2.5836423143667195,-2.264897904808163,0.4201184421963351,0.7431036601623662,-3.7702877902644336
numHidden 	5
numGenes 	48
seed 	1585605793815
random 	java.util.Random@76fb509a
popSize 	80
maxEvaluations 	20000
minGene 	-3.0
maxGene 	3.0
tournamentSize 	5
crossoverPoints 	1
mutateRate 	0.4
mutateChange 	0.5
mutateRatio 	0.5
mutateRateSmall 	0.1
mutateRateLarge 	0.8
wepMax 	1.0
wepMin 	0.2
expAccuracy 	6.0
minTravel 	0.0
maxTravel 	2.0
neuralNetworkClass 	class coursework.ExampleEvolutionaryAlgorithm
Training Set Training
Fitness 0.010010695327098538