-3.26426413052604,-0.8387332567954546,2.66331949969765,1.5818559615454193,4.481358090709512,2.233499406813835,-2.463488432529691,4.778052268675182,4.351329256048339,-0.036189063119208775,-3.1465707062661554,-1.1999910879480464,0.9732303702009553,-0.015586198631378778,2.3201520992215965,-0.9882560328801873,-0.6976260191346784,5.43000969249379,3.031098213809864,1.3600427266978947,1.1838996916664746,-3.4531183905957725,1.324038010298771,-3.3894345905507155,0.34981106990078636,-2.5297427148549696,-2.125106531947871,-0.5740263250858622,2.7404539811386837,0.2812512972081942,1.1304340661649679,-1.6540520275723756,0.6532408482662664,0.8926231918173668,1.8538457329988187,-0.4371580625031246,0.3293779790612601,-4.8543690351562265,2.1940469894422607,-1.119555574995906,-1.576201587361628,2.812811298461056,3.1616678092477923,-3.026767174738268,-0.9565414570108297,2.280348200980299,0.2659880869604878,-1.5468554957146106
numHidden 	5
numGenes 	48
seed 	1585605793815
random 	java.util.Random@76fb509a
popSize 	80
maxEvaluations 	20000
minGene 	-3.0
maxGene 	3.0
tournamentSize 	5
crossoverPoints 	1
mutateRate 	0.4
mutateChange 	0.5
mutateRatio 	0.5
mutateRateSmall 	0.1
mutateRateLarge 	0.8
wepMax 	1.0
wepMin 	0.2
expAccuracy 	6.0
minTravel 	0.0
maxTravel 	2.0
neuralNetworkClass 	class coursework.ExampleEvolutionaryAlgorithm
Training Set Training
Fitness 0.017265612318916285