-3.820252233235185,-0.270677661168957,4.647455510642249,0.020156000281942532,-0.7861405958725034,5.347523058672554,4.7139361209751085,1.8511171882710746,-3.0319305591583636,2.302183603074054,-1.1089629546020552,0.10688392023972693,6.790796962163423,-0.567843560199341,3.9299676753678785,-2.271725341194659,4.10307159173083,-3.4295653345017554,-4.765081026775466,1.1523956399632063,-4.984487289606182,-1.0791056196164481,-0.9911565586968916,-0.5585871521226524,-4.870030228527781,3.0538263583617766,0.9686300005709594,0.3491728076353571,0.20886697045402158,-1.6663299773594868,-0.6179452888556769,3.919361505301149,-0.6066572806505617,-1.1127115414086814,-3.854316103980592,4.222561650878611,3.5868237390317113,-4.546456310221121,-1.472795926053716,-2.7092579983258647,0.48995974609403614,-4.539633280789838,3.3957562935117513,0.6201738279464166,-0.5006279540349796,3.246688920638766,1.4331747636102907,-2.0022613182928133
numHidden 	5
numGenes 	48
seed 	1585605793815
random 	java.util.Random@76fb509a
popSize 	80
maxEvaluations 	20000
minGene 	-3.0
maxGene 	3.0
tournamentSize 	5
crossoverPoints 	1
mutateRate 	0.4
mutateChange 	0.5
mutateRatio 	0.5
mutateRateSmall 	0.1
mutateRateLarge 	0.8
wepMax 	1.0
wepMin 	0.2
expAccuracy 	6.0
minTravel 	0.0
maxTravel 	2.0
neuralNetworkClass 	class coursework.ExampleEvolutionaryAlgorithm
Training Set Training
Fitness 0.008102194987699214