2.8945432467370127,-0.8306420822029438,-2.0396965219309986,-0.010975794772863767,3.7897320700861066,5.713671379539453,-0.31415522700386944,-0.3278227604441624,-7.953632623972785,1.5742214482086765,1.3939681070822343,2.393344517985623,-5.935850447124552,-0.2528220619361055,1.8750318269964068,2.8645362710657705,3.1920805664721894,-2.9852441787690642,-5.255038775383675,-1.3519941199087926,0.6259892883428253,2.3438114754323065,0.9138284102344488,2.6324162951297017,0.44757716749741533,3.0170943308341394,-4.599080559589118,0.2928959631792507,2.590336316826751,-0.6846667530942622,-0.7148188559249508,-2.8549770180490457,1.3752962233945547,-3.929743616843721,-1.9138140862875126,0.365229217059296,4.597149666999008,3.803613696384432,-4.81822048868739,-0.6240484393065733,-0.3855842931523915,-3.6797888456443775,2.7644063898132742,-0.8660754189792106,-0.9135287134068045,1.5489223802558407,-0.4018963182478408,3.762154722665811
numHidden 	5
numGenes 	48
minGene 	-3.0
maxGene 	3.0
tournamentSize 	5
crossoverPoints 	3
popSize 	50
maxEvaluations 	20000
mutateRate 	0.5
mutateChange 	0.9
seed 	1584062508162
random 	java.util.Random@76fb509a
wepMax 	1.0
wepMin 	0.2
expAccuracy 	12.0
minTravel 	0.0
maxTravel 	3.0
neuralNetworkClass 	class coursework.ExampleEvolutionaryAlgorithm
Training Set Training
Fitness 0.0945389472052649