1.0398977031537406,-0.7036185828193519,-1.5627268888536636,3.393669687353333,-1.9684244621412539,3.7291386459893605,2.2814158171508514,0.9253666140095228,3.6318207811301497,2.4431997903032623,4.523405699840164,-4.913375208448256,-6.26567429798747,0.7678064825923794,-5.3708366362605515,0.953253531087125,3.720878003632111,1.2327481658746648,-4.170441623245569,-5.250284283423895,-0.7976695226546047,-0.7875771808801765,0.29110583476214,-2.5104240448090067,-8.09744966463196,-2.5048221111497337,0.09774887827234041,-2.0996297783809283,-8.977457080796201,-0.7910574548764406,2.697078731670532,-2.600058787420484,3.062950268478427,-1.5119297968036685,-1.5130649309197761,2.2955222970916425,-4.786117775602352,-0.13543590561145258,0.06804649748848463,0.8450495761499314,0.6342219863087981,-1.9088006604030763,-2.459549536309926,0.8233981791626643,2.1758635064156913,-0.8294968056860647,3.7748820509653758,1.455975256679613
numHidden 	5
numGenes 	48
minGene 	-3.0
maxGene 	3.0
tournamentSize 	5
crossoverPoints 	3
popSize 	50
maxEvaluations 	20000
mutateRate 	0.5
mutateChange 	0.9
seed 	1584062508162
random 	java.util.Random@76fb509a
wepMax 	1.0
wepMin 	0.2
expAccuracy 	12.0
minTravel 	0.0
maxTravel 	3.0
neuralNetworkClass 	class coursework.ExampleEvolutionaryAlgorithm
Training Set Training
Fitness 0.10271846417181214