-0.9699643131869905,-1.5261840344882407,4.446039509361529,5.7419167478412785,-4.459579498640836,1.6520629813774073,4.493708780857408,-3.8927448303835175,-0.3329977727673888,-5.679760630295073,-3.930803139198633,-0.28564533452953766,-2.9898500328893274,4.082211533415331,-2.0957075484370953,-1.9577210524023263,0.5382674555091409,-3.443154747349289,1.445757045107058,-3.3618800925042747,6.311206671808857,-5.009895779402917,-0.30961310572985085,2.0409823398796885,2.8765401884076263,-1.919750556828729,0.508437796951027,-4.0280345896521785,-0.7883350210487235,-1.148141630718349,-1.0709454731238937,0.4551240314329436,-2.965147808530503,-3.1443785141088134,2.5256045512364245,3.3882568447658286,-2.541701365176356,0.9944320459427277,-0.14692367388297262,3.1566418497450357,-3.3489056182540438,2.1590265871017564,-6.776357127993137,3.3500381286459704,-2.315972976197372,-5.6779727058914675,4.3804885347489275,2.8978876066242343
numHidden 	5
numGenes 	48
minGene 	-3.0
maxGene 	3.0
tournamentSize 	5
crossoverPoints 	3
popSize 	50
maxEvaluations 	20000
mutateRate 	0.5
mutateChange 	0.9
seed 	1584062508162
random 	java.util.Random@76fb509a
wepMax 	1.0
wepMin 	0.2
expAccuracy 	12.0
minTravel 	0.0
maxTravel 	3.0
neuralNetworkClass 	class coursework.ExampleEvolutionaryAlgorithm
Training Set Training
Fitness 0.027342386013714623