3.712533703767462,6.071826379664571,-5.251752135132385,1.6882798302280735,0.23515074397425673,0.23378564550246572,2.856271952159234,-1.6335017227662054,-5.377647522164157,-8.413981951253072,-0.2101914455524192,3.9901094148038765,-1.686366621007188,-2.108320280221125,0.4603065932802728,5.502146169095236,6.463848017827627,9.717252000788426,-5.057092139040708,-1.7940287303404814,-0.23530876416356106,2.314474470850861,4.402975829915868,2.642365400976618,5.627112642244376,-5.024694632997745,-1.570382152298401,6.446589769562746,0.5845718210179015,2.331381802953527,-5.163719024514849,-3.1214870016645517,-1.1966948638073056,-3.6575769683304764,-5.7393177766427845,4.182968257142622,0.25229026640948926,-3.497637249340966,2.5477639944247317,1.025079631719203,-3.144778831964113,-6.230294598085894,-4.90951351950662,-2.094528974110415,-8.237044086123472,4.359792467858727,0.8718894943867558,0.6792263702434224
numHidden 	5
numGenes 	48
minGene 	-3.0
maxGene 	3.0
tournamentSize 	5
crossoverPoints 	3
popSize 	50
maxEvaluations 	20000
mutateRate 	0.5
mutateChange 	0.9
seed 	1583956252259
random 	java.util.Random@76fb509a
neuralNetworkClass 	class coursework.ExampleEvolutionaryAlgorithm
Training Set Training
Fitness 0.09953731181967251