-3.845454630785532,1.820118496109534,-6.278458445163686,-0.4724137480839432,-0.28589591437981343,0.4282962387148856,4.461598663875962,-0.9836339015367189,-2.585227020555494,2.4387482116955086,-4.608634776596853,0.21205766224946349,-0.4033130557718144,-0.1473132080046245,-2.1775246120954512,1.251005801668124,-1.5493952782127962,4.867331869215054,-2.7970432557865497,-1.9481443267324232,-0.4142784844994552,-0.15066333038287213,-2.426856274443652,0.7303622042592957,-2.393467420860609,-0.36194220866862054,1.5000291434125816,-3.170019648540359,0.19667013497644678,-3.704269423578771,-4.300150571218337,-1.9885903997263672,0.5832716272279749,0.9343651839872146,-0.5916463840739687,3.105434507539384,1.3748154723261172,-1.4351930963475454,-2.334395982562178,0.709046116404495,2.238218274776798,-1.4151053939017035,3.8097188185733657,-4.197723453654995,1.953844938806958,2.791479746637737,1.350433740853816,-3.6926898637874235
numHidden 	5
numGenes 	48
minGene 	-3.0
maxGene 	3.0
tournamentSize 	5
crossoverPoints 	3
popSize 	120
maxEvaluations 	20000
mutateRate 	0.5
mutateChange 	0.9
seed 	1584056008591
random 	java.util.Random@76fb509a
wepMax 	1.0
wepMin 	0.2
expAccuracy 	6.0
minTravel 	0.0
maxTravel 	2.0
neuralNetworkClass 	class coursework.ExampleEvolutionaryAlgorithm
Training Set Training
Fitness 0.10280997235593411