12.49110015980527,1.8379867864924924,-9.486851152234859,6.001483781902251,-4.555665797810741,-7.915886198570977,0.13977357792492956,-2.8293459289692366,1.375350847821139,-3.133730513714726,7.691473328781085,0.8549131431805487,2.172966706820946,1.4034869044848766,-2.2662610007469994,1.9991982018431516,1.7055357712564196,3.0058041522236514,10.915641003862568,3.0110823756322964,-0.5415008359254653,-2.607569197239964,-8.48173676441849,1.2282598264406912,1.7976024077663375,0.5470822127460743,4.938726149978488,-6.418028322976735,-0.6521847205753788,-4.011591581017398,10.044438782626957,-7.304249921261881,-1.4789693954194798,-1.6492296433216478,-0.9485850398299575,3.805216270497104,3.318219835545853,-2.6654372202366328,3.2490669974528896,0.7373905130713623,-1.8665214404814676,6.403066959314611,0.10974259317465794,5.807392279062141,-1.6213001746835836,0.2875710199987004,4.936430427455446,1.6280751994895017
numHidden 	5
numGenes 	48
seed 	1586527759868
random 	java.util.Random@76fb509a
popSize 	20
maxEvaluations 	20000
minGene 	-3.0
maxGene 	3.0
tournamentSize 	5
crossoverPoints 	1
mutateRate 	0.4
mutateChange 	1.0
mutateRatio 	0.5
mutateRateSmall 	0.3
mutateRateLarge 	0.7
wepMax 	1.0
wepMin 	0.0
expAccuracy 	6.0
minTravel 	0.0
maxTravel 	20.0
neuralNetworkClass 	class coursework.MultiVerseOptimisation
Training Set Training
Fitness 0.007814949266206279