1.764701180983217,7.676246823931504,3.44912370414633,-1.9642265923479638,2.5486657436637046,-10.358752906027082,-2.277475144030524,1.2818650306894224,0.8752395812035748,0.3326596456253168,12.318451406903039,8.74261583095606,8.643397988928204,-2.933392974474172,3.989957936781072,0.43190382816427497,-1.549605572568379,0.0767241673867851,9.244709971521845,8.428265813390272,6.41224465217551,-4.512973008890929,-5.448708856925486,5.368041867041995,3.9095965902493885,-1.2286836721494219,0.6941684350648325,-0.05601534507140063,0.7966366017371704,-0.9742269747847966,3.5823742591534864,-6.116971572736978,-4.094908191975951,5.045342326308365,-12.619274170600555,-1.889226535964728,-0.6049425494417432,0.7511464915791439,8.291265270689482,-1.157972011998223,3.272166449967965,11.50128442682672,3.13890444273127,-4.956822667297505,9.75612527988415,-1.7762293040969945,-3.8607043273261117,-3.41957357215433
numHidden 	5
numGenes 	48
seed 	1586527759868
random 	java.util.Random@76fb509a
popSize 	20
maxEvaluations 	20000
minGene 	-3.0
maxGene 	3.0
tournamentSize 	5
crossoverPoints 	1
mutateRate 	0.4
mutateChange 	1.0
mutateRatio 	0.5
mutateRateSmall 	0.3
mutateRateLarge 	0.7
wepMax 	1.0
wepMin 	0.0
expAccuracy 	6.0
minTravel 	0.0
maxTravel 	20.0
neuralNetworkClass 	class coursework.MultiVerseOptimisation
Training Set Training
Fitness 0.004866244245239801