2.111934084153619,7.929217007095578,-6.252515064825305,-10.094870288295391,-9.169439244962716,-0.9091552772236638,18.884665877183643,20.77462715041116,8.84949472941627,-6.188030677608865,-11.247746940549996,-4.724408323312163,-1.6741938037069235,-7.789160076723058,-10.284661858549455,7.376623828475671,-5.064989397007211,23.91865156735614,-3.364288435925564,4.3205241635879315,11.816506272109184,4.75491241817828,2.5344925127757465,-0.10674060274363413,6.67905768854382,2.0085151202192604,-4.96401279956352,-0.3838422285492401,-2.1074574920845737,-1.8156340721469497,-3.0647278811703327,0.2456391315772845,-3.3829965600203282,7.433311461489109,-0.7205268750680216,4.710743643413247,-6.5654973351471675,2.884798756976275,9.321663091136083,-12.174026197366587,0.1136982026994828,-1.7101031967130007,-0.23267219065662836,8.307227318854247,-3.777050419246937,-2.9714408025632917,0.6589439337763193,0.788160316956494
numHidden 	5
numGenes 	48
seed 	1586527759868
random 	java.util.Random@76fb509a
popSize 	20
maxEvaluations 	20000
minGene 	-3.0
maxGene 	3.0
tournamentSize 	5
crossoverPoints 	1
mutateRate 	0.4
mutateChange 	1.0
mutateRatio 	0.5
mutateRateSmall 	0.3
mutateRateLarge 	0.7
wepMax 	1.0
wepMin 	0.0
expAccuracy 	6.0
minTravel 	0.0
maxTravel 	20.0
neuralNetworkClass 	class coursework.MultiVerseOptimisation
Training Set Training
Fitness 0.007137143309442487