11.649466173973222,-20.943857645456912,8.394588221870272,2.720776620382803,-4.400985700397364,-7.902802442007343,-9.167734619306989,-9.945589143056406,-0.1964276537980019,-0.05176470156357672,3.353122184907825,-7.555386719297295,4.375148618473707,-0.10787548790009316,-2.0154898481820505,-11.920966949417956,-13.022332801893738,6.211494893137024,4.784364951707842,-1.9499023738893069,-0.6667836464661516,-8.085618469624597,-7.161823105543742,-1.020984664314292,4.356007826196687,-1.5691507813727867,2.1499521447960435,-20.536523724428875,-7.598336122116457,-11.893951581153415,19.042943981150533,-1.0465068353285218,-12.310418327854222,-6.519246427928994,9.862157980613413,-1.55168613412631,6.155557296215318,-9.981717342716262,-3.908891573363959,-0.6569987490377204,-0.45243270234417876,3.692328543347363,10.119348213289975,1.4806932846439476,4.078588493237126,9.562644501841133,-16.9238064765313,-6.196926958305403
numHidden 	5
numGenes 	48
seed 	1586527759868
random 	java.util.Random@76fb509a
popSize 	20
maxEvaluations 	20000
minGene 	-3.0
maxGene 	3.0
tournamentSize 	5
crossoverPoints 	1
mutateRate 	0.4
mutateChange 	1.0
mutateRatio 	0.5
mutateRateSmall 	0.3
mutateRateLarge 	0.7
wepMax 	1.0
wepMin 	0.0
expAccuracy 	6.0
minTravel 	0.0
maxTravel 	20.0
neuralNetworkClass 	class coursework.MultiVerseOptimisation
Training Set Training
Fitness 0.0160572250868793