-6.6686394953959445,8.408109548397032,-10.930122736125867,6.912363990626969,-3.1487287490418985,-9.372607971538306,5.421150169854561,0.8979394432472775,7.657228240391992,-8.137291258512224,-2.5454018129269103,4.9607344650026075,-4.243608664685511,3.7669078148904296,12.139956310843797,-6.4818715375211475,8.717706018069817,1.0452782215078709,-2.2165103104574047,-4.377944185491166,12.980621084746527,1.522781834484622,-1.1171289753277847,1.3909826034226267,0.40929687549978816,10.627071471051053,-0.27535621228787327,-0.44727275907304237,3.673469071352604,-0.08739245534696138,-0.48502100383092794,0.360563715074331,-5.173051357113216,-0.47357821557488844,-7.199333505689937,5.2031290801622365,-6.686767757962271,-1.3087857961275686,3.489242776667461,-6.462479678832269,-2.256625177354382,-2.14515028165627,5.31823734525489,-2.0105462925885833,-2.0498189903831703,3.0927181932590075,-0.0142694619500146,8.641024891345355
numHidden 	5
numGenes 	48
seed 	1586527759868
random 	java.util.Random@76fb509a
popSize 	20
maxEvaluations 	20000
minGene 	-3.0
maxGene 	3.0
tournamentSize 	5
crossoverPoints 	1
mutateRate 	0.4
mutateChange 	1.0
mutateRatio 	0.5
mutateRateSmall 	0.3
mutateRateLarge 	0.7
wepMax 	1.0
wepMin 	0.0
expAccuracy 	6.0
minTravel 	0.0
maxTravel 	20.0
neuralNetworkClass 	class coursework.MultiVerseOptimisation
Training Set Training
Fitness 0.006833441341505197