4.6347357971764485,1.5089096780325786,-1.583910860809925,16.60733735409439,-4.53865094572365,11.718392313448366,-7.236342499908564,-14.575982645211651,2.3241274327128094,-2.9052099009061556,7.937801776418146,-0.2987443509060915,-2.9661141927427015,7.305802078498335,4.971816693465277,3.349569672722725,-17.798230737912405,-6.096083054432642,4.4425986920719645,-2.0248403447282075,-2.4317995974911617,-2.0902096253404996,-6.9270090177637496,-0.5758805402787925,0.9801373952413445,4.473768185084408,0.5037387277256543,4.315988734529643,0.30717901603667475,-0.28381809538612357,3.5142720542853496,-2.937217274435577,3.478447154960208,-1.5855449905195533,-5.538742673000702,-9.012763177726297,-1.7170120061824028,6.811720380263105,0.9075204781726293,9.583063328955784,-5.148813118815282,0.8545148423450668,3.487081926415495,-3.104049291613578,-3.1696158343855454,-4.767397759742585,-1.8268322509059984,-3.3762916175299544
numHidden 	5
numGenes 	48
seed 	1586527759868
random 	java.util.Random@76fb509a
popSize 	20
maxEvaluations 	20000
minGene 	-3.0
maxGene 	3.0
tournamentSize 	5
crossoverPoints 	1
mutateRate 	0.4
mutateChange 	1.0
mutateRatio 	0.5
mutateRateSmall 	0.3
mutateRateLarge 	0.7
wepMax 	1.0
wepMin 	0.0
expAccuracy 	6.0
minTravel 	0.0
maxTravel 	20.0
neuralNetworkClass 	class coursework.MultiVerseOptimisation
Training Set Training
Fitness 0.005467002892157734