-9.942096127075486,-7.163156549568205,6.234195203904392,-2.307821443685548,5.859947919596203,-0.3963242410576308,1.4268363007329812,3.3545058423194223,7.217973527135414,3.0142322632019685,-0.8791516411655352,-8.793543706246396,-10.123661962610132,-5.278059479120288,4.160027210906576,2.601049339757172,-7.8985861184133475,-1.2425587552643287,14.89871985168439,-4.217085269651611,6.184443578832158,1.330142695549797,-0.4910774079969478,4.093303365847129,2.016638428420113,-8.99088444715237,-0.6166812677400502,2.9809151375898697,-0.781216869060927,-2.865065522174842,8.31490171681214,5.774046231024208,2.0141032923311513,-17.729383050759854,10.306474901857777,-10.222659077458394,-2.5727374557349827,-0.18716220393282235,4.423045434581301,5.385351149744049,1.0034484617418298,13.99176429678891,5.259885031767681,-5.0598077393420855,3.6819337423419722,6.159516272994238,4.990470062802959,2.310102832346519
numHidden 	5
numGenes 	48
seed 	1586527759868
random 	java.util.Random@76fb509a
popSize 	20
maxEvaluations 	20000
minGene 	-3.0
maxGene 	3.0
tournamentSize 	5
crossoverPoints 	1
mutateRate 	0.4
mutateChange 	1.0
mutateRatio 	0.5
mutateRateSmall 	0.3
mutateRateLarge 	0.7
wepMax 	1.0
wepMin 	0.0
expAccuracy 	6.0
minTravel 	0.0
maxTravel 	20.0
neuralNetworkClass 	class coursework.MultiVerseOptimisation
Training Set Training
Fitness 0.010142425728253867