-2.9438855110917483,1.3571872286090076,-6.601822126120729,-1.3442215337164223,-5.81919299648388,1.3270051778892693,4.499409097288456,-6.984699191592419,-8.720099817226624,5.29941980454951,-6.213612880415486,1.6793748991541166,-5.492408476676607,2.350194740100175,-6.800921194861293,-16.671361015583997,-1.664473295279253,-3.398392729368833,2.9762017192453105,9.15373301593294,3.062467967863869,6.486575821080292,-0.9502607625298588,-7.086045073615828,-0.3481457443021509,-1.9443453712599905,2.704951818739682,0.18461093603174641,-2.8833813758063287,0.3431375437333035,-2.8792113566446074,0.10974988878512297,0.4777513374657565,-4.485193612150679,-2.720256299426395,-5.844592325411743,-11.07929736688806,12.656325125534444,-4.01934380084395,5.5630857979648,-3.752071566223937,-3.6132058607889745,0.6974690142193828,-1.9469581378533025,7.981308689103098,6.662036288428447,-0.5761949410569636,-0.4731533124738789
numHidden 	5
numGenes 	48
seed 	1586527759868
random 	java.util.Random@76fb509a
popSize 	20
maxEvaluations 	20000
minGene 	-3.0
maxGene 	3.0
tournamentSize 	5
crossoverPoints 	1
mutateRate 	0.4
mutateChange 	1.0
mutateRatio 	0.5
mutateRateSmall 	0.3
mutateRateLarge 	0.7
wepMax 	1.0
wepMin 	0.0
expAccuracy 	6.0
minTravel 	0.0
maxTravel 	20.0
neuralNetworkClass 	class coursework.MultiVerseOptimisation
Training Set Training
Fitness 0.007841269769897364