-7.321337793405679,3.9932610062697025,0.2251974096475245,11.640888628341571,-5.618745915342875,-11.158880345042066,-11.95438139729156,-3.010757992254183,-2.0748132438462665,-0.7034385014873125,-10.837963750712916,3.9879840750854916,0.16192273712160526,12.19898391730554,-5.784671220473749,-4.960222714647067,4.1745400267683786E-4,-10.045070064158132,8.401268619644027,-1.5676448353134065,0.5283394570315527,8.224059457649288,-1.9324417002792251,5.347106292439994,-4.258235671805899,-0.06393218794032021,3.7794909134523893,-0.04549624836647958,-5.667988712196438,-0.15021973431305818,-9.411443633942033,13.06964897406018,0.06951897816715315,4.058209351767232,1.7709195241848048,-3.058521297435853,2.7967607576045537,1.1673859306710153,-8.091553728448405,6.7537190313914275,-0.9998579387787625,-1.1188873650095452,0.5806390957427041,-0.03826244081897275,2.63795755876995,1.046211473381691,-1.2037522071211286,1.1073904931222542
numHidden 	5
numGenes 	48
seed 	1586527759868
random 	java.util.Random@76fb509a
popSize 	20
maxEvaluations 	20000
minGene 	-3.0
maxGene 	3.0
tournamentSize 	5
crossoverPoints 	1
mutateRate 	0.4
mutateChange 	1.0
mutateRatio 	0.5
mutateRateSmall 	0.3
mutateRateLarge 	0.7
wepMax 	1.0
wepMin 	0.0
expAccuracy 	6.0
minTravel 	0.0
maxTravel 	20.0
neuralNetworkClass 	class coursework.MultiVerseOptimisation
Training Set Training
Fitness 0.004814329647553122