-2.3468522093475737,-1.5992231790926825,-4.570153699027287,-0.4769492882894835,-1.5716321891244922,-4.544497240352417,-3.489404819230776,8.395105637305932,-5.039209918771507,-0.2963895070201851,-8.571754743296314,-1.553611640571186,-4.250665604896255,5.2488775230232285,-3.7625934002156933,-1.1426476985688516,1.3536464574436704,3.7490034339546257,-2.4590902250155193,-3.9889170381021026,-2.5207012406352782,0.15466182888475544,0.3675335353198324,0.7335510697807262,0.07013039361532174,-0.3783030617041369,0.3657903832496907,-0.40402600566346464,1.886847848546232,-0.3159343158894425,-0.6416682754115387,-1.4998179527330735,-0.1418611115244838,-1.5654486351931092,11.652035923438634,-2.2252852876643745,-4.344448474264947,2.843471380942101,7.099236578681881,-1.8324781000572126,-2.9597403600217307,1.3424415418301365,-1.82072398356501,2.9244558506746228,-4.353714032718893,0.7929034288974266,-0.24157289510432534,-1.2251523093930365
numHidden 	5
numGenes 	48
seed 	1586527759868
random 	java.util.Random@76fb509a
popSize 	20
maxEvaluations 	20000
minGene 	-3.0
maxGene 	3.0
tournamentSize 	5
crossoverPoints 	1
mutateRate 	0.4
mutateChange 	1.0
mutateRatio 	0.5
mutateRateSmall 	0.3
mutateRateLarge 	0.7
wepMax 	1.0
wepMin 	0.0
expAccuracy 	6.0
minTravel 	0.0
maxTravel 	20.0
neuralNetworkClass 	class coursework.MultiVerseOptimisation
Training Set Training
Fitness 0.008907964573279623