0.45146945881021555,2.514914821737802,-2.6942005875290005,-0.9050348918601437,-12.821846291049752,-2.143562911046455,-0.7214053737922828,-3.110624041774739,-3.843347837020489,-4.035851543917301,0.6122242043575601,-2.270636052570432,-3.1828403322275647,-0.09783636508734199,-3.123387099456484,-1.2980106917255367,4.601962257783181,-3.5067244601321175,-2.8113754325214946,2.8728118256538604,2.5913832193840323,4.989727956191595,-0.36799824301214384,2.025289646208462,1.559676285754634,-1.3504529922759545,0.2322419377163113,2.1582733424891383,-2.2786608291954793,1.901178088476043,-1.4702766818939814,-3.0749374497212814,-12.256051865945725,-1.0829480031243528,-1.7483341958880625,0.16849047401851347,-1.144917275073746,3.409610646037383,-8.927764159386115,-2.8765435289574057,1.8540093169746685,0.1534181593961947,-3.446355662285224,3.4674461212789622,-2.143934103734372,4.260019903385126,-0.8289719076813836,3.6378102914236217
numHidden 	5
numGenes 	48
seed 	1586527759868
random 	java.util.Random@76fb509a
popSize 	20
maxEvaluations 	20000
minGene 	-3.0
maxGene 	3.0
tournamentSize 	5
crossoverPoints 	1
mutateRate 	0.4
mutateChange 	1.0
mutateRatio 	0.5
mutateRateSmall 	0.3
mutateRateLarge 	0.7
wepMax 	1.0
wepMin 	0.0
expAccuracy 	6.0
minTravel 	0.0
maxTravel 	20.0
neuralNetworkClass 	class coursework.MultiVerseOptimisation
Training Set Training
Fitness 0.04061353369771932