0.5259420029693628,0.8805781672292547,8.628155195172942,6.680577114855912,-3.286865076411802,3.4402176140281244,2.8513650604154943,6.569293429020025,-6.906607547483237,3.1407135844342324,0.13709840920839647,3.7331215146817196,2.277399310922053,9.23766170875819,-1.3628498472004558,6.05669690536385,-1.5042952671875778,3.0968833823156836,-1.2338283083609507,8.092250666419936,3.22445123594464,-0.537608516029996,-1.3738866147918416,1.2472263553403757,4.347142044623904,-0.9726756552062542,2.166094474138988,-0.18503226086523022,0.6878067904398009,-1.9254451908988424,9.799978457528647,-3.5770789695801706,3.2608840439954454,0.8589314470432813,-5.214499442902902,6.7402658988453865,1.302934815485214,-0.9469720026677027,8.83580567815478,3.983555850547522,-5.836128380900888,-3.1141383796024016,-4.108615149305265,-0.1859352787966899,8.621732042883925,-3.9594365661968447,5.831053816649869,5.0234603403241325
numHidden 	5
numGenes 	48
seed 	1586527759868
random 	java.util.Random@76fb509a
popSize 	20
maxEvaluations 	20000
minGene 	-3.0
maxGene 	3.0
tournamentSize 	5
crossoverPoints 	1
mutateRate 	0.4
mutateChange 	1.0
mutateRatio 	0.5
mutateRateSmall 	0.3
mutateRateLarge 	0.7
wepMax 	1.0
wepMin 	0.0
expAccuracy 	6.0
minTravel 	0.0
maxTravel 	20.0
neuralNetworkClass 	class coursework.MultiVerseOptimisation
Training Set Training
Fitness 0.008537530774419967