4.75742590964264,8.352156203254397,18.35362545841047,-0.4144571974668775,-1.4804332353187586,-10.174833959648351,6.8173301290177974,6.735280500644185,10.140522368035137,0.7962155521841656,-10.58070449558643,-3.5381931234352573,7.249929181389127,-0.8817713113954802,-0.631231187437651,5.3028019500251204,-4.693561564580381,11.089065642058818,13.5149586343079,1.7795648845841376,-4.763192469848557,-2.3386142068552163,1.667806006584318,1.0406970352644271,7.589974176146929,-13.417855854249217,-9.44061043422846,0.3666095769923833,-0.6779713619034577,1.6484794124735007,-5.970122348024788,7.756251100519626,-1.1587676709550074,13.59170982545014,-6.646203664953653,3.45007983910327,4.844087344232877,-27.665931778434867,1.387098174050089,-6.2792304187909105,6.3103050006200565,10.950723139715386,-0.28242717323342603,-1.3799171263083811,7.408644519707437,2.1402897054494034,18.619905919263026,-1.4090999371728399
numHidden 	5
numGenes 	48
seed 	1586527759868
random 	java.util.Random@76fb509a
popSize 	20
maxEvaluations 	20000
minGene 	-3.0
maxGene 	3.0
tournamentSize 	5
crossoverPoints 	1
mutateRate 	0.4
mutateChange 	1.0
mutateRatio 	0.5
mutateRateSmall 	0.3
mutateRateLarge 	0.7
wepMax 	1.0
wepMin 	0.0
expAccuracy 	6.0
minTravel 	0.0
maxTravel 	20.0
neuralNetworkClass 	class coursework.MultiVerseOptimisation
Training Set Training
Fitness 0.008368350360204072