5.364660247916681,-6.111195724331673,7.871759548108953,6.495395275214495,-4.70179247554711,-13.043755696999334,-5.902497632012743,8.841131143434177,5.3660901737953814,13.117515546181329,-8.081915757943738,-7.508547822069722,14.797375055512951,-0.1873623153057134,1.0736352059309444,11.586948931544608,-2.1073848246178146,3.9576117443562686,4.852970504834213,11.597217225723062,0.2158591469793305,2.1653398234025003,11.107803845656612,-3.639941345238336,-2.946389965607526,-11.57486874409816,-0.25809932625501036,-4.810438006507257,-5.574532805275011,-0.7944323836580733,2.65442794719268,-1.804588986635656,0.823224773878223,-4.273525291806389,16.86762401193557,-3.7050475479709877,2.937670933812595,2.415147355530892,-5.5103999663592225,3.5101048536746147,-5.710494010654305,-2.3637331449474366,4.429493760591598,4.8172401424873925,13.735426901526825,5.336038253561062,3.9593280524559256,-3.474803754807708
numHidden 	5
numGenes 	48
seed 	1586527759868
random 	java.util.Random@76fb509a
popSize 	20
maxEvaluations 	20000
minGene 	-3.0
maxGene 	3.0
tournamentSize 	5
crossoverPoints 	1
mutateRate 	0.4
mutateChange 	1.0
mutateRatio 	0.5
mutateRateSmall 	0.3
mutateRateLarge 	0.7
wepMax 	1.0
wepMin 	0.0
expAccuracy 	6.0
minTravel 	0.0
maxTravel 	20.0
neuralNetworkClass 	class coursework.MultiVerseOptimisation
Training Set Training
Fitness 0.010937871565000739