-4.795355366121472,4.262882733421895,-1.1605156083876411,-1.2737673381524028,3.621060166151544,-2.4081855150496683,1.7776294704673854,1.836850893113977,7.130506401623213,-9.569301516361891,2.5278110631685453,3.4746430331284306,-1.8497635275601292,-3.5399914391230207,3.3825483987547,-1.019928224788826,6.981416124251608,-5.688232802834043,3.9724198082233424,-8.125137281891588,-6.692683332192476,1.5858197290980478,3.8258277366366293,-3.803198664175892,-0.46875538854268306,-2.8572586317343114,-0.6599077355164487,4.353991396248089,4.068413212158215,0.114975685015241,-4.146429751038637,2.416409883346642,7.636715821927735,2.62311964140322,-10.204646741265009,2.7707018751083012,-1.0917344152029143,-1.3797346601190323,-1.1259837079807757,0.32838260138835207,1.7090002438984173,4.973636953575381,5.85233369173697,7.7993542924312695,-10.332055925181956,-1.3595691375042238,-1.697809598415448,2.917071373130152
numHidden 	5
numGenes 	48
minGene 	-3.0
maxGene 	3.0
tournamentSize 	5
crossoverPoints 	3
popSize 	50
maxEvaluations 	20000
mutateRate 	0.5
mutateChange 	0.9
seed 	1584052937431
random 	java.util.Random@76fb509a
wepMax 	1.0
wepMin 	0.2
expAccuracy 	6.0
neuralNetworkClass 	class coursework.ExampleEvolutionaryAlgorithm
Training Set Training
Fitness 0.010232941902785033