0.27411826576553794,-0.10210225650123919,7.319999568069841,0.47086323487833914,3.936272271631999,-0.5808924913191185,11.00620101354233,-0.8015015898049334,-4.052390892313668,2.0363246860514423,-5.781598935001023,-8.256503122721051,6.130239241831858,1.9524773639694422,-2.1262422915612613,-7.225116228562725,3.680298209076022,-3.8183712352827213,0.8267837751154115,-2.8786399784980055,-3.1967974712663354,-10.679677819987463,-3.206048944514018,2.0780921753097825,-4.847859662958779,2.516380510710242,0.8814807907722201,2.5709065261014343,-0.6740177145964561,0.2901425739443157,-5.58721718600551,-6.272342442901504,-6.761548738893009,-2.943173314472825,-8.958931046951893,3.469862388810418,4.669474357704414,2.1980379424607888,2.2763364810914837,0.8868883161894215,-2.5395530331974348,-3.683248799868429,2.1948729965627054,-5.917936192265297,-1.1902000754450794,2.7877426165914243,3.498006772190918,0.23214066900490302
numHidden 	5
numGenes 	48
minGene 	-3.0
maxGene 	3.0
tournamentSize 	5
crossoverPoints 	3
popSize 	50
maxEvaluations 	20000
mutateRate 	0.5
mutateChange 	0.9
seed 	1584052937431
random 	java.util.Random@76fb509a
wepMax 	1.0
wepMin 	0.2
expAccuracy 	6.0
neuralNetworkClass 	class coursework.ExampleEvolutionaryAlgorithm
Training Set Training
Fitness 0.05116852187983482