4.522550884628691,-4.479602625857681,-2.751683651951582,4.681111193503546,-0.046108386041082146,0.6302480317189304,-0.8959487637310684,-0.43975681168040104,-6.614026384995478,4.122161038463781,-2.6154928559248574,-8.812072446786521,5.6637127167853,8.023466014758043,-0.4412679785212111,0.16275739378539292,3.2327510083529996,4.426428688000948,-0.21947392551346953,7.279545333113475,-1.6385918204730654,0.5334855101609265,0.8681905179297079,1.4392688649679597,0.49497576199508275,-13.372388064544433,-1.3799907844673558,-11.855958751443358,-1.124552715455097,-0.07889303149251434,3.484664029677908,0.7682336002181634,2.8942743365094277,-2.160415202359389,5.462033128955713,-1.6178328543571354,-0.34339041375131035,-7.086118816591633,-4.608646277921053,5.066296136682595,-7.761817406268214,2.776174571068123,-0.12257877384044044,-5.86204765246793,17.432325999770892,-0.5847612778932819,-8.136891911209895,-1.3710435382390351
numHidden 	5
numGenes 	48
minGene 	-3.0
maxGene 	3.0
tournamentSize 	5
crossoverPoints 	3
popSize 	50
maxEvaluations 	20000
mutateRate 	0.5
mutateChange 	0.9
seed 	1584059154584
random 	java.util.Random@76fb509a
wepMax 	0.6
wepMin 	0.1
expAccuracy 	6.0
minTravel 	0.0
maxTravel 	5.0
neuralNetworkClass 	class coursework.ExampleEvolutionaryAlgorithm
Training Set Training
Fitness 0.0057964429828645395