0.2551299099066946,-0.6685512980051005,-2.9252665312162476,2.3141888410548015,-2.8154690121813046,2.0451441248790676,1.8059862334924093,-1.4522092849908108,2.778672046963508,2.5642912626465426,2.0643474791023877,-0.9097558909329013,1.465411684057674,2.6634534663530935,-1.0001491718620952,0.7496121714441992,1.9219673334064646,-1.664544750726797,2.9456734485899334,2.3401673667558667,-1.9966043508755853,-1.8420870672440084,-1.8175442967243338,0.4389461363828449,-0.6816642367706984,1.5206945844566944,-0.25556236451128456,-2.4907084536177004,-0.9837887142876087,-1.0273480418875156,1.7010423625626068,-1.0723119216100438,0.1925046745303211,0.10789807019027187,-1.0493465032352096,1.1249715789888555,-2.4996340908060746,0.46797853302165976,-2.659270232496695,-0.9394378711858913,-1.2249147200575132,2.4725347342665325,2.31416624272818,2.9103328753949764,2.3386341953445857,2.4928513926087295,2.658959853832031,-2.030628130436048
numHidden 	5
numGenes 	48
minGene 	-3.0
maxGene 	3.0
popSize 	300
maxEvaluations 	20000
mutateRate 	0.01
mutateChange 	0.05
seed 	1583084151670
random 	java.util.Random@76fb509a
neuralNetworkClass 	class coursework.ExampleEvolutionaryAlgorithm
Training Set Training
Fitness 0.1016591245143241