-3.61879466879574,5.016179062746757,2.6854481077405534,1.7176620565875371,1.7581662580797761,-2.0898143700565814,-1.9151538642538235,-0.914162297505321,-0.174621937798358,4.079523540212218,-1.8309441756372948,2.201345828125736,3.7600139897693534,-4.154625662865613,0.17053661485540816,-3.303016247833445,0.8258362382591984,-1.3283669522573969,-3.608634461896873,1.3482243073966425,2.6799195647023053,-1.1942432698901295,0.5998344155398119,2.820709587044262,0.9682377602190031,-2.020773263133605,2.8687887781895762,2.525610650163448,1.2165513042222853,1.3892447520607887,0.1298367132912024,-1.3907659321691839,-0.7774044189082181,1.5421186889559326,-0.2977317487387312,-0.3199644368753507,-1.0253818599129318,0.34231396282399085,-1.5870351263164812,0.25328249475965725,3.14212497617362,-1.1184744143984264,2.3482108598845617,1.9499451830541117,2.847575692937406,-2.465508773654742,-2.28124980728355,-0.6011976799142948
numHidden 	5
numGenes 	48
minGene 	-3.0
maxGene 	3.0
tournamentSize 	50
crossoverPoints 	1
popSize 	200
maxEvaluations 	5000
mutateRate 	0.05
mutateChange 	0.8
seed 	1583089285640
random 	java.util.Random@76fb509a
neuralNetworkClass 	class coursework.ExampleEvolutionaryAlgorithm
Training Set Training
Fitness 0.10406892553559681