0.3924260328628817,-0.9101984151992355,-2.7361108872008524,-0.24121313249136023,0.4348774674349145,-0.061306086129004456,1.4428828906588915,-3.5840204759297816,-1.9535414713596966,3.8742579815693636,2.5108663080055695,-0.6756633222489388,-0.4494953518665623,-2.96196683727596,-0.17242009882763654,-2.9539499404270586,3.8946805390024064,-3.1004420934930246,-1.1037454143268057,3.719494356562574,-1.6552238700257984,-0.8919549484069815,2.9241025516528536,-0.6680911922347392,1.9110609796458373,1.9018473535987788,1.0072263022910741,0.12509839376633547,2.1654474134920036,2.472667729680893,-0.6220065745068775,0.47722178324188835,-1.1679721676948502,0.3729669646885867,1.769019418386927,1.5389265393020075,0.7119608243077824,-1.0374019829545968,-0.6790610822768293,2.072011557172419,0.3454770182946554,-1.7206256048197834,1.2717025234600765,-0.9537778780997268,-1.9069271158007273,2.044448397186488,2.9131718938803886,3.5946991410826232
numHidden 	5
numGenes 	48
minGene 	-3.0
maxGene 	3.0
tournamentSize 	50
crossoverPoints 	1
popSize 	300
maxEvaluations 	5000
mutateRate 	0.05
mutateChange 	1.0
seed 	1583089995471
random 	java.util.Random@76fb509a
neuralNetworkClass 	class coursework.ExampleEvolutionaryAlgorithm
Training Set Training
Fitness 0.10183523754690572