-2.395466776462038,2.0289862354825123,-0.5175902092556364,-0.4166494071115433,2.2687667705530847,0.9226051063624873,2.7939415575451685,1.050286066606964,2.4872105736002625,1.001184511111507,-2.9527879726906634,1.01179608119196,0.27708597427097864,-0.4019498186422467,0.18918935556838984,-0.10453771756830772,2.5957231006454595,0.1584283845241462,2.5068105846223414,-1.0897777840035694,-1.8584790308419026,2.0234448368362252,-0.6900228391469552,-2.1162217459817203,2.9930711890825847,0.26860277979268316,1.9546625952343513,-1.2971506207910746,0.9424115190968576,-2.6619995582479374,-1.4584363064807935,1.7729165867487169,0.19076738498915974,2.3979777875230903,1.7892148145198299,0.09244868873300958,0.6405370766782069,2.8769712991783614,2.8393178399511667,-1.8623840251858532,-0.17439047549248077,2.8297039234305315,0.3915254813169668,-1.3436816595721088,-0.8720131578172812,0.5677254899090439,2.9567537972242715,-0.07228903519627661
numHidden 	5
numGenes 	48
minGene 	-3.0
maxGene 	3.0
popSize 	200
maxEvaluations 	20000
mutateRate 	0.5
mutateChange 	0.05
seed 	1583086188680
random 	java.util.Random@76fb509a
neuralNetworkClass 	class coursework.ExampleEvolutionaryAlgorithm
Training Set Training
Fitness 0.08624948578938958