-0.4963596252347142,-0.9631564783639491,2.3043806622835454,1.0531946683951037,2.1822587345846025,-3.458929971024037,0.7654619417114309,1.8688766146880371,0.5702701300038256,-1.4363342505563983,-0.1459086524092027,-2.2103138351380482,-1.2494820230720722,2.068137721125773,2.6659304122023517,-0.6137879423156295,-3.009922252960561,-0.38101704453619023,-0.18726217812945375,-1.5882090839327305,3.219607830216028,-2.1225582515385812,1.8313750517294922,1.1295437748291666,1.2125601948515454,-0.3778801552889939,-1.0329195772701656,0.6614930958160954,0.5051556882483069,0.8083345657099497,3.5545322829394665,0.6484172165809222,-3.6648602777132417,-2.12347739597056,-1.4489139343659567,0.649338593177797,-0.19805798854640286,-2.0959646007532498,0.39492366987790417,1.537272797017706,1.2629754083222449,-1.9338723655507555,3.1667198334459803,1.8631014940807924,-0.11958334741974752,-0.7690652645299634,2.826783173825913,-0.7378332063148454
numHidden 	5
numGenes 	48
minGene 	-3.0
maxGene 	3.0
tournamentSize 	50
crossoverPoints 	1
popSize 	400
maxEvaluations 	10000
mutateRate 	0.5
mutateChange 	0.1
seed 	1583089509340
random 	java.util.Random@76fb509a
neuralNetworkClass 	class coursework.ExampleEvolutionaryAlgorithm
Training Set Training
Fitness 0.10941485731403537