0.714201331388276,0.5876577357743736,0.25717965678664123,-0.6073420343358054,1.3799925661846384,0.7549788852077405,-1.461368842070101,-1.758999609469253,0.39917147420627774,-0.1667420159943087,-0.7937145284991414,0.07254722886072429,-0.6112955001493164,1.0556198508890948,1.694462154827057,0.06641982208250774,1.8817375330929897,-2.0397755728770495,-0.6205554792151692,0.9953187762812009,-0.10198895842332589,2.7948335799370585,0.40022520767969105,0.6635303510845564,1.9822527055518604,2.0845289332356565,1.7761003336027947,0.04564574974922886,2.5395776753125747,0.22305380675450293,-0.4166559115683651,-1.1272070329694053,-0.10541949419255092,1.1021596330739474,2.8133494520146693,-1.9704089722992637,-0.6765412209085577,-1.7277572090749,-1.5802182011723689,2.4664392730001317,2.1561669982957143,0.9314644444516152,1.4724425761202227,-0.9018358104114705,-0.5817472217850845,1.7694511485121232,0.9707020780044293,1.3514478073056964
numHidden 	5
numGenes 	48
minGene 	-2.0
maxGene 	2.0
tournamentSize 	100
crossoverPoints 	1
popSize 	800
maxEvaluations 	10000
mutateRate 	0.05
mutateChange 	0.9
seed 	1583090671614
random 	java.util.Random@76fb509a
neuralNetworkClass 	class coursework.ExampleEvolutionaryAlgorithm
Training Set Random
Fitness 0.1464079035136088