-2.954235709149617,-0.5348772265674255,2.7171071712962283,2.1096185591913823,2.329438492821403,-3.099105449837915,2.462939285198906,-2.257150231136413,2.2087490768189575,1.9732411979482067,-2.7025724464276477,0.2376085044372233,-1.284233486881923,0.6750080920483283,-0.5239496203051884,2.5402885447345573,2.579735102672657,-1.3171233120377657,1.9688359198019494,-0.6020090864290295,-1.2571000967079282,-0.22838502183103654,-0.8430705431339358,2.6213508253920716,1.9034076822401151,-3.4167959295715473,-1.5366172273365786,0.751727858275183,1.672935601703121,1.8302030017324697,-2.2534115396488974,-1.7101818817789878,-0.2486487575282746,3.1420719873890093,-1.524048745499496,2.3855031664706674,-2.6501109074331994,2.6538061928529517,0.3156154972123731,2.693563409409986,1.4423700641691848,0.2811546748268406,2.158859699295737,2.363553986932664,2.7095399318008573,0.9091221021918339,-2.439925970289983,-1.6166862305885643
numHidden 	5
numGenes 	48
minGene 	-3.0
maxGene 	3.0
tournamentSize 	50
crossoverPoints 	1
popSize 	200
maxEvaluations 	5000
mutateRate 	0.5
mutateChange 	0.05
seed 	1583089382147
random 	java.util.Random@76fb509a
neuralNetworkClass 	class coursework.ExampleEvolutionaryAlgorithm
Training Set Training
Fitness 0.12682794990912993