0.4119555159897259,-0.7994825253744384,1.1366220102809654,2.81350429376419,2.2240440273571895,1.5113955415732052,-2.706466688013715,-0.2669426944065991,-1.605553078189228,-0.1952726851278106,1.7939278925331346,4.272960331380324,1.6883316512550803,0.9229408772119916,-3.021808644699403,0.18786683871343346,-3.1890136179266206,2.821026542911061,2.7633044380401337,-1.3893404368616213,-1.3930570564436033,2.3558285509242918,0.22858025819381034,1.1701810291041639,3.940091372791988,0.9142694713362118,-0.03963397851399897,1.744378057819027,0.9473495118795046,-1.431319342715005,3.132451882303184,-2.1241033247546617,0.7236889574801424,2.797019185886623,0.007918702502898167,-2.67947443229334,0.049053324532858156,1.8428599749096426,1.4446377266313428,-0.6702549696361837,-2.4920649862431503,-1.4853355552531653,0.07062199771757882,-1.9129998839996558,-2.7198831391519445,1.6359334888045929,2.0669123805262517,0.22317149396753955
numHidden 	5
numGenes 	48
minGene 	-3.0
maxGene 	3.0
tournamentSize 	50
crossoverPoints 	1
popSize 	300
maxEvaluations 	10000
mutateRate 	0.05
mutateChange 	1.0
seed 	1583090035546
random 	java.util.Random@76fb509a
neuralNetworkClass 	class coursework.ExampleEvolutionaryAlgorithm
Training Set Training
Fitness 0.08444549661779552