1.2689880462691914,-0.7639275722158283,-1.7441359004801178,-0.002861289430531988,3.1622287254812482,2.7029105215168183,-0.736278747618268,1.3147311247433564,0.4350234741482153,-3.619023257866374,0.6972904759501946,2.9264019771211807,1.6374846357897148,-0.26968698365863264,0.25816295463957073,3.0996923318076224,1.3804887238714592,-1.80539600309096,1.820196739142311,-3.5387477602641786,-2.960954478434261,1.2235367474728986,1.7629659227924648,1.555038305326699,-0.07269224400529284,1.084565208384545,1.3361710514768699,1.1969138141118767,3.431396877209373,1.0439679327879592,-2.924242246258415,-2.8445106720548745,2.5763155161277176,1.060619020530433,0.3136867242516359,-1.7845558662604237,0.7006680089157125,2.4379805270278307,1.8626921235710885,-2.3574691638872327,-1.9467651772757548,0.9480465076015683,-1.4024685097637608,-3.0305276275107547,-1.293064183922952,2.106098215300652,0.8385458788101179,-1.8458634989102463
numHidden 	5
numGenes 	48
minGene 	-3.0
maxGene 	3.0
popSize 	200
maxEvaluations 	20000
mutateRate 	0.05
mutateChange 	0.8
seed 	1583086366956
random 	java.util.Random@76fb509a
neuralNetworkClass 	class coursework.ExampleEvolutionaryAlgorithm
Training Set Training
Fitness 0.08774172269535173