8.751346047666797,-0.5633419680874843,1.8821804963648043,-0.17451923790405033,-3.763790873101307,-0.6527068550509831,-1.5130229533152635,1.6034813048867367,1.575378916359342,-0.2761678624345798,1.1905586344180934,3.828440956426399,3.3977410759449196,0.8736110706851701,-0.08168146103628482,4.572446605556945,0.777839055993951,1.5823549668695414,2.583672805386688,1.164928860302541,2.0903873581219097,2.027833219377327,-1.056747766401808,-0.012982173297886757,-0.009968977899333709,0.7868984967107924,1.5000230903480265,-1.9948892775824976,-0.02356326248488738,3.668127198640841,1.7353999714300485,-0.1970424537659463,-0.5450166284309486,2.88374943965618,-0.050821776901995186,-2.4026255119518014,3.3486463023849833,-0.5333624880998671,-2.8399125762227078,-0.19648364500565219,-2.8289400481731697,1.6064965462093168,-1.3224210482892824,1.4730243251662083,-1.6828927507613072,0.6965471847106399,-1.8623080947891282,1.5024516391575835
numHidden 	5
numGenes 	48
minGene 	-3.0
maxGene 	3.0
tournamentSize 	50
crossoverPoints 	1
popSize 	300
maxEvaluations 	15000
mutateRate 	0.05
mutateChange 	1.0
seed 	1583089766191
random 	java.util.Random@76fb509a
neuralNetworkClass 	class coursework.ExampleEvolutionaryAlgorithm
Training Set Training
Fitness 0.020584435144292215