-0.7495558325571618,-0.2611194521980631,1.4664892512519627,0.715314046025119,1.5785610371625396,0.6985893814833186,-1.5809066024604155,0.5765537329110451,-1.6380875390346141,-2.3897971740106074,-1.4240718254351195,1.9546001053184991,2.2201299833499437,0.022265187141588788,0.18555817700973365,0.4848794329831245,-0.10487811548133377,-1.2661614725168329,-1.268438844656639,-0.796261515900833,-0.46201655198504366,1.5190094870457331,0.08071872883980365,-1.1901280934666465,2.584723412568752,1.627493123615509,1.8173506979901581,-2.0858178911948655,0.29470856311071825,-0.885247591772935,1.21755123134794,0.7357004142858761,1.3559141918487918,1.9691730496230864,-1.6174992602261153,-2.3877876706036885,-2.603110312385134,-1.9844446988793782,2.5724420881948458,0.3512198887618083,1.255583500401754,-0.25119815295890774,-2.0531061480842867,-1.164768109086255,-1.7770938728040107,1.1437812021138667,1.6481614857861226,1.7312332061189153
numHidden 	5
numGenes 	48
minGene 	-3.0
maxGene 	3.0
tournamentSize 	20
crossoverPoints 	1
popSize 	300
maxEvaluations 	10000
mutateRate 	0.5
mutateChange 	0.01
seed 	1583089581850
random 	java.util.Random@76fb509a
neuralNetworkClass 	class coursework.ExampleEvolutionaryAlgorithm
Training Set Training
Fitness 0.11348947017609816