-1.6865344028349378,-0.7423117928967182,-1.0879016908925525,2.2759086984073695,2.8291076678898524,2.292003893866397,2.330528702678369,2.316788966939461,0.8886375053620243,-2.804359639512327,-2.1478710626066078,-1.3024084733577745,-1.6637742112020024,-1.8390754787243553,0.4834572664794532,-1.8129918007206587,0.4523716216611593,-1.6285469119698994,-1.857386814415202,0.38550951487794016,0.1517863989310353,-2.008685665635645,-2.2971221886693534,1.0676155231149007,0.17960564700697423,-1.2177406974716969,-0.535626187215783,-2.694853766122546,-1.0599374478841994,0.9113206181994726,-1.4932850885050606,0.6399654489372426,-1.3979989801421764,-1.1631306027565793,-2.914060511495321,2.5025093443345297,-0.6478063280554962,1.0261161980067948,-1.5994121148238432,0.7325789087329488,-0.6677195535412537,-0.5778642504491327,1.2880254090763774,2.204630313331937,-0.5873630469536115,0.7265170551055817,2.660373370759162,-0.2405934201569515
numHidden 	5
numGenes 	48
minGene 	-3.0
maxGene 	3.0
popSize 	300
maxEvaluations 	20000
mutateRate 	0.01
mutateChange 	0.05
seed 	1583084024038
random 	java.util.Random@76fb509a
neuralNetworkClass 	class coursework.ExampleEvolutionaryAlgorithm
Training Set Training
Fitness 0.11824316542562269