-0.02507754380114388,-0.5827509628242035,-0.03146475533583801,1.2453082672377254,0.472631216132239,2.290260498213258,2.457192643792809,-3.9184179885691366,-2.325175538791056,-1.8375379165399042,2.398989715044466,1.829452406781527,1.1371965941669688,-1.119128601632836,-1.4612109213808027,-2.456291617537592,0.8671717300313878,-2.0173178770172435,2.4754055865760423,2.253210885425943,-1.5288847849421945,-2.4642870138066364,0.9843014997467684,1.5689701574442072,3.306415977190167,1.0661378114119904,-1.4588059401782525,-2.5770455664353524,-0.5687942395984362,-1.1178270388595335,-1.3233586260426777,-1.9366991290260742,1.565956235494232,-3.4417355697663137,-3.0430948122025385,2.781208774653559,-1.0098116704041782,-1.6123317098637524,-1.5608715662170052,0.18190691626387165,-2.805995976490582,-0.25781318108791884,-0.11090629754004527,1.9366928093730773,-1.5118569633187189,0.1961712712470197,2.977567184645604,-2.334846795487031
numHidden 	5
numGenes 	48
minGene 	-3.0
maxGene 	3.0
tournamentSize 	50
crossoverPoints 	1
popSize 	200
maxEvaluations 	10000
mutateRate 	0.5
mutateChange 	0.1
seed 	1583089452174
random 	java.util.Random@76fb509a
neuralNetworkClass 	class coursework.ExampleEvolutionaryAlgorithm
Training Set Training
Fitness 0.14710855222352118