-1.8803787098694849,1.3533892012112352,1.4687802703864037,-0.8511573313410228,3.175765543827879,0.9515182293589604,-1.0702519546627656,-6.301497303723841,-3.734463006071361,0.9432202425363085,0.09447026344935061,-3.0899877692353064,-0.15270404804317783,-1.4288669447087008,3.8311212506050545,-0.19352474461503633,4.269739438686065,-5.480610479669357,1.9387781882721278,1.9183191740800085,-0.07042818789712113,-1.6381918748105786,3.72115611147876,-0.8800317414617584,-0.40534122474589473,-2.2398579723366447,-3.0866661634109143,1.0622935266632734,-3.4755970789107673,-0.36817740016286926,-0.8533338802619159,2.901815257635749,2.9181258261001917,1.3835242993090708,1.791471226762397,2.2764328404835155,0.5266020031016136,-0.49909980298113155,-3.81664522072998,-5.916056762102578,-1.472097030146144,-3.7023131733642094,1.1153544472962447,-3.3252584424878044,3.2000374867637698,0.12827985125041952,2.4737769809605243,3.4786628947908698
numHidden 	5
numGenes 	48
seed 	1585600274921
random 	java.util.Random@76fb509a
popSize 	80
maxEvaluations 	20000
minGene 	-3.0
maxGene 	3.0
tournamentSize 	5
crossoverPoints 	1
mutateRate 	0.3
mutateChange 	0.5
mutateRatio 	0.5
mutateRateSmall 	0.1
mutateRateLarge 	0.8
wepMax 	1.0
wepMin 	0.2
expAccuracy 	6.0
minTravel 	0.0
maxTravel 	2.0
neuralNetworkClass 	class coursework.ExampleEvolutionaryAlgorithm
Training Set Training
Fitness 0.09706101095669871