-0.2707502521330216,-2.1171506601081087,1.5789177836774835,-2.295939618034626,-1.170400771712218,-3.4218003732233973,1.322896559768031,1.0308465428069997,-0.46872704599553217,-2.760732901989575,-1.5045676029615755,-1.786647412728521,3.090861276362707,0.51640297272567,-1.6905263468360952,-4.724139384698004,2.5720508801975734,3.072857637049979,-3.1089075573214155,-0.008124974690802755,-1.953780460010373,-0.5679411793391069,1.3840888924802472,1.5559569420714405,1.1599492724243046,0.524568940930811,0.2152796709639988,-0.2967020292669478,1.9209515146566254,-0.19591403815195463,1.3623490415998774,1.6558743894602976,-3.675097837327158,-4.111517788548182,0.3473435673515457,3.912700320714446,2.4427747906320842,-0.16907138574430025,0.7661026912459512,-0.7844180302673625,-1.780710002796917,-3.6345701079376624,-4.653863476516989,4.329500002210666,-0.8279455759460612,0.6372382967225292,1.444261996096916,3.8411170889682964
numHidden 	5
numGenes 	48
seed 	1585600274921
random 	java.util.Random@76fb509a
popSize 	80
maxEvaluations 	20000
minGene 	-3.0
maxGene 	3.0
tournamentSize 	5
crossoverPoints 	1
mutateRate 	0.3
mutateChange 	0.5
mutateRatio 	0.5
mutateRateSmall 	0.1
mutateRateLarge 	0.8
wepMax 	1.0
wepMin 	0.2
expAccuracy 	6.0
minTravel 	0.0
maxTravel 	2.0
neuralNetworkClass 	class coursework.ExampleEvolutionaryAlgorithm
Training Set Training
Fitness 0.008094269066257959