-0.7150242227847121,-2.785212526643834,3.902252935270141,0.3377735613704582,0.36829160346954515,-3.5873414621539164,-1.4507709134970117,3.929072162490078,-1.2449871795156513,-3.6111460306496923,3.3637626042645596,3.7282086667103176,-1.7666179121604202,3.067195770447653,0.8852239353021201,-2.6339840504567342,0.013421192936371895,-2.2977341352804257,1.9331392639943208,0.8365978948908288,1.1951840672249423,-2.3224504051192447,0.04547102553974014,-1.0916766317743427,2.6902561830933642,1.189465195574685,-3.2063983056030336,1.362455955973287,-0.04131242955423642,2.053489554617941,0.4602010071784779,2.8103935030058746,-3.110037990346295,-0.2837365172697339,-0.9389350515950019,-1.598184449696162,2.0534635676117867,-0.4383398418932618,0.2775612036744879,-1.9785581183245524,-1.345679403867678,3.3907835272310143,4.527639854944114,3.267722834760722,-0.6318760644959633,2.0740626413625733,0.9215190015545591,1.9817516746374784
numHidden 	5
numGenes 	48
seed 	1585600274921
random 	java.util.Random@76fb509a
popSize 	80
maxEvaluations 	20000
minGene 	-3.0
maxGene 	3.0
tournamentSize 	5
crossoverPoints 	1
mutateRate 	0.3
mutateChange 	0.5
mutateRatio 	0.5
mutateRateSmall 	0.1
mutateRateLarge 	0.8
wepMax 	1.0
wepMin 	0.2
expAccuracy 	6.0
minTravel 	0.0
maxTravel 	2.0
neuralNetworkClass 	class coursework.ExampleEvolutionaryAlgorithm
Training Set Training
Fitness 0.12509333842539247