-2.4300382402561027,-4.664004816373671,2.4201467838921538,2.6535690547721282,0.991036484853101,2.6285840740316173,-1.5008224748371974,4.246451527423254,-0.4286174452898326,-0.30222988777667936,0.24674288765721286,-1.6828115416057479,-1.619196607674151,4.0547053574440834,-1.5162380427797695,2.7454652847502548,-1.8433836905789187,-2.104940873451567,1.565186805839799,-3.502775702677953,-2.3358322500421,-2.1882846776510405,0.1604154372090747,-1.7797538426104698,-1.4733575193037196,-0.11167722736581576,1.3910243058780427,-3.381388389893994,1.1218108663248207,3.0834305086700198,-2.4811771336742137,-0.2531785261602386,4.281071188172868,3.2466349239544607,4.218033574176985,-0.567303451782859,-2.765805627099187,2.969583684725354,2.8110336042953072,-3.551884574899389,-3.4796720823026766,2.2595240378080814,1.9004762084738438,-0.7596367127785242,-1.3446414689066009,0.1831714429379776,2.9035425747169032,3.835184287143708
numHidden 	5
numGenes 	48
seed 	1585600274921
random 	java.util.Random@76fb509a
popSize 	80
maxEvaluations 	20000
minGene 	-3.0
maxGene 	3.0
tournamentSize 	5
crossoverPoints 	1
mutateRate 	0.3
mutateChange 	0.5
mutateRatio 	0.5
mutateRateSmall 	0.1
mutateRateLarge 	0.8
wepMax 	1.0
wepMin 	0.2
expAccuracy 	6.0
minTravel 	0.0
maxTravel 	2.0
neuralNetworkClass 	class coursework.ExampleEvolutionaryAlgorithm
Training Set Training
Fitness 0.09771047294876538