-2.949153995682376,-2.942999644558921,5.435774156145151,-1.0768183667474123,1.2699665187498081,1.0093909889367456,3.32433074625043,-4.436466148130732,2.2366214918061234,1.4489354272514898,-0.9360112647314454,1.7195003932133606,5.512370063891047,-0.34499107923218286,1.047129000292684,1.7757795053947198,3.2818962701160697,-1.561462520463703,-0.9863318873958011,4.531592130498467,-1.1278325417681252,1.9920739883977223,0.05068658625439948,3.943844758254323,0.8430794230433727,1.8645487035803479,1.4522880650647645,0.20247047351954883,2.341035443440303,0.1807304538534078,-2.3496227268762553,3.2566898358481406,2.065372229668549,-3.034095122461097,-0.18336598297649864,1.701861342153907,4.348132268975177,-4.136916791011018,-1.1497560609995432,1.7048422378973074,-4.133612999658753,-2.9008580093522736,1.2640177917005486,-2.8617898800150208,3.9675187457959833,0.9864517634650953,2.1514572019469416,-1.5645094178779493
numHidden 	5
numGenes 	48
seed 	1585600274921
random 	java.util.Random@76fb509a
popSize 	80
maxEvaluations 	20000
minGene 	-3.0
maxGene 	3.0
tournamentSize 	5
crossoverPoints 	1
mutateRate 	0.3
mutateChange 	0.5
mutateRatio 	0.5
mutateRateSmall 	0.1
mutateRateLarge 	0.8
wepMax 	1.0
wepMin 	0.2
expAccuracy 	6.0
minTravel 	0.0
maxTravel 	2.0
neuralNetworkClass 	class coursework.ExampleEvolutionaryAlgorithm
Training Set Training
Fitness 0.008422089535371066