-2.9318339311791943,-3.1548480015473217,-0.37293054287195826,2.2500921069415813,2.0438137527250895,-2.915538109611969,4.275510050111738,-6.498504679740989,4.748325676542922,3.9489047092931653,-5.7683155091741565,-1.8435317601781334,-2.0628073726469514,2.287638631193662,6.1099209444911,1.894781012872464,4.8350659575449075,-1.5727342244589266,4.2672357856410486,-4.777929363368729,0.7403097081970387,0.4782926123749909,0.7521705004430723,0.18312152814255622,-0.4168207487347457,0.21983677757113806,0.09972961734820807,-0.598008119220883,-0.6144673813772474,1.2408422023509607,-0.027325482715043314,6.906142067196182,0.9622920274687505,-4.420470684651878,1.4566457334026313,5.247033325078566,-1.1866752427046903,4.031946809596672,-1.4645027445489234,3.6560247648663076,-1.2864714174046403,3.854052610002473,0.7606382443689315,-3.5336112809264835,5.010060746320416,1.5019769040590258,0.6786367335748826,-4.699835414249496
numHidden 	5
numGenes 	48
seed 	1585600274921
random 	java.util.Random@76fb509a
popSize 	80
maxEvaluations 	20000
minGene 	-3.0
maxGene 	3.0
tournamentSize 	5
crossoverPoints 	1
mutateRate 	0.3
mutateChange 	0.5
mutateRatio 	0.5
mutateRateSmall 	0.1
mutateRateLarge 	0.8
wepMax 	1.0
wepMin 	0.2
expAccuracy 	6.0
minTravel 	0.0
maxTravel 	2.0
neuralNetworkClass 	class coursework.ExampleEvolutionaryAlgorithm
Training Set Training
Fitness 0.009878242299614133