-4.693109948235165,-1.5856439556092878,-0.1874070013508955,2.118375060774661,2.480094709850598,-2.0778350470580955,5.45615742880188,-3.796291784956656,2.417272910524124,0.14830990900342922,-5.388077509119169,-0.8335973941139829,-1.1989496268828104,-2.986379435624774,4.473186567698439,1.0804971548644415,5.692964140886646,-5.152945445772996,-0.6993889030666072,-1.1032853172321317,1.5858086146600794,-1.931525820127666,2.493150886850364,-0.17880129373574505,-4.808437648241875,0.11031927906314021,0.23533999552723994,-2.4807321219842056,5.958809437751435,0.9519727548033554,-2.4628741081550096,3.3559024467981233,-1.3938997199701544,-3.351216805692924,0.8004061042774939,5.425025071461805,1.0051575982034953,0.6643460014839637,1.0003255387606416,-1.082956751389843,-0.0681192331388718,0.27986336163914505,0.7891211154892006,-2.0866673940285927,-0.5604526903286766,2.491817055255913,0.9486437504067817,-1.016416653314351
numHidden 	5
numGenes 	48
seed 	1585600274921
random 	java.util.Random@76fb509a
popSize 	80
maxEvaluations 	20000
minGene 	-3.0
maxGene 	3.0
tournamentSize 	5
crossoverPoints 	1
mutateRate 	0.3
mutateChange 	0.5
mutateRatio 	0.5
mutateRateSmall 	0.1
mutateRateLarge 	0.8
wepMax 	1.0
wepMin 	0.2
expAccuracy 	6.0
minTravel 	0.0
maxTravel 	2.0
neuralNetworkClass 	class coursework.ExampleEvolutionaryAlgorithm
Training Set Training
Fitness 0.019624507885682242