4.919000621896322,-0.42119280497210365,0.6197570391695573,0.9877721376964255,-1.7015614264076429,-0.9077907114215087,1.7983944420299007,3.4000421749813485,-3.394771206212978,-2.852061454723166,4.468598683982648,2.240515994642866,1.8885871807774057,0.3456893131683465,-1.716763723764509,3.840272402807975,-2.3534817120800735,0.3419012005865576,-6.186450483031021,-0.4011728150297733,2.5155394606158623,-1.409117047981765,-1.732041088358069,-0.7805846580781635,1.9225396741253844,-0.5731045610078347,-3.519420682983588,6.251101031931265,0.5833378040547323,3.025593996931261,3.0690473656621666,-3.293395512908118,-1.4609392495552456,0.6835646989766326,1.0346555318404662,-1.6159297805419577,1.5140659094111264,0.7251407269722945,-3.221089600714313,-0.7358970107639311,1.9544921293632571,-3.516078889283052,0.8387997258924287,-1.769347519334242,3.7238813330093965,-1.4173747497897762,-0.1772999431702793,-1.1065731957505882
numHidden 	5
numGenes 	48
seed 	1585600274921
random 	java.util.Random@76fb509a
popSize 	80
maxEvaluations 	20000
minGene 	-3.0
maxGene 	3.0
tournamentSize 	5
crossoverPoints 	1
mutateRate 	0.3
mutateChange 	0.5
mutateRatio 	0.5
mutateRateSmall 	0.1
mutateRateLarge 	0.8
wepMax 	1.0
wepMin 	0.2
expAccuracy 	6.0
minTravel 	0.0
maxTravel 	2.0
neuralNetworkClass 	class coursework.ExampleEvolutionaryAlgorithm
Training Set Training
Fitness 0.01185104996831685