-6.5248420684751745,-1.7575934560874877,3.799071627196728,2.082578594225784,2.0833650904996768,0.010828256166095507,-0.7777969277419465,-3.8748063325230317,3.385505342288411,-6.4883174414284985,-5.758622426178581,0.5430923071570666,2.1248104799334886,1.1205885924511296,-0.5489947903333805,-1.4041714495181816,-2.2640637963340744,-1.4566724012167005,6.087021956736869,-1.0665267127086313,0.47296423555582123,-3.1473904206300176,5.00493626708786,0.5276701470750824,5.398453148189574,-0.06462337119021999,-2.6326830194988853,2.450301659642447,0.15258634394309212,1.3960897122195206,-2.971051726814716,3.9375761498013517,0.8702744492485763,-0.7400665191385407,1.2013792805029393,2.039524015530027,2.213681070807829,-0.5564827232494503,2.3167714328471725,3.6620327076912798,-1.9879281985639459,4.651062648333218,-1.708617052329716,-0.15783551830016718,-1.5386671997816412,-2.5757033290418025,1.2778744053070676,0.06952823276434206
numHidden 	5
numGenes 	48
seed 	1585600274921
random 	java.util.Random@76fb509a
popSize 	80
maxEvaluations 	20000
minGene 	-3.0
maxGene 	3.0
tournamentSize 	5
crossoverPoints 	1
mutateRate 	0.3
mutateChange 	0.5
mutateRatio 	0.5
mutateRateSmall 	0.1
mutateRateLarge 	0.8
wepMax 	1.0
wepMin 	0.2
expAccuracy 	6.0
minTravel 	0.0
maxTravel 	2.0
neuralNetworkClass 	class coursework.ExampleEvolutionaryAlgorithm
Training Set Training
Fitness 0.011677189987160944