4.208768238381792,-2.6358781124366377,-1.2706925123301365,-1.9715960530218353,1.9671645849021298,2.179707489093076,3.5650738406895925,-1.96284305352785,2.7722216271191,3.655630953402608,6.106655522347201,-4.549109271328234,0.1521660845263204,-4.341124618335215,0.8963706122343886,1.1796027354380705,0.5045797905690728,2.8751834332477486,-0.26634244583438527,6.244740388269083,-1.8867915837587501,-1.6597014271808126,-1.878581577195999,-2.2553327135667223,0.8881630923434152,0.5307853633637256,0.3061355274949551,3.4068387266813556,1.5385279298647605,-0.013622022398864342,-0.535232848465367,-3.709924070585659,-0.2417295928883827,-4.113157656043734,2.6651700284247255,5.436683042051118,1.2422892326604078,0.4446159142696593,-0.12315571002131076,-0.3684286551910594,-0.12126992414113325,-1.949334736362565,1.3068408182137912,-3.7795201329803376,4.930495677315361,-0.375327316248546,0.2712195361196714,-0.32820043182537617
numHidden 	5
numGenes 	48
seed 	1585600274921
random 	java.util.Random@76fb509a
popSize 	80
maxEvaluations 	20000
minGene 	-3.0
maxGene 	3.0
tournamentSize 	5
crossoverPoints 	1
mutateRate 	0.3
mutateChange 	0.5
mutateRatio 	0.5
mutateRateSmall 	0.1
mutateRateLarge 	0.8
wepMax 	1.0
wepMin 	0.2
expAccuracy 	6.0
minTravel 	0.0
maxTravel 	2.0
neuralNetworkClass 	class coursework.ExampleEvolutionaryAlgorithm
Training Set Training
Fitness 0.0057443557823374375