-3.273086888716078,1.2556945534683883,1.881785507258085,-3.8844371094624357,3.9484069736356204,-2.3856553523375394,3.374300135759822,-9.387819075820932,4.855422368757053,0.5996145764942997,1.8151059333879347,4.124352912425168,0.75323849281082,-4.272151516182738,6.557552227533291,-1.751833871024547,-2.904372987146929,-8.664005554816143,-4.489482154212937,1.8723533212906787,-1.1244568695058041,-4.1906971499513155,1.7387027531621155,-3.587828658371822,3.040273962544494,2.9278415627203866,1.1384839868865682,-0.22030396769161675,0.6168507606243314,-0.2578321349985042,1.4047405323368414,1.2832426895917057,-1.5780198782910035,1.8514825073066679,-8.712762310252902,0.8544249908856711,-0.7216837565529675,3.8873468798301305,-9.961284058469143,-1.2714584660851969,-0.598479957094542,-2.112100834366691,4.987591446967317,-6.110462058063478,2.9571227323114275,-1.8254659195416527,4.5012884957657056,-0.9913040317175468
numHidden 	5
numGenes 	48
seed 	1585683342880
random 	java.util.Random@76fb509a
popSize 	80
maxEvaluations 	20000
minGene 	-3.0
maxGene 	3.0
tournamentSize 	5
crossoverPoints 	2
mutateRate 	0.4
mutateChange 	0.8
mutateRatio 	0.5
mutateRateSmall 	0.1
mutateRateLarge 	0.8
wepMax 	1.0
wepMin 	0.2
expAccuracy 	6.0
minTravel 	0.0
maxTravel 	2.0
neuralNetworkClass 	class coursework.ExampleEvolutionaryAlgorithm
Training Set Training
Fitness 0.01131443244713095