1.768812786857495,2.119401528028023,-3.405667374092726,2.227257294639193,1.9104562504022156,-4.302620482907249,-8.915034633482183,-6.020129840723132,0.406148563889843,-3.783220607491657,0.06133668926719049,2.3366066689921965,-4.763731492806146,-0.07559013017604665,0.6725550333887369,6.88666548815331,-2.901146272368205,-0.6853477645500141,7.189837541789026,3.2861036275346365,-2.125986998721367,7.709924527622873,5.8690054858030765,-1.2656233983339547,-6.873041230275959,-2.429450782794988,-0.9272110945013234,0.439112443036636,-2.942437427110937,3.982059123597586,-1.9346724095476608,0.2888366842953043,-2.364813697360492,7.908209836893258,1.8158710697381666,-4.7626562678830675,-5.924090135023345,8.325702545926779,-3.239214757066045,-6.425098854256014,1.125128405821636,0.6718558532576262,2.172582328998751,-2.0795481922099874,-1.5981436298858809,-2.0608028957996556,1.3167378823661735,-2.7845329923680877
numHidden 	5
numGenes 	48
seed 	1585683342880
random 	java.util.Random@76fb509a
popSize 	80
maxEvaluations 	20000
minGene 	-3.0
maxGene 	3.0
tournamentSize 	5
crossoverPoints 	2
mutateRate 	0.4
mutateChange 	0.8
mutateRatio 	0.5
mutateRateSmall 	0.1
mutateRateLarge 	0.8
wepMax 	1.0
wepMin 	0.2
expAccuracy 	6.0
minTravel 	0.0
maxTravel 	2.0
neuralNetworkClass 	class coursework.ExampleEvolutionaryAlgorithm
Training Set Training
Fitness 0.02879325501885555