3.3876153025680757,5.671126201455463,-3.0097190331206365,2.7238896504880064,-4.51716561401643,-1.0792489463829829,3.5566039824748543,2.176983932197749,6.04882680617946,2.3375447164692282,4.679982721605651,-0.1673095318201978,-6.1811930695560395,2.2567721021997293,-10.845404083569568,1.9179348404820364,0.23977933961506737,3.0841511953375544,8.503569754483559,4.096535894329665,-1.728142708014614,-1.9180987266500977,0.7244896418126592,1.4545927341883014,-0.752152976618254,0.7480840817020507,0.35770601233842814,0.32464472822462387,-0.7513106066558832,0.20123621206479725,3.4561302385421175,-2.4799974483923517,-0.07834511076498796,-5.20559882957214,-0.893291854444914,3.383044437888433,-4.253122408463893,6.073010840592951,1.5850265092639761,-1.4676673316900375,-6.445275890788889,7.791775601802213,-4.102513581556173,1.0751114249228966,1.586751229659461,0.005244837328932883,-3.914967708104956,1.8865972564324645
numHidden 	5
numGenes 	48
seed 	1585683342880
random 	java.util.Random@76fb509a
popSize 	80
maxEvaluations 	20000
minGene 	-3.0
maxGene 	3.0
tournamentSize 	5
crossoverPoints 	2
mutateRate 	0.4
mutateChange 	0.8
mutateRatio 	0.5
mutateRateSmall 	0.1
mutateRateLarge 	0.8
wepMax 	1.0
wepMin 	0.2
expAccuracy 	6.0
minTravel 	0.0
maxTravel 	2.0
neuralNetworkClass 	class coursework.ExampleEvolutionaryAlgorithm
Training Set Training
Fitness 0.008745246843042308