1.4396000750640645,1.2227246858600547,0.26349229577677025,-7.727351168997267,-2.6117058095362378,3.6110618146650975,-1.9015935704616964,1.9551977383473724,1.18523039240615,7.070919773219785,0.40719126770738834,5.821127324010156,3.772100401934839,-3.3613995522689084,-2.759415494586823,6.645712142663695,5.0198971404787285,5.987134712083477,0.9066641832290199,2.0136894855212413,0.49761918214517786,-1.8727649403057567,2.264759066779198,4.5562242510558,-1.8197182123624536,-0.24626557052548326,-4.584874283147371,-0.846419574982435,-1.3795606013383248,-0.38413808962792384,-0.6778070985891307,1.9041149476938355,10.293361847134827,0.6145101529082533,-0.17255479462572887,-3.7694170681046,1.9043309190739672,-3.4826596280349476,4.363142241957723,-1.7503243578676744,3.764772241109619,0.05918270396114145,-2.8071928079286073,6.670729731349893,6.162303978918758,-1.0042416560679812,2.9276283867264974,2.793739915889353
numHidden 	5
numGenes 	48
seed 	1585683342880
random 	java.util.Random@76fb509a
popSize 	80
maxEvaluations 	20000
minGene 	-3.0
maxGene 	3.0
tournamentSize 	5
crossoverPoints 	2
mutateRate 	0.4
mutateChange 	0.8
mutateRatio 	0.5
mutateRateSmall 	0.1
mutateRateLarge 	0.8
wepMax 	1.0
wepMin 	0.2
expAccuracy 	6.0
minTravel 	0.0
maxTravel 	2.0
neuralNetworkClass 	class coursework.ExampleEvolutionaryAlgorithm
Training Set Training
Fitness 0.009368262800160645