-6.417786208682363,3.1695549689768168,1.153130946809469,1.8753353609565024,2.5188337592186776,-1.3789484961013805,2.6515970767475148,6.162139040713433,-3.9140473814390075,-5.407814164814833,-2.041646830803302,3.222443826783196,-1.8331663769666782,4.549602654956713,0.2693512627769008,-4.509327194033464,0.521497442578162,5.911187426068148,1.878050870020375,-1.5257873298718139,-3.7797125940400846,-2.1778008932806685,1.197672987527308,1.8779373725535409,4.059173645900798,0.19928576522716468,0.5417145775177556,-0.8475301484910971,-0.1926863308097726,-4.031995234401264,-2.037342034871231,5.078379961927334,0.5419534133473705,0.6374533839839054,-8.605397541221043,-1.2328796311614008,-3.8516734365705165,-2.1844501250823978,9.552672478481018,5.075868297934101,0.531621860513279,-4.3201568422698395,0.9310772329698851,1.6934771191776574,-5.444891405581837,-2.64991162063829,4.6284611946127185,-0.32246324285725025
numHidden 	5
numGenes 	48
seed 	1585683342880
random 	java.util.Random@76fb509a
popSize 	80
maxEvaluations 	20000
minGene 	-3.0
maxGene 	3.0
tournamentSize 	5
crossoverPoints 	2
mutateRate 	0.4
mutateChange 	0.8
mutateRatio 	0.5
mutateRateSmall 	0.1
mutateRateLarge 	0.8
wepMax 	1.0
wepMin 	0.2
expAccuracy 	6.0
minTravel 	0.0
maxTravel 	2.0
neuralNetworkClass 	class coursework.ExampleEvolutionaryAlgorithm
Training Set Training
Fitness 0.013085411787221578