1.7563833342262212,-0.9051387806326301,5.994344421934452,-1.0627675280491382,1.436111680823913,-5.277726801625816,-4.523460274074494,-1.5654392725904749,-1.2196832120681307,-0.2634528242182712,2.679169068086364,-0.0659850538591995,10.015059621701575,0.6576590402343143,3.5502542614654526,-3.6820268086243226,-4.585495223299333,1.2944706423277503,1.4883586441517769,-1.9669164672989679,2.5630987684581408,-0.9631908136928202,1.7294983887977,-4.722395890854998,-1.3210219632436002,-1.272988908076467,0.045051909484490116,1.1716810653248564,-6.516053999900057,-4.570365079929851,1.0581261755421323,-1.2696473143605405,-5.070347971036776,-3.6107675605831044,1.462591781774502,-5.5540190057061425,5.917373989642033,-4.7763618882977825,-1.4563057882955686,1.2513632202750016,0.2155045251737595,-1.7502381958861528,3.2434748646419322,0.09105391869751522,6.457680894756097,-1.0747705809513024,3.15543798386801,1.1477435908983389
numHidden 	5
numGenes 	48
seed 	1585683342880
random 	java.util.Random@76fb509a
popSize 	80
maxEvaluations 	20000
minGene 	-3.0
maxGene 	3.0
tournamentSize 	5
crossoverPoints 	2
mutateRate 	0.4
mutateChange 	0.8
mutateRatio 	0.5
mutateRateSmall 	0.1
mutateRateLarge 	0.8
wepMax 	1.0
wepMin 	0.2
expAccuracy 	6.0
minTravel 	0.0
maxTravel 	2.0
neuralNetworkClass 	class coursework.ExampleEvolutionaryAlgorithm
Training Set Training
Fitness 0.011997563530653158