1.94326013541876,-4.515689525937855,-8.852619147201494,4.349728841140544,5.073960190642343,4.7727046404052915,1.3198556384993283,-3.2693632538224255,1.1715885838271043,3.7632098159144833,5.620240638058766,-6.573904219667994,1.0180530645772636,-2.224268609127402,2.0125137064895116,6.922715820973332,5.419206576953327,3.1466371439288103,-0.8381926764981649,-0.8794376999666635,-1.0698304765631463,3.6080141983110696,-4.5211953789119494,3.1717350800513886,-2.404667776123719,-0.4816190338825832,-0.3074726184240393,0.08675574737647307,0.49301315564570136,0.5032405055457541,-0.9491773529941172,-0.44554932592604013,5.851071135831171,-5.514652905607366,2.9037088578297894,2.886258240531797,-0.8506242879450263,0.493538454671441,1.7681066542182662,0.22709034992195343,0.6470954184189135,2.274303442412031,0.06689642663659678,-6.017421912337618,1.7033564788784126,-0.9963891267307687,-2.454877399201229,0.7342358861800193
numHidden 	5
numGenes 	48
seed 	1585683342880
random 	java.util.Random@76fb509a
popSize 	80
maxEvaluations 	20000
minGene 	-3.0
maxGene 	3.0
tournamentSize 	5
crossoverPoints 	2
mutateRate 	0.4
mutateChange 	0.8
mutateRatio 	0.5
mutateRateSmall 	0.1
mutateRateLarge 	0.8
wepMax 	1.0
wepMin 	0.2
expAccuracy 	6.0
minTravel 	0.0
maxTravel 	2.0
neuralNetworkClass 	class coursework.ExampleEvolutionaryAlgorithm
Training Set Training
Fitness 0.010918035162974443