-8.203000015796801,-1.7202952670467209,4.4283756680689095,-1.9006818212057721,0.5363954262371882,-0.9183017007764602,-3.5767104600970407,2.361612461064648,3.1769952376232764,3.4595800236039,0.7898659800211951,-4.912576444741578,3.222085463782771,-4.406053013718782,1.698567990761269,7.645036109698755,-7.313204627583911,0.5063260108823904,-3.27503455337419,7.5622227074301005,-1.163804574085026,0.7272068957931972,-0.9876687491122038,-2.178222679581265,1.3745270460880723,-6.4740546059654145,2.756093351128976,0.08699891155250916,0.5101019983750588,0.06598461658662291,5.085851366329118,-0.5609122060724423,-3.572921903394807,0.9409664235661479,-6.451857566164415,-4.632201490983666,4.166336364083473,-3.6357519280654804,-0.45665006709879163,-5.273384848444214,4.181415470489536,2.1328448442936043,0.10893777430017759,-2.5503569519176024,5.253873060257376,2.7535538848802386,4.688275639369017,-0.9225212358256192
numHidden 	5
numGenes 	48
seed 	1585683342880
random 	java.util.Random@76fb509a
popSize 	80
maxEvaluations 	20000
minGene 	-3.0
maxGene 	3.0
tournamentSize 	5
crossoverPoints 	2
mutateRate 	0.4
mutateChange 	0.8
mutateRatio 	0.5
mutateRateSmall 	0.1
mutateRateLarge 	0.8
wepMax 	1.0
wepMin 	0.2
expAccuracy 	6.0
minTravel 	0.0
maxTravel 	2.0
neuralNetworkClass 	class coursework.ExampleEvolutionaryAlgorithm
Training Set Training
Fitness 0.009124910048055527