0.6705969367211373,2.2566619674625237,2.087831542191072,-0.8050144039787841,0.6498248850781283,0.12297485606620229,-1.1477024144920318,-6.807794239888951,-3.9259166865619317,-6.464361199033048,-1.6880388205168921,6.073131341652602,1.3555901803840367,-7.146054704936088,0.6194774985641038,2.2554857519943283,-6.0104542454609975,-2.3581319453826373,-5.34446936227459,-6.507190907856808,-2.809429801351521,-2.9262243189508483,-2.4692689342559886,-2.1392750120587767,2.8876090730503163,5.267633753066914,0.25001733617973065,1.880232659589996,0.6874807675281951,0.2615218452003203,-1.5004494034186158,-6.564491148485633,3.6512962531106927,1.2717730401390412,-6.149074734608786,-1.0099577895782952,4.239943229940193,1.2063131041389112,-1.6895680259708872,-5.312993084388806,1.4931482647827432,-1.6473825999824772,0.5992483516074394,0.573539437912622,-5.3068927629451235,0.4144064027720389,2.806941644394806,-0.09096053623409417
numHidden 	5
numGenes 	48
seed 	1585683342880
random 	java.util.Random@76fb509a
popSize 	80
maxEvaluations 	20000
minGene 	-3.0
maxGene 	3.0
tournamentSize 	5
crossoverPoints 	2
mutateRate 	0.4
mutateChange 	0.8
mutateRatio 	0.5
mutateRateSmall 	0.1
mutateRateLarge 	0.8
wepMax 	1.0
wepMin 	0.2
expAccuracy 	6.0
minTravel 	0.0
maxTravel 	2.0
neuralNetworkClass 	class coursework.ExampleEvolutionaryAlgorithm
Training Set Training
Fitness 0.006655912655598471