7.241584699751261,0.8970604628622167,-0.6684331607582186,1.9533465806972783,3.377100054638917,0.4122732910615876,-3.2840784044467703,-0.47201482752603985,0.7331269006179881,4.6464131263237505,-0.5738476597610982,4.509202322780944,-0.16460224843904236,2.1776376732896034,6.146013122980423,-3.02614772180796,-3.6649098689446094,-4.509453299296462,6.16205212879609,4.585343400409039,-1.265739246540435,-1.5139684322932565,-1.9609206295391493,0.12106814929974319,0.12553672683378525,-1.827389511316549,-0.03250734959957047,0.682346877101524,0.7886529297144822,0.24317805595530317,3.177349140319836,-4.761043925179719,-0.24699573392780683,5.501544466811268,-3.6970218195249993,-6.592824374847161,-2.1817561173004156,0.06875358507187346,-2.7595355203402274,2.7863637349234005,-1.3268823751863168,2.6918255354603406,1.0133709527661034,-5.921338743859715,2.3146651690193236,0.8507793140916831,-2.75931507307521,-2.69858936065883
numHidden 	5
numGenes 	48
seed 	1585683342880
random 	java.util.Random@76fb509a
popSize 	80
maxEvaluations 	20000
minGene 	-3.0
maxGene 	3.0
tournamentSize 	5
crossoverPoints 	2
mutateRate 	0.4
mutateChange 	0.8
mutateRatio 	0.5
mutateRateSmall 	0.1
mutateRateLarge 	0.8
wepMax 	1.0
wepMin 	0.2
expAccuracy 	6.0
minTravel 	0.0
maxTravel 	2.0
neuralNetworkClass 	class coursework.ExampleEvolutionaryAlgorithm
Training Set Training
Fitness 0.011436523153357222