-4.440670024405758,2.9649997870053246,1.9165005247457862,5.273150786960833,-1.5071947885981871,-3.314236483695841,-10.864098027695315,4.4812079382124805,-0.22023107086075355,2.1370807853357525,-8.262752083796382,3.845815654904178,3.2791619495181985,-2.381601484785989,-2.428847897926557,3.0247651556464445,-6.171975771303598,-1.1028192869818487,-1.3791775029534878,-4.183939963414412,0.46777237251457526,1.6654990793667943,1.6858568644965604,1.0333820354099075,-5.013011001913552,-0.4333112819079572,0.4497183188178355,3.7461374989887837,7.622726499511163,1.8542573785479248,-6.92253934875394,7.096256820448241,-1.3070119830509357,1.8272300120396803,3.253462979236149,-7.245187796737754,-2.0640258912358194,1.3342042477123843,0.83554564804533,2.0228071502245157,1.105572221446219,-2.3689046933593074,-4.886627832737696,-1.1508964210247743,-0.3099918996709994,0.5789101247521935,0.1207319274762495,3.1518650077178245
numHidden 	5
numGenes 	48
seed 	1585683342880
random 	java.util.Random@76fb509a
popSize 	80
maxEvaluations 	20000
minGene 	-3.0
maxGene 	3.0
tournamentSize 	5
crossoverPoints 	2
mutateRate 	0.4
mutateChange 	0.8
mutateRatio 	0.5
mutateRateSmall 	0.1
mutateRateLarge 	0.8
wepMax 	1.0
wepMin 	0.2
expAccuracy 	6.0
minTravel 	0.0
maxTravel 	2.0
neuralNetworkClass 	class coursework.ExampleEvolutionaryAlgorithm
Training Set Training
Fitness 0.008177702868186861