-0.5124280360026003,-6.015893937296924,9.136803008619802,0.8870936666115461,-0.7864085111509316,-9.451503729697915,-3.7267439315615984,-3.264327285036675,-4.398636773578064,-0.7731013775889224,-1.2990825960641295,-3.482243385278167,4.465321043159303,-0.9948600081551704,-6.95866281042723,-8.842778473282337,5.2627374214507485,-0.7261860605064911,-0.9280828727087869,-0.6383341044197279,-0.9560861615679981,3.2957064070250643,0.4742798597763316,-1.4429933754615119,-9.33852389435027,-0.6028520416575156,-1.1388282014160938,-0.5141099393424688,3.3286974793477597,2.9204166212731337,-2.884529157461154,0.1906756172312678,-8.228779063730645,3.5064127077109593,7.578979541008539,0.00903107112869006,8.390500339781521,-2.7435730496090396,-0.9919253145385944,-2.9495289907952804,-2.9269047731055613,-3.370894062968227,0.05334917731657285,1.6504896525409396,-0.22180833005396683,3.972224918873013,3.2894851656618034,-2.628930999331585
numHidden 	5
numGenes 	48
seed 	1585683342880
random 	java.util.Random@76fb509a
popSize 	80
maxEvaluations 	20000
minGene 	-3.0
maxGene 	3.0
tournamentSize 	5
crossoverPoints 	2
mutateRate 	0.4
mutateChange 	0.8
mutateRatio 	0.5
mutateRateSmall 	0.1
mutateRateLarge 	0.8
wepMax 	1.0
wepMin 	0.2
expAccuracy 	6.0
minTravel 	0.0
maxTravel 	2.0
neuralNetworkClass 	class coursework.ExampleEvolutionaryAlgorithm
Training Set Training
Fitness 0.013442019011979963