-2.7049962897488182,6.412691690865743,-0.6998605724902872,0.8720119996292967,1.52764944301265,0.7688669383899781,-1.5015932284505973,-4.613982686126869,10.779480424689698,6.100084635924236,-4.230402862655806,8.183787326917335,-2.588921291688756,7.305213681419552,-0.6163628330662918,4.163686649688854,-8.219944846650145,-9.993219262690506,-5.304497995445814,4.495805956483125,-5.935476494942415,-0.9955087449055194,-1.5928040870429987,5.94869035668571,0.6601093405983482,3.4215344727108206,0.010978806238968075,0.203576863258628,-4.178350948833768,-0.7613622195397312,-0.4170422886349082,-1.164648541152419,2.210268013617318,3.004669339613436,-5.212244791292252,-2.3538308331781153,0.6190062435259669,-3.6520967426403304,-5.145235304801609,-0.6484683537673075,5.37863631612894,-3.193699459808865,0.18568480781949703,2.1305597142199377,12.385276368732034,-0.7590092134311923,-5.181640549002648,1.540536719701619
numHidden 	5
numGenes 	48
minGene 	-3.0
maxGene 	3.0
tournamentSize 	5
crossoverPoints 	2
popSize 	50
maxEvaluations 	20000
mutateRate 	0.5
mutateChange 	0.9
seed 	1583878160569
random 	java.util.Random@76fb509a
neuralNetworkClass 	class coursework.ExampleEvolutionaryAlgorithm
Training Set Training
Fitness 0.012466470090361347