3.507874504090339,2.1198233478692985,-7.752444193483152,-4.314168571062218,-3.2969132815458226,-1.6543578695869807,5.6710548849843425,-0.3180322095348982,3.272382096154374,5.680740843830054,-1.1608206969456027,5.62706828362889,-5.846237000730564,-6.823808880640162,5.011803999658066,-0.9507781318326342,6.529629350901729,-4.681096535624865,8.816127281403578,-5.085862163914999,-8.274046425678472,0.2581607338124726,-5.058156475701303,1.7323610693406253,-7.434714636217556,-1.1120302423057273,-0.16066867326848333,-6.832976817055321,0.2501359008599492,6.191758239299437,-1.4360979066992359,-3.018720062490071,1.3060277142328713,4.693059747202046,-1.5241501961961488,6.39543878336909,1.453726116880841,8.280435467560732,2.2812501277427755,-7.057853771426628,4.807909639358065,7.18699095056307,4.569942635520603,-0.0861400721728609,-0.5852356380809673,-2.495542679550047,2.6661133835716035,1.3901907043220647
numHidden 	5
numGenes 	48
minGene 	-3.0
maxGene 	3.0
tournamentSize 	5
crossoverPoints 	2
popSize 	50
maxEvaluations 	20000
mutateRate 	0.5
mutateChange 	0.9
seed 	1583878160569
random 	java.util.Random@76fb509a
neuralNetworkClass 	class coursework.ExampleEvolutionaryAlgorithm
Training Set Training
Fitness 0.007520887452802495