-0.17944571813522647,3.759678114522448,1.5482949576180371,2.6816541356941905,7.367450943768541,-7.1586703142369075,11.570623603134136,-13.693349047279161,-1.273605690535883,3.1590475570302927,0.5736930891260726,7.285656431126194,2.780480273150347,0.5789541744883512,6.258944912856505,8.966946273368201,-10.77370800948881,-8.851396844742785,6.761386858687459,6.203036831976512,6.893604031363637,10.534399634471038,-0.19952287654055467,-3.6161770756415756,-0.3167812792674102,5.879835691323502,1.2006736486497873,0.023263479988245628,-1.7916778862039373,-0.4559524108022581,-1.926129995553067,0.9768964478114758,0.697794426748455,7.5501290356847575,-7.402260008952742,-3.6438608072347107,3.3304581308566363,-0.019948452931153993,-9.196690368441622,-4.668501201934843,-1.1827087853644098,1.1979668124669822,6.401870021680354,-9.519506715295247,4.234180928739918,-7.5339110831547025,0.8356429382515324,3.637250717778478
numHidden 	5
numGenes 	48
minGene 	-3.0
maxGene 	3.0
tournamentSize 	5
crossoverPoints 	2
popSize 	50
maxEvaluations 	20000
mutateRate 	0.5
mutateChange 	0.9
seed 	1583878160569
random 	java.util.Random@76fb509a
neuralNetworkClass 	class coursework.ExampleEvolutionaryAlgorithm
Training Set Training
Fitness 0.008197408137137575