-7.748946297958549,11.163030095442275,2.7558808275092956,0.12887982567374734,-6.466743549052929,1.982447947050344,-3.4436797827419796,11.592022467354685,-1.9206492572763127,0.7445333243151941,3.9239474963029455,11.673831406189697,-0.8671819853716499,0.26270759966434853,5.267712112821961,-4.021157788196283,0.7383257873277531,9.224181967507809,0.5827024279581348,-3.0891464140262777,10.19585353496962,4.705632993722826,0.5036354700454305,-0.3136069622865322,10.337927049764536,8.366742184971505,0.01794649699065798,-0.5807741476108007,1.306100064310606,2.709880903595317,3.3386010819487812,6.506287125332994,3.6004229557183343,10.906853746529952,-8.326939189791267,-1.616511111301428,-6.1812915960919455,-1.8839511077654758,9.26939950146186,-1.9330822695423722,2.0760244044223706,-1.865595465854243,-11.180806383501515,-6.554303737377732,-0.6515545081440085,3.1925408822974446,1.1088076095977284,0.9830773524307815
numHidden 	5
numGenes 	48
minGene 	-3.0
maxGene 	3.0
tournamentSize 	5
crossoverPoints 	2
popSize 	50
maxEvaluations 	20000
mutateRate 	0.5
mutateChange 	0.9
seed 	1583878160569
random 	java.util.Random@76fb509a
neuralNetworkClass 	class coursework.ExampleEvolutionaryAlgorithm
Training Set Training
Fitness 0.015721765608683335