2.080941070131955,4.381805272481197,3.337328557094471,-2.4222129918128807,0.6617313087260087,-7.570755239728513,3.647875014367702,3.9754407095659596,0.4100092246986654,-8.352810461070417,2.500740834642494,4.354914572380153,4.777895284566,-6.876845469083447,0.1961081905375084,-2.658262022150062,1.0001472483336866,-3.3156525464033346,-2.719259237213908,-6.838307128717787,0.41792474058872064,-0.8614454610939045,-3.674251211202111,-0.6296577030470142,2.0781642910540037,6.571882106318272,0.6664494092360254,0.09977732746888157,0.3513032185951428,-0.03919590782264337,1.0987463066174898,-2.663866832678532,-4.796002444697188,5.467298542929452,-1.212466067343407,-3.071139006196236,0.34474082547861484,-6.1735737815017355,0.8758944516207702,-11.50625000636019,-0.20089606485343414,6.192152272937593,5.971384412604539,2.9512410654638774,-10.60089779465422,0.5078201667796581,2.595333546456624,3.1119618768039117
numHidden 	5
numGenes 	48
minGene 	-3.0
maxGene 	3.0
tournamentSize 	5
crossoverPoints 	2
popSize 	50
maxEvaluations 	20000
mutateRate 	0.5
mutateChange 	0.9
seed 	1583878160569
random 	java.util.Random@76fb509a
neuralNetworkClass 	class coursework.ExampleEvolutionaryAlgorithm
Training Set Training
Fitness 0.009681189394387106