-4.270931765354891,5.965086567587051,-1.4461264568256986,-6.520575827919843,-0.6577615641071469,0.8263683513591283,5.394569529409494,3.4259163940113244,0.022572083095640183,-12.827889005156079,-7.1954932851012074,5.453270611755941,-5.082537560983533,-4.716966264960708,0.4469751842067454,6.116250500117619,-1.1192396515627578,-0.10354883567647322,-3.08423096649323,-13.129113046506491,-2.8916896192149864,-3.163530881797048,0.7314743609769775,-6.18944059673347,4.622163147618753,-2.436530779561136,-0.05497792864421558,1.5574462975026466,0.9096024132749129,-0.39365063985688586,-3.0189897072500265,-5.458638677667182,-0.8522633542630292,12.624965464440836,-5.728337168139077,0.42573038924961426,-2.7434851518352197,-6.878289740319444,3.538151914651506,-1.1443035435809281,-1.4773661868664587,-3.5198552466293167,7.5693679629315,-2.3939260748974864,-8.97608404891814,2.855085441802249,0.22908315190306927,-8.602890223145591
numHidden 	5
numGenes 	48
minGene 	-3.0
maxGene 	3.0
tournamentSize 	5
crossoverPoints 	2
popSize 	50
maxEvaluations 	20000
mutateRate 	0.5
mutateChange 	0.9
seed 	1583878160569
random 	java.util.Random@76fb509a
neuralNetworkClass 	class coursework.ExampleEvolutionaryAlgorithm
Training Set Training
Fitness 0.018668370755932442