6.324078495326366,7.9568530919122,3.299619819276384,-1.1120285275101374,2.544595756779992,-3.196062036888201,-3.8032336933680315,-0.5749005304356836,4.683452169554378,10.934479180983468,1.603324798188995,7.276830977137534,-2.0330432502197873,-2.0595001825392636,3.6763608750343075,0.10801083996637739,-2.269896847484486,1.1247856236537301,5.592702372444151,2.411536345024175,5.582525691945815,2.0307994374378633,0.00138659845899336,-3.7553196385056524,-8.347435956401425,-2.508948526515753,0.6329136422395772,-4.221578149565831,-3.147854261494843,-0.5884988496982365,2.767691430448764,-2.4279380720184456,-1.6168277531451012,6.887323382436789,-7.602238892171993,0.24764837583291643,-0.5019955708150946,3.8003165769308125,-2.3816190053170394,1.807025557455562,-3.705318739758097,-4.9958423426971414,-1.0748338296225346,-4.54475274860721,5.64040292205436,0.06393271923682575,0.7047477603221938,-4.774472018510855
numHidden 	5
numGenes 	48
minGene 	-3.0
maxGene 	3.0
tournamentSize 	5
crossoverPoints 	2
popSize 	50
maxEvaluations 	20000
mutateRate 	0.5
mutateChange 	0.9
seed 	1583878160569
random 	java.util.Random@76fb509a
neuralNetworkClass 	class coursework.ExampleEvolutionaryAlgorithm
Training Set Training
Fitness 0.03120303137063674