-0.5001787400315912,-1.2685470122273048,-5.436401923680805,-1.937755466189002,-5.105178760135667,-7.916654423066364,4.051841672618686,-2.8108411547580823,-0.3095414116551914,-0.02013471621774522,0.8493045672268993,-0.7975877517822509,-4.488861116581258,-1.916460216050131,-4.098885822779667,-2.260851625020426,-2.6045560279688416,0.7663481133031558,-2.8248212824714614,-3.4122187073926336,1.0284138400147174,-1.2359028346645378,0.9225344155252744,-1.066990390011109,-0.8476868766186885,0.6477233484660668,-3.9528835201750883,0.1836447828219447,0.20236435304598555,-2.6336789647260064,0.26136461696206414,2.354585625252723,-6.6840269194042685,-2.352001967629761,3.0967998089290734,-1.2759879840959658,-4.885406791382451,7.391252045631314,-2.330741785736946,-2.4916251362711153,-3.1159785516047,-3.111342188307549,-1.514148507727422,2.7154899887754564,-5.284607169684841,-2.730212486464846,2.440853527627813,-2.1671283459051716
numHidden 	5
numGenes 	48
seed 	1586444485211
random 	java.util.Random@76fb509a
popSize 	20
maxEvaluations 	20000
minGene 	-3.0
maxGene 	3.0
tournamentSize 	5
crossoverPoints 	1
mutateRate 	0.4
mutateChange 	1.0
mutateRatio 	0.5
mutateRateSmall 	0.3
mutateRateLarge 	0.7
wepMax 	1.0
wepMin 	0.2
expAccuracy 	6.0
minTravel 	0.0
maxTravel 	3.0
neuralNetworkClass 	class coursework.MultiVerseOptimisation
Training Set Training
Fitness 0.004560003027797457