-2.8156102359274664,1.1691573224365377,-1.0143319367035764,-0.17576647363771405,0.02322090739621042,3.8336668356399373,2.4895003327590017,3.261112462949919,-3.1234706158518755,1.842549564375665,-1.1473857315431513,-0.9610965115904934,0.29967659143584235,-0.2819340601259966,-5.435690091788113,2.2565612333007534,-0.19934175695536116,-5.4368320345043095,-5.989037747567906,2.9892113270760516,0.17803254412646344,3.029717756781976,-0.47493595606033445,-0.8001168956986373,-6.066534594636578,-0.34641109437241774,3.540630969757206,3.7855576115888807,0.3894295609950819,0.611523778350133,5.339299105055582,3.846607576862826,3.6609494871878256,-1.07642941680849,-1.6116807929835566,2.1088295366881677,0.39252038700299435,1.0669710295518315,1.1901653922297586,-2.673598915029639,2.0051564669224935,-6.005905313874178,-0.3658170436876181,1.0203231684404361,3.5646894902700295,0.3940687654238806,0.18602013496067446,-2.7625767220066675
numHidden 	5
numGenes 	48
seed 	1586444485211
random 	java.util.Random@76fb509a
popSize 	20
maxEvaluations 	20000
minGene 	-3.0
maxGene 	3.0
tournamentSize 	5
crossoverPoints 	1
mutateRate 	0.4
mutateChange 	1.0
mutateRatio 	0.5
mutateRateSmall 	0.3
mutateRateLarge 	0.7
wepMax 	1.0
wepMin 	0.2
expAccuracy 	6.0
minTravel 	0.0
maxTravel 	3.0
neuralNetworkClass 	class coursework.MultiVerseOptimisation
Training Set Training
Fitness 0.028135366494094056