-3.751494543272571,2.6531498648014176,2.231844254498088,5.6646662134923425,0.41830104677525864,-3.4203277094728004,-1.1998163584896484,-2.144123055679417,-2.7720810592130967,-1.044955374654828,-2.4607083694037235,-0.49202109956365153,1.1564697353517046,3.384935618027107,2.9322191535984627,-1.5993466524994868,2.9591760849250477,-9.675651325095943,2.068240342930207,-1.0084652708902067,0.07870143327230554,3.2514105826438784,2.4506498707943276,0.9371494359876735,-0.12426945047314444,0.3783982218799141,2.41569248317864,-2.9981134557589812,0.45073683257922187,-0.6930260626193423,-4.040133458929466,6.140325031908394,-1.2882838881384928,0.5530212764837426,0.5688422727981565,-3.1390233563386025,2.4375056747989534,2.749552386107497,-2.026893307016384,-1.9052407585325337,-3.91624516643177,-0.6618574075893204,0.785388987138933,-0.21729541370133829,-1.823879558812928,-0.9384194923033841,1.5072442625598677,0.6216022016990742
numHidden 	5
numGenes 	48
seed 	1586444485211
random 	java.util.Random@76fb509a
popSize 	20
maxEvaluations 	20000
minGene 	-3.0
maxGene 	3.0
tournamentSize 	5
crossoverPoints 	1
mutateRate 	0.4
mutateChange 	1.0
mutateRatio 	0.5
mutateRateSmall 	0.3
mutateRateLarge 	0.7
wepMax 	1.0
wepMin 	0.2
expAccuracy 	6.0
minTravel 	0.0
maxTravel 	3.0
neuralNetworkClass 	class coursework.MultiVerseOptimisation
Training Set Training
Fitness 0.013930251286411042