-6.009304318081319,-3.916718336744369,-0.2295464372810576,-1.0366680516260909,2.3314677080999617,1.7609411937665354,-1.1116171687784526,3.4087572591264794,3.821790561854088,3.2828781618160443,-0.8834153514126281,0.860619259522297,-4.015153106338205,0.6872988339493578,-1.8116258269918346,0.9538379910524474,-5.228185696296987,-0.3454534161021393,1.111122881957585,-0.08110204600738365,-0.9072309104627407,-2.3080771342557833,0.8108090799671988,-1.4627901550712354,1.7101005385358214,0.041585144918320396,0.06087254909038093,0.363007834124541,-0.2445731947073876,2.050146109386365,1.0758506714405114,1.4567452891965287,0.4453753819275103,1.3729851325641949,-0.9829638319080952,-3.9482336885793394,-8.709677001719854,0.01722583305143057,-1.7220387186555353,1.5532953965865446,0.40726240592842544,3.221880465616268,0.28310864140417297,-0.10178582847643672,1.6740381218534701,1.2095569552769427,0.05773838510918566,-0.5195405553108382
numHidden 	5
numGenes 	48
seed 	1586444485211
random 	java.util.Random@76fb509a
popSize 	20
maxEvaluations 	20000
minGene 	-3.0
maxGene 	3.0
tournamentSize 	5
crossoverPoints 	1
mutateRate 	0.4
mutateChange 	1.0
mutateRatio 	0.5
mutateRateSmall 	0.3
mutateRateLarge 	0.7
wepMax 	1.0
wepMin 	0.2
expAccuracy 	6.0
minTravel 	0.0
maxTravel 	3.0
neuralNetworkClass 	class coursework.MultiVerseOptimisation
Training Set Training
Fitness 0.009279104349146595