4.743799699887291,2.3118317181053563,1.989509040898603,2.927226890690247,1.4737526086723518,4.182448973791954,1.0043715304287466,-3.9227591949409835,3.474151776375935,-1.8230820961444125,-0.20359814366271808,-4.770373535447211,0.3138885465684857,3.5300712639662404,0.06406364595219226,0.25537057509150535,0.5553490471285917,-4.796515946671318,0.800511309574983,-1.7416738463384391,1.3227382812596427,2.6029063639482213,0.954631296168246,-1.6960435873433921,-1.7204922399538856,3.6983097360923716,-2.731925037496301,0.30443497571600575,-0.11326187923239447,1.3372555907213666,-2.284342121789431,-0.07317978029474372,3.108760971355005,1.9318515364941298,2.3131369647165436,1.0880871879038618,4.991016240212211,1.0858502827104284,-2.3521055295130777,0.6684730105907497,-5.706814468883584,0.7668165169191735,-2.4159440448491667,-2.199699475805054,0.5003615938392395,4.052557398239474,3.147792685115787,-1.8303507222458089
numHidden 	5
numGenes 	48
seed 	1586444485211
random 	java.util.Random@76fb509a
popSize 	20
maxEvaluations 	20000
minGene 	-3.0
maxGene 	3.0
tournamentSize 	5
crossoverPoints 	1
mutateRate 	0.4
mutateChange 	1.0
mutateRatio 	0.5
mutateRateSmall 	0.3
mutateRateLarge 	0.7
wepMax 	1.0
wepMin 	0.2
expAccuracy 	6.0
minTravel 	0.0
maxTravel 	3.0
neuralNetworkClass 	class coursework.MultiVerseOptimisation
Training Set Training
Fitness 0.035961264448270185