2.465536290934819,2.34845331042369,-3.2358259564065905,0.30265882729378235,1.1460999344144405,-2.49552428608448,-0.33369888105407275,-1.9612807033258353,1.8343505167294196,-0.306087893689994,0.7017215042352997,1.9225209728731838,-4.618703226736858,-3.635637111879452,1.643552656844008,-1.5639947538214563,-0.8345797175496372,-0.3629492772851029,3.4503514694083384,-2.4769453539565225,0.40453583937098214,-0.13880335110742234,-0.9461344731081913,-1.5190247527694791,-0.005566172401943996,-1.7042866635095228,1.9873275897852125,-0.08885129774285032,1.0427123670771483,0.7370501504914471,1.7069705982884682,2.6081847465035635,-2.5236710667655307,0.14554847629273535,0.9324701648539705,0.5179516619886271,-3.127614167071671,2.5587641288381002,-0.865018914587732,-0.957627106902044,-0.037201016643122434,0.6173062675130306,0.3984337616431777,-3.153163538977781,-3.7642954465493754,1.338912679305645,3.242066342820685,-1.1439644845256387
numHidden 	5
numGenes 	48
seed 	1586444485211
random 	java.util.Random@76fb509a
popSize 	20
maxEvaluations 	20000
minGene 	-3.0
maxGene 	3.0
tournamentSize 	5
crossoverPoints 	1
mutateRate 	0.4
mutateChange 	1.0
mutateRatio 	0.5
mutateRateSmall 	0.3
mutateRateLarge 	0.7
wepMax 	1.0
wepMin 	0.2
expAccuracy 	6.0
minTravel 	0.0
maxTravel 	3.0
neuralNetworkClass 	class coursework.MultiVerseOptimisation
Training Set Training
Fitness 0.006728552615132416