-4.930114769688791,-3.0333548710260945,-0.4220733916806634,-5.283991910209937,3.3502071408911935,0.21797480928695318,3.854794459169741,-0.07631511438769881,2.3754464946722,-0.12473576913067344,-5.4443452523656175,0.8257832144330471,-6.39623765299185,1.034402069372765,-5.496971220937775,-1.2949480244585667,5.878910806786172,0.87926753946599,-4.544142423546217,0.6374308203339074,1.7651173124580692,1.3531973153143253,-2.0410550990688616,6.315258377995115,5.7746111926496235,-0.10840039413521878,-0.7890480413703073,0.5300172161986385,-3.299219197627554,-1.440639115684303,-3.5841017479263666,4.9097787917353735,-2.5646938742650662,1.2645182103187342,-2.3281871198607123,6.542407670755521,-1.3776969864534778,2.052647033951576,3.06215314069815,0.18298529964036478,1.380727570209705,-1.2323154340086022,2.4998149386285804,-1.0535498671571528,1.6780898885893114,-1.4032539929712924,-1.8025674457318488,2.5553381756750455
numHidden 	5
numGenes 	48
seed 	1586444485211
random 	java.util.Random@76fb509a
popSize 	20
maxEvaluations 	20000
minGene 	-3.0
maxGene 	3.0
tournamentSize 	5
crossoverPoints 	1
mutateRate 	0.4
mutateChange 	1.0
mutateRatio 	0.5
mutateRateSmall 	0.3
mutateRateLarge 	0.7
wepMax 	1.0
wepMin 	0.2
expAccuracy 	6.0
minTravel 	0.0
maxTravel 	3.0
neuralNetworkClass 	class coursework.MultiVerseOptimisation
Training Set Training
Fitness 0.0032697301485712033