0.9490916438305254,-3.8529826751898386,0.10523957879642364,0.08571413985959668,1.3655354235582056,-2.039382323956096,-1.8529883100335192,-6.911587231753821,1.023648116279311,0.052404383019038554,2.527751755773404,-3.2057542015265255,1.3058461033276574,-0.9395816056591686,-5.470017387689562,2.3146179928615553,1.5672931363769609,-5.028056830843396,-1.306220431115146,3.3678110417182574,1.1529418916945862,0.8962080598793025,0.46244780864917323,-1.782997496908802,2.327486563766424,-0.23844532838069882,0.2322340966135855,0.5116158224589052,5.009985572239141,4.651247517083899,2.770142841204202,-2.1417346389828866,-0.7654433812924213,0.02873383343006957,3.573628555712805,0.09756926496394536,-1.050584600453544,-0.2869726533276738,-4.100561740104171,-0.21726900818357978,-1.6044810004929724,2.784448476993669,1.7613779265560525,-1.7976979305595229,-0.30797023864949075,-0.7800928669312788,2.0494697249065976,-1.0035070720233694
numHidden 	5
numGenes 	48
seed 	1586444485211
random 	java.util.Random@76fb509a
popSize 	20
maxEvaluations 	20000
minGene 	-3.0
maxGene 	3.0
tournamentSize 	5
crossoverPoints 	1
mutateRate 	0.4
mutateChange 	1.0
mutateRatio 	0.5
mutateRateSmall 	0.3
mutateRateLarge 	0.7
wepMax 	1.0
wepMin 	0.2
expAccuracy 	6.0
minTravel 	0.0
maxTravel 	3.0
neuralNetworkClass 	class coursework.MultiVerseOptimisation
Training Set Training
Fitness 0.003462099085142043