4.856173693686256,-0.19271708964674417,-2.053960875464526,0.4181096241041505,2.8053001922107264,-2.192995188243957,2.235364464291745,2.507663080257512,-2.4861534963070353,-1.034047300876129,2.985138025209262,-0.45223723785436193,-1.0758732932291344,-1.6569960490697098,1.0500124922881042,2.179540307390498,4.240914875860274,0.082028193028925,-1.9367325814461376,0.311849353527276,0.9354989908876983,0.5860719719344059,0.9154931508023167,-0.3554608374926958,-3.9602116850451514,0.47361331420756536,0.06398217142074486,2.653508624601383,-1.1275694502572087,-0.8461821435367773,2.1836533312139443,-2.012989524961057,0.5503223019277513,-1.4272164194606605,4.116641331857749,3.9427515765937224,0.5527152131339501,-3.4798694263099934,-0.03558312968300298,0.31822376305434363,0.371883899760131,0.16710732864654945,0.1416286957831854,-2.6716700548695127,-0.3188550154011214,-1.22764040590647,1.6888240429879275,-0.9019009200223626
numHidden 	5
numGenes 	48
seed 	1586444485211
random 	java.util.Random@76fb509a
popSize 	20
maxEvaluations 	20000
minGene 	-3.0
maxGene 	3.0
tournamentSize 	5
crossoverPoints 	1
mutateRate 	0.4
mutateChange 	1.0
mutateRatio 	0.5
mutateRateSmall 	0.3
mutateRateLarge 	0.7
wepMax 	1.0
wepMin 	0.2
expAccuracy 	6.0
minTravel 	0.0
maxTravel 	3.0
neuralNetworkClass 	class coursework.MultiVerseOptimisation
Training Set Training
Fitness 0.008788153309631333