-3.744537116232191,1.9512877584675727,0.7367265998106962,1.9565594841978533,-1.986347868114257,5.424255204472823,0.592003526661265,2.1342044524699846,0.803587154951078,0.6946891123031779,-2.2255038465209376,-0.6400567428340339,2.1063617843708045,2.0425776998022394,-3.8179577518190246,2.833546486921005,3.14479911326472,4.852284864557824,1.7726018363241993,-3.447261779838389,-0.9617907955071541,0.8354516882896129,2.5144574707499343,-0.6151095068926988,-0.5375006027637199,-0.33571214430517105,0.21186120072326814,3.093901138040881,0.8925525964450842,-0.35090199387688703,-0.34555191110882033,1.8888547866707035,4.336100086420828,1.480768797211886,1.6201705378247726,5.956688766175685,-3.61017169957565,-0.1242678838876192,-2.2036193636509127,0.27584618769533337,-1.4880410387174228,1.9730085104411847,-2.7801502861358007,1.6625767564937357,-4.4628610743303865,1.690565053871014,1.8810118984953386,-1.1291455229904652
numHidden 	5
numGenes 	48
seed 	1586444485211
random 	java.util.Random@76fb509a
popSize 	20
maxEvaluations 	20000
minGene 	-3.0
maxGene 	3.0
tournamentSize 	5
crossoverPoints 	1
mutateRate 	0.4
mutateChange 	1.0
mutateRatio 	0.5
mutateRateSmall 	0.3
mutateRateLarge 	0.7
wepMax 	1.0
wepMin 	0.2
expAccuracy 	6.0
minTravel 	0.0
maxTravel 	3.0
neuralNetworkClass 	class coursework.MultiVerseOptimisation
Training Set Training
Fitness 0.003720103623007134