2.834599879322125,-1.8126114849662205,-2.2799195734892836,-0.826836326268703,-1.6101798303622343,-0.9686254828742924,-6.003074103471873,-0.05896563340887933,-2.3247088590708764,1.335166425630921,0.582523657972548,-2.5786051341825895,0.05587173521863428,2.736477827713745,4.395698690882371,-2.501247944690415,-1.5068522470415826,-1.3239268355882388,-0.7206435098885877,1.576544421717789,1.8880381414120053,3.5972264401472143,-1.4106996717838869,2.7565068995238886,-2.105764858676153,-1.990070157118595,1.473911211168091,-1.1247713248635787,2.8465304840143144,1.8456084160233341,2.6731575599441504,-0.16928719722307245,-2.484589953293123,0.5807403173843048,5.044654464063871,-1.8448414470769199,-0.06531915446467296,-2.8419001822801784,2.0284941838685895,1.2781264421691576,-2.6961080707642333,-1.4820269721458375,4.871331788500719,-4.489482092661694,-2.5965634790712904,1.6015582839772373,4.3350992376147754,3.4258857914524534
numHidden 	5
numGenes 	48
seed 	1586444485211
random 	java.util.Random@76fb509a
popSize 	20
maxEvaluations 	20000
minGene 	-3.0
maxGene 	3.0
tournamentSize 	5
crossoverPoints 	1
mutateRate 	0.4
mutateChange 	1.0
mutateRatio 	0.5
mutateRateSmall 	0.3
mutateRateLarge 	0.7
wepMax 	1.0
wepMin 	0.2
expAccuracy 	6.0
minTravel 	0.0
maxTravel 	3.0
neuralNetworkClass 	class coursework.MultiVerseOptimisation
Training Set Training
Fitness 0.08567089470252134