1.6629541291382175,0.7000130711389811,-3.8247113039757865,-1.483522714942083,-2.705098450961816,-2.917449508657305,0.9313511948612474,-1.911437092055981,-3.1291133324857077,-3.3489937713287063,1.562578931711366,3.985476005190602,-3.018399493698672,3.849377735741524,-4.074104348589929,-4.160025354276203,2.4899092671688017,4.8775447779086,2.838901647824928,-2.4297171747968136,0.8960573326445882,3.2388882539554347,1.6532170906747066,2.458268218129068,2.158674103231938,-0.9619793340077019,1.9134161048274185,1.5744410744567618,-5.558052537155896,1.3205908561232915,3.0606231418229726,-0.012922163502934403,-3.4457466777514236,1.147987496395782,-0.8566678756904085,0.22098389417436115,1.6760834487535305,1.6488252491324076,0.7707283318715685,-0.32554381957454837,3.1173042682885814,0.8502748064048449,-1.9886811383662018,0.9676284944208424,-2.9053233776133043,0.881866546700504,1.5436706408532803,0.2637136827532842
numHidden 	5
numGenes 	48
seed 	1585502222056
random 	java.util.Random@76fb509a
popSize 	80
maxEvaluations 	20000
minGene 	-3.0
maxGene 	3.0
tournamentSize 	5
crossoverPoints 	1
mutateRate 	0.05
mutateChange 	0.5
mutateRatio 	0.5
mutateRateSmall 	0.1
mutateRateLarge 	0.8
wepMax 	1.0
wepMin 	0.2
expAccuracy 	6.0
minTravel 	0.0
maxTravel 	2.0
neuralNetworkClass 	class coursework.ExampleEvolutionaryAlgorithm
Training Set Training
Fitness 0.03117298949139931