-2.165407653670596,-2.7174174458751814,2.024273663811882,0.5811640662642921,-1.8205542950885043,-1.2825645281864801,0.35390017460267176,3.234306359371809,2.920857241031783,-0.7976907497982566,-3.2219542915692205,-2.454883490566366,3.4631042449199843,-0.7451475414399731,-2.8710677070762305,-0.8021729626673122,3.7736731004626805,3.0905789783750803,0.3086914947601631,-2.2673099650693187,1.8185742493704904,1.3565015308184698,-0.1909537504493688,-0.5175727408980499,1.433299634101786,-1.1920697604060488,-0.5069532924869748,6.30125617046853,-0.8190775941631321,-0.9502336785206462,-2.1109661092269896,-0.545095025512716,0.5995824547856836,-0.1269627848207704,3.4806071503723945,0.33252559603800425,2.1886365332074496,0.09131625489645145,1.081690827752663,2.7900684650979724,-1.0730427459816996,2.2407728900941395,-2.534933086607131,1.5082036712760107,-2.078753471791782,-0.021220822534024464,1.0238655425662468,-0.8032625951808277
numHidden 	5
numGenes 	48
seed 	1585502222056
random 	java.util.Random@76fb509a
popSize 	80
maxEvaluations 	20000
minGene 	-3.0
maxGene 	3.0
tournamentSize 	5
crossoverPoints 	1
mutateRate 	0.05
mutateChange 	0.5
mutateRatio 	0.5
mutateRateSmall 	0.1
mutateRateLarge 	0.8
wepMax 	1.0
wepMin 	0.2
expAccuracy 	6.0
minTravel 	0.0
maxTravel 	2.0
neuralNetworkClass 	class coursework.ExampleEvolutionaryAlgorithm
Training Set Training
Fitness 0.04062399052222918