-0.8599729300371937,1.615424757484952,1.5770842519668031,2.866800790630662,-2.8950252876183216,0.7136330669341406,-1.4547777082185418,0.6571686578585823,2.551668723447415,-1.46487795317525,-1.4420663954525743,2.787735106750036,-0.7317947241783909,-1.7371910698548925,3.0715211506552587,-0.31682004948981213,-0.5682833397303311,-1.166699052288772,1.7549516123839402,0.5518239165173022,0.3137715028539976,-2.046654335391897,0.9543905947981974,0.4975101637865107,-1.93060172200809,-1.0260629823571046,1.3122543709477341,-1.5827880215268886,-1.0126411701158888,0.49140248357050353,-1.2114804269131485,3.415996161047884,0.4914018567985057,-3.183721870518192,-3.6621087861814328,-0.4137966726287583,-2.718156081538936,-3.806963211416133,-0.3536420850156965,-0.9834473265864823,-0.8334371343752145,1.3912480758063257,-1.1483870174720787,1.0744671212187757,2.5972723236705892,2.8583896690661614,0.9869651427504493,1.7132108070224037
numHidden 	5
numGenes 	48
seed 	1585502222056
random 	java.util.Random@76fb509a
popSize 	80
maxEvaluations 	20000
minGene 	-3.0
maxGene 	3.0
tournamentSize 	5
crossoverPoints 	1
mutateRate 	0.05
mutateChange 	0.5
mutateRatio 	0.5
mutateRateSmall 	0.1
mutateRateLarge 	0.8
wepMax 	1.0
wepMin 	0.2
expAccuracy 	6.0
minTravel 	0.0
maxTravel 	2.0
neuralNetworkClass 	class coursework.ExampleEvolutionaryAlgorithm
Training Set Training
Fitness 0.0971916776254557