0.8123265594769897,-2.2734599990599875,6.156888280765221,-2.1300963495841003,-0.19118752387400484,-0.9068525662676432,1.7464603407921793,1.672879971619417,-1.7777039820423401,-2.6723088270264324,0.6264273519437191,-0.9487672831215814,1.7727449249560543,-1.1926166258301896,-0.7793440802668945,-2.5550617512265235,0.3005587371386067,-1.1254839497868723,-3.986341465639561,-1.576812530319741,-2.3808584878896264,-2.434265823743657,-0.4929678097976602,-1.4408283471405197,1.3305624273747636,-0.25556569246047145,3.687219195662065,-0.8650832746332604,-1.6638587309273403,-0.06137092433310354,0.5583348774161188,-2.744466891956626,-3.0638775480604146,-0.9055797543675763,-0.7260585002679205,-0.8515466721110716,2.422425835970615,-0.6170397238992846,0.3137478769708828,-0.30528499223731,-2.9256731822240534,-1.1859860106595062,0.750830556159765,1.1983335607311547,-5.33972278453107,1.7119679489550164,-4.057921377832946,-1.9537104493078892
numHidden 	5
numGenes 	48
seed 	1585502222056
random 	java.util.Random@76fb509a
popSize 	80
maxEvaluations 	20000
minGene 	-3.0
maxGene 	3.0
tournamentSize 	5
crossoverPoints 	1
mutateRate 	0.05
mutateChange 	0.5
mutateRatio 	0.5
mutateRateSmall 	0.1
mutateRateLarge 	0.8
wepMax 	1.0
wepMin 	0.2
expAccuracy 	6.0
minTravel 	0.0
maxTravel 	2.0
neuralNetworkClass 	class coursework.ExampleEvolutionaryAlgorithm
Training Set Training
Fitness 0.015388594871005164