-0.4172031144983217,-0.8999024426247253,-1.3368123287603408,0.5897257309547372,2.407534912014052,-1.8371728360239121,-4.283631800501411,0.33280922500954446,0.5484204826610615,-3.1726519422889083,-1.1574093888794978,0.20259461129344114,-2.1302735561715136,-2.56539603792784,0.18820360975754413,-3.2386964828281397,-1.003053108286018,-3.0474052897010018,2.5757388546407416,-3.3260826535567087,3.0307503237547246,-4.704548636185776,-2.2070315998728907,0.013203511534559453,1.0401276682033354,-3.9876570911670175,-3.8872203702611774,-0.24508708045207328,-0.7593918309609746,0.16328653066522536,-0.3940577491401953,-1.6387310413719587,0.6043958457731939,2.6579309380289597,-2.4533882833909777,-0.861925583973826,-4.9036261254457045,-2.2652717325751848,-2.618818771416545,-0.526330609003204,-3.384731626283285,2.953525442869015,0.10724903788175855,-1.0928609579259658,-2.605974459379193,1.3239325685029142,0.002091165326432165,0.13610377071204027
numHidden 	5
numGenes 	48
seed 	1585502222056
random 	java.util.Random@76fb509a
popSize 	80
maxEvaluations 	20000
minGene 	-3.0
maxGene 	3.0
tournamentSize 	5
crossoverPoints 	1
mutateRate 	0.05
mutateChange 	0.5
mutateRatio 	0.5
mutateRateSmall 	0.1
mutateRateLarge 	0.8
wepMax 	1.0
wepMin 	0.2
expAccuracy 	6.0
minTravel 	0.0
maxTravel 	2.0
neuralNetworkClass 	class coursework.ExampleEvolutionaryAlgorithm
Training Set Training
Fitness 0.10464451632458095