1.8636489523262876,1.1533856997840752,-2.3636364084289143,2.423005317915827,1.51551727175302,3.281929839666245,-0.7024565594755445,0.08563115404942145,0.457617956953527,0.6778089381999433,-1.2925110121746268,-2.334490202705889,1.526156696577491,3.0296160023740253,1.0615610016027208,-3.1024207428975625,1.0778660043596782,-1.6312058824067213,-1.2734889661184345,1.3934515877498166,-0.48255078575659427,-1.3207994135514083,-1.437267922463755,1.613046044041564,-2.2650803780920086,-2.993901000370604,1.0388498181998242,2.754066047935564,-0.7583071218500264,0.6391699234778425,-0.2688037973971442,-0.4286687668254041,1.3142647857406455,-1.8615483053428,3.0849487703034795,-0.5631704633784584,0.658684668456476,0.2811498196772142,0.28319255880208294,5.015917701137909,-1.8905646632509585,-1.797800399981641,3.4709153097182037,-0.16060623806529595,1.3275029694020661,1.3745165730034987,3.750866753635213,1.3929622428087587
numHidden 	5
numGenes 	48
seed 	1585502222056
random 	java.util.Random@76fb509a
popSize 	80
maxEvaluations 	20000
minGene 	-3.0
maxGene 	3.0
tournamentSize 	5
crossoverPoints 	1
mutateRate 	0.05
mutateChange 	0.5
mutateRatio 	0.5
mutateRateSmall 	0.1
mutateRateLarge 	0.8
wepMax 	1.0
wepMin 	0.2
expAccuracy 	6.0
minTravel 	0.0
maxTravel 	2.0
neuralNetworkClass 	class coursework.ExampleEvolutionaryAlgorithm
Training Set Training
Fitness 0.08600792237900685