1.9276551851941823,-1.231320150022852,-1.4809857496876884,1.7349943054750536,2.3602130009649125,4.579416051501806,2.960607714147393,-0.5774911146601491,-2.2036231290807686,2.7473170677512426,3.036332660395426,-3.1937120812245112,0.6196317564605867,2.1109812462017477,1.421546867418157,-1.8815791273285318,2.2602930385342015,-0.13295254645181753,-2.8033187087648397,2.462806372764188,1.4653774495354384,-1.948106436389624,-2.804166265741088,-1.185012608897171,-2.490253219531392,1.2458749296861322,0.1795735883931613,-1.7533204853813134,-1.4222046899700949,1.9838039121704956,-2.844348718215408,0.6893074991945927,-0.1921913568887792,-2.7481531196891185,-0.7924417041616159,0.7062402277359299,-2.906894017972424,-2.046413844712698,1.5471018783282187,-0.9785871370893195,2.513779905651192,1.6225679721131216,2.0270522127939072,0.9653140120077506,2.9625784911569157,-0.9762934450619172,1.504972556948358,0.2089217244532584
numHidden 	5
numGenes 	48
seed 	1585502222056
random 	java.util.Random@76fb509a
popSize 	80
maxEvaluations 	20000
minGene 	-3.0
maxGene 	3.0
tournamentSize 	5
crossoverPoints 	1
mutateRate 	0.05
mutateChange 	0.5
mutateRatio 	0.5
mutateRateSmall 	0.1
mutateRateLarge 	0.8
wepMax 	1.0
wepMin 	0.2
expAccuracy 	6.0
minTravel 	0.0
maxTravel 	2.0
neuralNetworkClass 	class coursework.ExampleEvolutionaryAlgorithm
Training Set Training
Fitness 0.10521024048832765