0.3863976510039535,2.0115602688061234,-1.358926088781545,-1.5919158825559463,1.7396074620620228,1.9057440878850693,-1.3796510664624901,2.417611700764626,1.2042430016725585,0.020228814926499084,1.5808516936060624,-5.803852604409315,3.490945189986098,0.5875521581817509,0.9081792675455009,2.823916202678099,1.981930523435019,-0.5846773199797131,0.7582999065418914,0.7790046825770762,-1.2578172432771124,1.5176155861157472,-1.8685200595708271,2.269697251828944,0.77180759948883,-0.0025761525338023894,-0.7367716422964912,0.7276305442241884,-1.1148560634911275,0.001816179281291408,0.7458316203743891,-1.1796010788947293,2.4322489382848893,0.6059418219533672,-0.974566374627881,1.298006859048841,3.7176784080667398,-0.013828113302386313,0.4489205146292221,-0.43627040591235344,-0.5304737232547756,1.0375900008645544,2.5016593393880635,1.8736189794255065,-0.8060199489118216,3.186622539728755,1.6287133838151053,0.6238374627601377
numHidden 	5
numGenes 	48
seed 	1585502222056
random 	java.util.Random@76fb509a
popSize 	80
maxEvaluations 	20000
minGene 	-3.0
maxGene 	3.0
tournamentSize 	5
crossoverPoints 	1
mutateRate 	0.05
mutateChange 	0.5
mutateRatio 	0.5
mutateRateSmall 	0.1
mutateRateLarge 	0.8
wepMax 	1.0
wepMin 	0.2
expAccuracy 	6.0
minTravel 	0.0
maxTravel 	2.0
neuralNetworkClass 	class coursework.ExampleEvolutionaryAlgorithm
Training Set Training
Fitness 0.11124499056813418