5.85784721543761,-0.16993436403017753,2.5118592101106576,-1.211801856137295,-0.6795603508947377,0.8464649120962524,0.40300211726968277,-1.807355400589577,-3.314492774722659,-4.709244575633811,1.8326482524045447,1.8457738422965422,2.431057457238626,-1.9034905914289022,-4.6365000197847355,1.285770164250056,3.226373736844208,-3.756891564911658,-1.4889758133463449,1.4418267999978451,5.314006025368405,1.6276902446581791,-4.376845536929213,1.6500024186149544,3.279850054629115,-1.9036768949087135,6.085351584869566,1.8101487259458877,-0.6162861207451864,2.0021610707991595,3.378832273750933,-2.5420963798599496,-2.55412801324866,-4.319598541099897,2.449626080753002,2.341736280430145,-1.9696567539620522,-1.1503290181377253,-6.798694297275596,0.23039998272337242,3.3082118856527365,-3.785639408905575,-2.326529501077648,-0.5986617846565332,-1.8369253131582572,4.395688943734845,-1.629515925560559,1.2095322626177245
numHidden 	5
numGenes 	48
seed 	1586447455428
random 	java.util.Random@76fb509a
popSize 	15
maxEvaluations 	20000
minGene 	-3.0
maxGene 	3.0
tournamentSize 	5
crossoverPoints 	1
mutateRate 	0.4
mutateChange 	1.0
mutateRatio 	0.5
mutateRateSmall 	0.3
mutateRateLarge 	0.7
wepMax 	1.0
wepMin 	0.2
expAccuracy 	6.0
minTravel 	0.0
maxTravel 	3.0
neuralNetworkClass 	class coursework.MultiVerseOptimisation
Training Set Training
Fitness 0.011492070463273656