6.4006667277002105,-3.3343786233163524,4.506579557680858,1.8934698865128519,2.3440606471457155,-1.0503085097661318,0.1632184136360138,-3.1084708866029183,-2.182498489947084,0.45630062491311696,3.62565332788894,-2.857447367795412,2.976766812190693,-1.7431697320722073,2.6088542497725924,2.0550906005531298,-3.9229160398046408,-0.03738950189760213,-1.566867644344571,-0.19887254468644058,2.150496276715281,2.625446306928221,1.5876496615714129,-0.3846233591837065,-2.778551750324525,-0.3807881179409061,-1.0040190064327696,1.0485654166533547,-4.240462081414979,0.40435790585171283,0.433299855415797,0.563914905577745,1.4498833110574243,0.5790415001672193,-3.121022875539523,-3.289173726670759,2.6613848427253135,-5.0537513133534055,-4.566153828455562,-0.6467007417465794,-2.37927545045884,-2.420042086938553,3.1796807307426787,0.04028158717613276,-2.291657289105169,0.2622568860952583,3.7950811876198283,0.8931326903288767
numHidden 	5
numGenes 	48
seed 	1586447455428
random 	java.util.Random@76fb509a
popSize 	15
maxEvaluations 	20000
minGene 	-3.0
maxGene 	3.0
tournamentSize 	5
crossoverPoints 	1
mutateRate 	0.4
mutateChange 	1.0
mutateRatio 	0.5
mutateRateSmall 	0.3
mutateRateLarge 	0.7
wepMax 	1.0
wepMin 	0.2
expAccuracy 	6.0
minTravel 	0.0
maxTravel 	3.0
neuralNetworkClass 	class coursework.MultiVerseOptimisation
Training Set Training
Fitness 0.03309955636476219