4.293987723873741,0.285316318037779,1.9906485160445826,-3.2972925747900357,-2.493077627036193,1.5209976798390499,-4.37039420736344,0.7063253227260727,3.579105733308448,-8.145799288741268,1.874487128195169,0.4705999581791544,2.3802126080147588,-2.4216422167565836,-4.805793427832926,-3.9413382029291903,-6.914724888942812,2.4856938597857843,2.9561938061663793,-4.5771004596010485,1.0616206218014401,0.34729088522387647,-2.1486899505561796,0.16993097279959288,1.1003305458730697,1.160958057864974,-0.37339122378532824,-1.2790412368010824,0.23041396280951676,-1.8045618641292145,1.8262702177004384,1.467997719445859,2.8952614842185977,3.236178039233216,-1.8651045088815221,-2.695119878350912,1.4784548431859919,3.5222978439362036,-0.40710090536119176,-4.584763661958916,4.6672943491135825,0.22767571437101475,-3.465301458320535,0.9445010424586198,1.132232765555899,-1.7170184812880152,0.17409194588072402,-2.7828667635488036
numHidden 	5
numGenes 	48
seed 	1586447455428
random 	java.util.Random@76fb509a
popSize 	15
maxEvaluations 	20000
minGene 	-3.0
maxGene 	3.0
tournamentSize 	5
crossoverPoints 	1
mutateRate 	0.4
mutateChange 	1.0
mutateRatio 	0.5
mutateRateSmall 	0.3
mutateRateLarge 	0.7
wepMax 	1.0
wepMin 	0.2
expAccuracy 	6.0
minTravel 	0.0
maxTravel 	3.0
neuralNetworkClass 	class coursework.MultiVerseOptimisation
Training Set Training
Fitness 0.007577398374768907