2.5401351614124486,0.23596386485696783,-2.7135294312934444,0.24848643393940295,-2.9512942566353098,3.4107701800692194,-3.16788849386406,2.168011690371063,1.4370608636509057,0.48712354737279534,1.063867994469958,-3.3374226255910893,-2.7552440015354027,0.12368517672908222,-0.4182528381050459,3.375516085982987,-6.2620312326417675,4.733006906320029,-0.6743412047862115,1.345726214830418,1.269182816202975,0.152988899243342,1.7040839276675945,-3.0297575937461994,-0.47678228123546795,-1.2154566224678505,0.8438301160603028,-0.9293478762758591,3.2093949755031392,1.3394410439248206,5.0254585765192585,-2.1977065085954495,0.40594913691487894,-1.393167523230419,2.056293934205075,-3.4124977873524736,-1.50635958285415,3.3779541526917116,2.4984606960734794,-1.5041787424951565,-0.840371309738002,0.6030479261428902,1.5439372235354125,-0.9963574277343307,0.2663361940177522,2.9574813166005893,0.33153193651754304,3.318629826735127
numHidden 	5
numGenes 	48
seed 	1586447455428
random 	java.util.Random@76fb509a
popSize 	15
maxEvaluations 	20000
minGene 	-3.0
maxGene 	3.0
tournamentSize 	5
crossoverPoints 	1
mutateRate 	0.4
mutateChange 	1.0
mutateRatio 	0.5
mutateRateSmall 	0.3
mutateRateLarge 	0.7
wepMax 	1.0
wepMin 	0.2
expAccuracy 	6.0
minTravel 	0.0
maxTravel 	3.0
neuralNetworkClass 	class coursework.MultiVerseOptimisation
Training Set Training
Fitness 0.009426729652613347