1.0441343878065525,2.182723644354251,-2.542547751324597,-3.6288700277836234,-5.575737954924649,3.5625918468318645,3.43958986275563,3.0800980064405756,-1.2295867898397335,1.1699268939346608,1.0080061141402583,2.0124624953120724,-0.8160702545498548,1.3798790777492689,-2.9815008705967956,2.0763078626514315,1.8638832659382947,-1.6427390380170566,-3.8483390361920815,2.003558886677057,-0.3076713197056169,-3.6988776403097394,-2.6408764133626335,2.5040459170219767,-0.7634736278229487,-1.0931427364721087,1.633598758127517,0.9175493136219013,-2.7153174169639342,0.5192131726470869,0.872903648793343,3.1533564426586778,2.3488618567371864,1.1666724660567223,1.090525540960358,1.6681806197194047,-0.9769862576816866,3.126109346057036,-1.014353904569426,-0.30437963560094533,-2.0999537263966492,-1.1394305266510893,-2.3642841419229144,6.238817048055055,0.8511227810417844,1.275888823302779,3.7590105873285826,-0.2255432978855343
numHidden 	5
numGenes 	48
seed 	1586447455428
random 	java.util.Random@76fb509a
popSize 	15
maxEvaluations 	20000
minGene 	-3.0
maxGene 	3.0
tournamentSize 	5
crossoverPoints 	1
mutateRate 	0.4
mutateChange 	1.0
mutateRatio 	0.5
mutateRateSmall 	0.3
mutateRateLarge 	0.7
wepMax 	1.0
wepMin 	0.2
expAccuracy 	6.0
minTravel 	0.0
maxTravel 	3.0
neuralNetworkClass 	class coursework.MultiVerseOptimisation
Training Set Training
Fitness 0.02990951128161194