1.2992843546763744,0.17360941065872632,-1.630467174983334,-6.063918711549303,3.174608927627566,-5.283372320499248,2.9203829446006395,2.9133780890437326,-3.345339953553579,0.2800304720072751,-0.034940537221026136,-1.1995833646484857,3.691283743122423,-5.058180302624204,-1.5131961672497207,-6.069965285525012,3.5795484834777156,2.595561235659425,-4.932738360215493,-2.564473796022755,1.8763639929273777,1.3026729453504189,3.8720277605236824,0.24235317052266706,-3.08344887476219,0.9369329508612051,-0.7296959417849684,-7.052551531795824,0.9126376701156907,-2.7924824048351633,-0.23987528571524622,-1.3429254746444357,-7.223701171716316,-1.0055883316028982,1.2545812585090794,0.03718356029855565,-2.9759882692439956,1.8196845222627194,-1.892467465104856,3.220617801568811,3.4965989631631906,-3.928479515527426,-3.495484901773545,0.01753384368219707,-2.7351507113202373,-0.5988790658790103,0.8597001388958889,-3.595042714468664
numHidden 	5
numGenes 	48
seed 	1586447455428
random 	java.util.Random@76fb509a
popSize 	15
maxEvaluations 	20000
minGene 	-3.0
maxGene 	3.0
tournamentSize 	5
crossoverPoints 	1
mutateRate 	0.4
mutateChange 	1.0
mutateRatio 	0.5
mutateRateSmall 	0.3
mutateRateLarge 	0.7
wepMax 	1.0
wepMin 	0.2
expAccuracy 	6.0
minTravel 	0.0
maxTravel 	3.0
neuralNetworkClass 	class coursework.MultiVerseOptimisation
Training Set Training
Fitness 0.09583901506060727