3.1460826267585014,-0.8682190334278196,2.7001588386299074,-0.8939059291509978,-0.20064194199326457,-1.058416571237673,-1.1295643895515626,3.6424817399606306,0.9098974134900999,-6.712260776928505,1.5568645554179448,0.5650949962720612,2.3420998200369176,2.1589760747705866,-1.867569110499472,-3.97979933415588,-2.6755486740702583,0.8033960228560691,4.537907957875709,-0.18688441103387374,-0.9839672279613131,-1.6056696581599583,-1.749678900620175,0.2939118867412843,2.266027729293775,0.20269121281405272,0.12858131067503795,0.6252807336814147,4.915959642464099,-5.3631133784645195,2.956253223464023,-1.7595518870429308,-3.2119069406891585,-0.593779118168075,-0.19033557601895681,-1.0068312465347897,0.4784827028284504,-2.267130222252128,2.960521559330561,-3.869623454138819,-2.403651347651136,-1.703292020411383,-3.761401083290619,-2.940675515917634,2.7109613792231553,-0.5443660460906532,-0.21660242677718286,3.284096327961252
numHidden 	5
numGenes 	48
seed 	1586447455428
random 	java.util.Random@76fb509a
popSize 	15
maxEvaluations 	20000
minGene 	-3.0
maxGene 	3.0
tournamentSize 	5
crossoverPoints 	1
mutateRate 	0.4
mutateChange 	1.0
mutateRatio 	0.5
mutateRateSmall 	0.3
mutateRateLarge 	0.7
wepMax 	1.0
wepMin 	0.2
expAccuracy 	6.0
minTravel 	0.0
maxTravel 	3.0
neuralNetworkClass 	class coursework.MultiVerseOptimisation
Training Set Training
Fitness 0.007113044276136461