-0.16966070001188038,2.4763074065385378,-2.297578030357524,-1.3979758276308532,-1.7195880018539411,-0.17468443815016058,-2.1421257346688005,-1.9258969011084766,0.18590467942592342,2.900396823435222,4.670546677135462,-2.3857608188157506,-5.080061562038411,1.3157295261559632,-2.594843654320483,-9.182763457195305,1.2282538007021253,-0.6407315166529549,0.02166660184661637,2.931648969653161,-1.7270372134697956,2.7067073253151173,1.3491265851734868,3.8619008174701603,-0.7629777394659021,-0.5310456394065938,2.4325513874816083,0.6358517847957547,6.628123659091683,-0.09808455530222586,-1.4191973693852562,2.6287110189852516,-0.5908560345118031,2.1135207013679653,-3.8186251763060968,-1.3593945707034902,1.7860083439014265,4.97583415107253,-2.2167238100579163,7.5291466965907565,-0.9930250757956042,2.4692249747619903,0.3019752597597438,1.8662278928741658,3.034931739641051,0.03239631137239399,3.2056434860852043,-1.9465738222848779
numHidden 	5
numGenes 	48
seed 	1586447455428
random 	java.util.Random@76fb509a
popSize 	15
maxEvaluations 	20000
minGene 	-3.0
maxGene 	3.0
tournamentSize 	5
crossoverPoints 	1
mutateRate 	0.4
mutateChange 	1.0
mutateRatio 	0.5
mutateRateSmall 	0.3
mutateRateLarge 	0.7
wepMax 	1.0
wepMin 	0.2
expAccuracy 	6.0
minTravel 	0.0
maxTravel 	3.0
neuralNetworkClass 	class coursework.MultiVerseOptimisation
Training Set Training
Fitness 0.09450708349138065