-1.953165111733422,-0.05152626132428961,2.2334726659265356,-2.042865617026657,1.6074982868894452,-1.575776662155687,-0.5847706557475018,-0.7576403134740036,-4.343118954031506,-5.401402430595969,-0.6187298136572369,0.6442538289019363,4.589200866928293,2.6539828889240846,-1.6400113725973933,1.1918195976226902,1.5261594056316925,-0.7240962998783796,-3.948003645350457,-7.3110075806902355,-2.6648725395173876,0.44489172825084167,-0.45796997780035487,1.7310956648754205,0.8718700151856535,0.31779638347407135,4.185354920051286,0.07655014231062642,1.394598828075957,-0.25667378373844474,-0.9129321230064577,2.008907235256238,-1.6998874307805578,-0.2619174148487938,-0.13207354614784425,0.9294321054115864,3.3510179981043926,-5.475694091379871,-1.6986120712718238,-1.1577670151691815,-0.3480684121787007,-3.092484350792105,-0.6415014830153422,2.629309096663472,-3.60215084810913,-0.5716588427987168,1.0633043784736338,1.1491441557797923
numHidden 	5
numGenes 	48
seed 	1586447455428
random 	java.util.Random@76fb509a
popSize 	15
maxEvaluations 	20000
minGene 	-3.0
maxGene 	3.0
tournamentSize 	5
crossoverPoints 	1
mutateRate 	0.4
mutateChange 	1.0
mutateRatio 	0.5
mutateRateSmall 	0.3
mutateRateLarge 	0.7
wepMax 	1.0
wepMin 	0.2
expAccuracy 	6.0
minTravel 	0.0
maxTravel 	3.0
neuralNetworkClass 	class coursework.MultiVerseOptimisation
Training Set Training
Fitness 0.00618999421887596