-2.4172223256296186,0.5830276593939511,-0.48943356531084276,-4.278625220207264,-0.6960989387910393,2.6995724927596556,1.0447558846412706,3.6341462520998995,-1.955751006210919,-1.633587289121277,-2.4544535664749647,2.235790410282869,-2.065913838659765,-0.9592448481020122,-0.9090879534036416,3.7596643379085863,4.16708401883526,3.2090209537734626,-2.022671922435227,-2.8583074051668937,0.039474139504534864,0.4112635551099981,1.1303155117304633,0.23999383398163127,-0.9573530582216416,1.430809942252869,1.8889939386514742,-0.4413192274812519,1.1402391259993352,2.2344857961329714,-3.4154549220987955,-1.860247231137183,0.9174614553392904,0.675978465042949,-1.149005812651457,2.8949088743593,-1.8234281735102693,2.3998462930986393,0.6545447747418693,-0.3012211294669844,1.4929222269645137,-4.328512162073394,0.079544899352651,2.225530295741994,-3.8781778371644857,2.0577195432574635,-2.0853311741305167,3.910106833504575
numHidden 	5
numGenes 	48
seed 	1586447455428
random 	java.util.Random@76fb509a
popSize 	15
maxEvaluations 	20000
minGene 	-3.0
maxGene 	3.0
tournamentSize 	5
crossoverPoints 	1
mutateRate 	0.4
mutateChange 	1.0
mutateRatio 	0.5
mutateRateSmall 	0.3
mutateRateLarge 	0.7
wepMax 	1.0
wepMin 	0.2
expAccuracy 	6.0
minTravel 	0.0
maxTravel 	3.0
neuralNetworkClass 	class coursework.MultiVerseOptimisation
Training Set Training
Fitness 0.010609951795074542