-0.22429665489180559,-1.8370056898385934,-0.5174219334381229,-0.7234414486374451,0.09006889893556129,-0.5770885198697998,2.6664136001786174,2.2845878879666786,-1.6368316604060733,-3.4107047469168155,6.617097066299201,-2.884367242618454,-3.3251132842321343,2.352036457219293,-2.2979749554572875,-1.8309390812528052,4.866946782498236,1.4244267650845897,1.1701451742187576,-0.6043536802567878,-0.10579746229010971,-0.658742260811146,-6.067533228377594,-2.3152957297168975,1.7982305061885266,-2.8865666022173286,-0.8791604515726268,0.481429493800618,-4.7436978751036,2.0160216916591143,1.1241037817101724,-2.918793152948391,0.35267999578809534,4.657089500672544,0.3759985275700876,1.8823634911460234,1.689173634044372,0.4111091075642558,1.1289836942677802,-4.740373971082185,1.3503852269237904,-2.7690928634208674,4.946388918095517,-0.16221526479158707,-6.236945621040741,5.629404114542127,2.9389486257405806,3.920711431038094
numHidden 	5
numGenes 	48
seed 	1586447455428
random 	java.util.Random@76fb509a
popSize 	15
maxEvaluations 	20000
minGene 	-3.0
maxGene 	3.0
tournamentSize 	5
crossoverPoints 	1
mutateRate 	0.4
mutateChange 	1.0
mutateRatio 	0.5
mutateRateSmall 	0.3
mutateRateLarge 	0.7
wepMax 	1.0
wepMin 	0.2
expAccuracy 	6.0
minTravel 	0.0
maxTravel 	3.0
neuralNetworkClass 	class coursework.MultiVerseOptimisation
Training Set Training
Fitness 0.1104525482091702