-2.544709951844916,1.1397124945640857,1.0574509418846714,-3.297385362037498,-1.1709669113069399,-1.3803308354713195,1.0588428924608428,0.3983522199876422,-1.564194997407905,3.591969958456259,-4.211839380816363,-2.0977128707221615,-6.769366188098006,0.2571703431953199,-0.4420589604587588,4.485882730403576,-0.8535016411394916,2.1258581988876584,-0.04499695369841097,6.346620519243704,1.769411207629659,-4.308262665994593,-1.7570378330166476,-0.3461193987216275,1.1518726415587717,0.7725059900925995,-1.890898484644194,-4.060315521403581,3.7769995491378046,-0.24774237977275487,-6.99284840272205,2.038256827837156,0.3330461464547443,-1.0885693727119277,1.2118829289430448,4.357976663112794,-2.3662731726329937,0.15315143478708607,1.9707772516179138,-0.11991676504133592,0.5699676301300144,1.317448760550815,-1.9948763173672788,-0.1937058061561951,2.35994750177278,1.3785034155531402,-1.0847302348054333,4.859585117670544
numHidden 	5
numGenes 	48
seed 	1586447455428
random 	java.util.Random@76fb509a
popSize 	15
maxEvaluations 	20000
minGene 	-3.0
maxGene 	3.0
tournamentSize 	5
crossoverPoints 	1
mutateRate 	0.4
mutateChange 	1.0
mutateRatio 	0.5
mutateRateSmall 	0.3
mutateRateLarge 	0.7
wepMax 	1.0
wepMin 	0.2
expAccuracy 	6.0
minTravel 	0.0
maxTravel 	3.0
neuralNetworkClass 	class coursework.MultiVerseOptimisation
Training Set Training
Fitness 0.008594951088703362