-1.2353213761078266,5.017562445559109,-1.1598540724307247,2.4731354659768217,-1.3566253372019164,1.352827482244792,-10.575269513239906,-7.148327677697498,-1.3424465416474236,2.9241037376367465,-0.0412496956117554,-0.537525991798991,-4.759130988012654,2.496904095337295,0.7549613695903741,-5.984422120796703,-2.204040503250021,0.3322715858818188,2.8110984239284367,-3.1360468206709795,3.065419581904564,0.8416250727124046,-0.7869788148911554,5.151079633306632,4.899754796561802,3.287706877826035,-12.874831348817569,-2.982850970647215,-3.4989016237932105,-0.08425445074578697,1.962574697897713,0.6443887997035915,-11.166432288777841,-1.8215737604890445,-7.435791093701296,-0.16487265100384185,-10.205074213461067,4.838302576398639,-6.2574185744099715,-8.665054151498516,3.039134744619856,9.698072965126833,-1.901776137551165,5.0488019495530185,4.5718108521775385,-5.8865503398179175,3.4388284264836777,0.671061643584506,3.410512436131908,-0.7148613209075876,9.53149923336668,-0.9390782643497051,0.7092131669924759,1.605749967284087,0.24274277229695018,-4.057250393453467,-0.20876338976145892,-3.945748254205343,6.384496847716022,1.1964194868903402,5.517347443434911,2.7848806952658482,6.785665856160364,4.125763539446552,-0.6643809105410634,0.6492175105555482,-2.752692514630054,5.653810879695985,-9.782882196370176,-0.5805680863917395,-4.884218739326786,-0.6084709769628018,0.4763659120249013,-5.052500230720688,-1.7781511693350849,1.9623305148939911,1.2079680853402985,3.3994916981668144,-7.115120292235948,9.83765659768945,-1.6905167240829417,6.812564103297917,-2.8560082873731947,-1.8968956523145204,-0.9623226203805642,-6.692208418365696,-0.2140115937587881,1.4479557469128306,7.433184119999262,-5.078774335299755,-1.1262249999207246,2.73396577236863,4.724134803882673
numHidden 	10
numGenes 	93
seed 	1586632066186
random 	java.util.Random@76fb509a
popSize 	80
maxEvaluations 	20000
minGene 	-3.0
maxGene 	3.0
tournamentSize 	5
crossoverPoints 	1
mutateRate 	0.4
mutateChange 	1.0
mutateRatio 	0.5
mutateRateSmall 	0.3
mutateRateLarge 	0.7
wepMax 	1.0
wepMin 	0.0
expAccuracy 	7.0
minTravel 	5.0
maxTravel 	20.0
neuralNetworkClass 	class coursework.ExampleEvolutionaryAlgorithm
Training Set Training
Fitness 0.0072943467949250764