0.5765399492642445,-8.608562656214083,2.1173420687250646,5.330204194684644,-5.548594456857472,0.6532485503574623,2.4377252180862534,-2.1241393156801838,-1.2711450282477976,-0.01780161442484207,6.546977144505873,-0.3024906847764619,-5.110445044939885,-1.4352557222663025,4.987194421855552,-6.552306254136611,0.7478600664986255,-2.5203778456604087,2.7586646231150986,-2.2415148694430087,-0.7505470055983428,-3.964688828006537,-0.14350434467790407,5.998452058273957,-0.9036875995323914,3.292822754268813,2.1777804951415316,-4.321937411725714,2.8478638955175377,5.029049637594136,0.3705040543812155,-9.916172416869363,1.9032523630642642,-6.249003120426289,-4.19040623829358,-5.65237151416556,-1.3765425368392012,-7.773027836214435,-3.369368039770043,-0.23219983406534084,-4.98084147482866,-7.99345802941923,1.8846958381440455,-2.9212597161403355,-2.116507794543412,-2.1541843258020466,4.5498971172520974,0.8334919687663556,5.000965744863602,3.0850314203501172,-1.5799257756816214,0.38996299024345626,-0.9542554008643283,0.21031246753787558,3.8110007458570774,1.5832385959085151,-5.078793268797459,0.39201469272812073,2.8819034186115893,0.19574461291799228,-1.6311711634916746,-2.2098682539199483,5.165001410044596,-5.19618809955129,0.6881389130259041,-3.1472291361551488,4.6282004113776,-0.5165076411477183,-1.6393575140154804,-3.2932411018446244,-10.73400079398483,-2.799728670078519,2.259304844276507,-1.9500132464817552,4.821084841937384,-1.5133790719159639,-0.048662603082370914,-6.296855930727702,5.784018381260896,1.2281311967869435,-2.6342872590259354,-6.835952649126164,2.300831045656432,-6.966740326091063,-0.20199405807704185,5.130806396251817,9.03827589007357,4.753529225533882,-5.136176053900593,-4.979373917973229,1.4138995082174484,-2.7496935044136954,-3.411732026395148
numHidden 	10
numGenes 	93
seed 	1586632066186
random 	java.util.Random@76fb509a
popSize 	80
maxEvaluations 	20000
minGene 	-3.0
maxGene 	3.0
tournamentSize 	5
crossoverPoints 	1
mutateRate 	0.4
mutateChange 	1.0
mutateRatio 	0.5
mutateRateSmall 	0.3
mutateRateLarge 	0.7
wepMax 	1.0
wepMin 	0.0
expAccuracy 	7.0
minTravel 	5.0
maxTravel 	20.0
neuralNetworkClass 	class coursework.ExampleEvolutionaryAlgorithm
Training Set Training
Fitness 0.011153265621712389