4.357226236560324,1.1029587933680052,7.364367406302235,-2.829630548155249,-3.384453720055431,-6.390396774569769,-1.7847844879288681,-0.4934329569875455,-2.107576889269027,-5.839562174414677,5.321991838714746,7.123215706263691,-1.2101107257427612,-1.927499043336331,-4.541631305143596,1.6342424475494948,-4.629729184850438,3.6310578002825924,-1.3366803767269677,1.5294145182208227,7.812682865031613,4.773231948913587,4.245601547659374,-3.756208403463579,-2.368611416725538,0.1414707739824448,-2.606837963264043,-4.647279703573372,-2.5423280785552738,-9.101371760618687,0.49361133217919484,-2.244169366193259,-2.482269783462315,-1.563315801536202,-4.003490184381079,4.797486564264456,-10.242546737321547,3.038853812945198,1.0603291011103049,-1.2159739104341911,3.1149174958276804,-0.3338397996986924,7.282445812284064,-0.061356677637725454,3.248748930791878,1.37359747030954,-2.0494921116838256,-6.181538697596885,1.4119736022038545,0.2416235378328282,3.493076391333547,6.011052695925252,-1.6705209356332213,-4.3942967591864805,-0.5603553819071436,4.892733847462182,0.14051962073998325,-2.04220275372633,-2.0378645912587654,-0.38531063012475375,-1.3840620531525651,7.165674246290759,7.0771746154886,1.6840812837169743,3.58582760083147,-2.213465649292403,3.578004202957164,-1.3625984595977796,-2.4512664505180695,2.7104880010822017,-0.9701228250372704,-3.1058869829308584,-2.250788676855658,1.980752164546307,0.718279205770507,0.8903709816748426,-10.520428454669158,4.541265798616224,-1.3603109121586958,6.313983191333165,-10.990398170122443,2.958524444231193,5.729858868910947,3.8473637508512555,0.38801608119084463,2.934386304988438,4.083291533126414,-8.058972778216017,2.775156689294243,3.2927480079251774,-0.16198267609703798,6.3486643200140636,-6.569129971014622
numHidden 	10
numGenes 	93
seed 	1586632066186
random 	java.util.Random@76fb509a
popSize 	80
maxEvaluations 	20000
minGene 	-3.0
maxGene 	3.0
tournamentSize 	5
crossoverPoints 	1
mutateRate 	0.4
mutateChange 	1.0
mutateRatio 	0.5
mutateRateSmall 	0.3
mutateRateLarge 	0.7
wepMax 	1.0
wepMin 	0.0
expAccuracy 	7.0
minTravel 	5.0
maxTravel 	20.0
neuralNetworkClass 	class coursework.ExampleEvolutionaryAlgorithm
Training Set Training
Fitness 0.01265863555336397