2.2774337252609254,1.563769878738575,-0.5246303952328111,-3.8326514799920433,-0.15405243674158564,-0.9413979256732916,2.092766394326571,-5.69867507438232,1.6731160514759171,-7.830033525285666,-11.948288987019586,6.312658527731887,-1.7421659454538894,-0.45779958003248566,3.1412139078453922,-9.638729504289753,-3.544806537957973,-1.9668540498499762,0.032800121847322394,-1.9533786658332097,5.813384219230569,6.157852247185312,-1.3118220128500697,0.6693222364853142,-1.4082604463970494,-0.1967944976954108,1.4708266482906218,2.2379995656041425,5.679596326704913,2.6171008252062187,-1.0843061279260553,6.321260738517669,0.5269200921427597,-3.19008972895519,2.600285927494464,-11.348700354443306,-5.75571591273146,-1.637939378407836,7.396364217819631,10.894555209338758,1.0636517255028473,1.2916852156928993,-3.4038191847741484,2.443599368640302,5.896643671737455,1.1829643647308021,-3.790313247722505,2.6839486908020467,2.6215346246009847,5.700560540107623,-0.24881643364657569,0.14585503895976082,-6.832140433478628,-1.0177960762747187,9.105199890834268,-0.3095151946559298,2.3087198703670158,-4.242390314604044,-0.9336226956194382,-0.06905657719412162,8.317985150647365,-2.582700516114068,-0.6278476365613033,3.9544927631020634,-5.697609973612778,7.674818967091853,-0.8611822311673061,-2.949024628588142,4.079068911195112,-0.17673154718792183,0.14084350100952792,-1.2713625468102139,-2.0328782689491804,-2.118015849973782,5.340135370960035,1.8122087865776857,-4.202652173337453,-5.838372314642248,1.4762036856295264,-1.1307250988409003,-5.182667907296567,-1.0541324839281092,3.3700155020984646,-5.40035633701432,2.1700375303498136,-6.913359218783587,2.569121032029818,-3.148666826523219,4.627329853284302,2.4238029977560176,2.114243854636385,-3.4315120519218674,-5.951534351183874
numHidden 	10
numGenes 	93
seed 	1586632066186
random 	java.util.Random@76fb509a
popSize 	80
maxEvaluations 	20000
minGene 	-3.0
maxGene 	3.0
tournamentSize 	5
crossoverPoints 	1
mutateRate 	0.4
mutateChange 	1.0
mutateRatio 	0.5
mutateRateSmall 	0.3
mutateRateLarge 	0.7
wepMax 	1.0
wepMin 	0.0
expAccuracy 	7.0
minTravel 	5.0
maxTravel 	20.0
neuralNetworkClass 	class coursework.ExampleEvolutionaryAlgorithm
Training Set Training
Fitness 0.00904173753337534