2.180352390198439,1.8095687313364,-2.090837701099176,1.5751704224242555,3.252995395387235,-1.1498803258259915,4.792142240878412,1.8371360891811426,2.4957555506659785,9.157333621321651,0.06629344474727894,-3.4077900048373353,-3.5775267853250496,-4.2309181647205385,5.780566927588897,-2.7610534123032924,-1.1397326842679685,-6.651931345977802,-6.34338161399763,3.9063130540350173,9.611273664591698,-0.14998895673625157,-3.612645503588677,-2.2950808890391308,-1.4416022529326984,-4.529402016292616,-3.5533035133648525,-1.9578210281841368,-1.4671080133158467,2.270728626399792,0.619420582725196,-1.8477903796865185,8.378201366728268,-0.773854348766466,9.393226478184925,1.5924709628100144,-4.104519883558673,0.8341308371230598,5.639207733289748,-0.549428460656693,-0.39197299580006906,1.6315503997308358,5.98973010100868,-0.09367941963963622,0.3354271098820196,-2.127392333822175,5.676213747373054,-1.4559225463471392,1.2318718574580947,0.27411546418572774,0.3030080983829295,2.3563700418748033,-1.9489318108847513,-6.373923975923181,-0.3308823897970079,-7.733157953211383,-5.571793505160235,-1.139717259246006,-2.7836710761425945,0.014268191643757255,5.404999144294015,-7.09792303942819,-0.4134111945374235,3.1905442740867125,-0.7031512673308242,-1.6996831699149841,1.1132799416109211,6.114230045626944,3.3117551243958356,7.238035318734708,-2.1496644465575248,0.047399105706974254,3.078612597534641,-3.9288121312459303,9.959934462236681,0.02721709373192116,1.4281004705213318,-0.9746882738443094,-0.0661880846490801,1.284843534258152,-3.6075878530836687,0.0998395818562603,-3.7849793189991328,2.8629256922955792,3.4506191065108105,11.587234350964394,-4.683728369859978,3.619122492169045,-7.455489968231351,-0.09096866325144592,6.497782273655674,2.316769113692194,0.3252926100424802
numHidden 	10
numGenes 	93
seed 	1586632066186
random 	java.util.Random@76fb509a
popSize 	80
maxEvaluations 	20000
minGene 	-3.0
maxGene 	3.0
tournamentSize 	5
crossoverPoints 	1
mutateRate 	0.4
mutateChange 	1.0
mutateRatio 	0.5
mutateRateSmall 	0.3
mutateRateLarge 	0.7
wepMax 	1.0
wepMin 	0.0
expAccuracy 	7.0
minTravel 	5.0
maxTravel 	20.0
neuralNetworkClass 	class coursework.ExampleEvolutionaryAlgorithm
Training Set Training
Fitness 0.0081804878410757