6.3584409660936725,-1.0009685270230557,-3.5781032262469825,7.386697053924289,-10.07865265563382,-0.44714409374269337,0.16889773427903165,4.69451631430197,11.844409256925719,3.4797615638015813,-1.1955025066338805,1.680143574910299,7.350091381688172,-2.121873912749508,-3.3313538847694897,8.135636749157294,5.246966151058995,-8.203573454931393,2.8987090225129455,5.237262608151223,4.7943895108118895,3.2686052967860304,2.995838804020141,9.46427034804926,-1.501751383943203,2.801491163389522,-2.5457797754343066,-2.932515652243266,-0.856457946061604,2.1763413736836803,-5.591510099288993,-2.266463711071878,9.797917310891936,1.0718914234077168,0.10733630755093859,-1.8366487339676816,4.010056717728656,1.7675541352024169,-0.18213653125609053,-2.6430121896288483,-2.1019910964088675,2.68903989357878,2.131115029710479,2.9615051383365634,-1.6597478924949653,-1.282195398720635,-4.23288362436383,3.832809762360716,0.42271518468211067,-3.3750299852866688,2.0969021654337427,-0.6356001154651141,-1.3331612492841902,-0.01756206307311281,6.386107499979144,3.7824084376778844,6.444625672990614,0.3941541876656718,-6.760690922848226,2.440331651336362,-0.44501946269931647,-8.431785732579607,-5.113586617505514,0.1683132529031388,0.1915051376415562,-5.384264463240372,3.801997841720577,2.9408398735357206,10.475271238845448,9.015155729348033,-4.389268312251549,1.1113255031356113,-1.4627603922750376,3.34762670648968,1.7222528224599785,0.44355917365383135,5.680095126889078,1.4842229027486193,-1.5091624092739702,2.6490323505797573,4.812225720999146,0.4691499979887972,4.571072282396468,-0.5747907983477605,-0.41529422631617186,0.7047267746078836,0.8193844264540724,0.03598133920808344,-3.505803346726812,4.305258859740381,3.916725453345193,0.8874677344668784,-0.4847314685236399
numHidden 	10
numGenes 	93
seed 	1586632066186
random 	java.util.Random@76fb509a
popSize 	80
maxEvaluations 	20000
minGene 	-3.0
maxGene 	3.0
tournamentSize 	5
crossoverPoints 	1
mutateRate 	0.4
mutateChange 	1.0
mutateRatio 	0.5
mutateRateSmall 	0.3
mutateRateLarge 	0.7
wepMax 	1.0
wepMin 	0.0
expAccuracy 	7.0
minTravel 	5.0
maxTravel 	20.0
neuralNetworkClass 	class coursework.ExampleEvolutionaryAlgorithm
Training Set Training
Fitness 0.008826219151436807