5.876056043151297,3.4936819375095753,-3.0812135649385253,-1.2605619068693255,3.1769267344440077,-5.696728966461522,4.948132410093297,-1.3080741535472606,-1.6876895765527347,1.195918283878017,-3.636545911910325,1.9806152346927401,-2.4037075455819634,-0.17427157495397605,1.8818907025451672,6.477810123920183,-4.3466940137355135,1.8649041922882033,-5.7017774584875305,-4.924804531924437,7.677650385739811,2.1771455342964234,-8.634551787371855,1.8212023025981896,1.904830096530059,4.907508071290855,6.954966787446432,-2.1681551750058734,-1.601929274053572,-6.433704515266799,1.1961600951094504,4.820067618760795,-1.6529301205394584,6.509717544643002,7.472311904082391,2.402163385069258,2.0134198025762196,0.847897084711045,-0.12928403689014267,-1.4868706896870965,0.4748402094652153,1.4293213126414548,-3.5428433963926107,3.982929699759664,2.1479085201237034,-1.1124556695454153,1.1601348141644987,-2.2374783739108737,-3.6931237007736026,5.745744384393759,6.8603972278686856,-2.020448331091367,-5.128709316609689,0.24918618752766175,0.009611699408372143,-0.19317993428276115,0.10694014709382671,1.0824006510359467,-5.877034998126412,-1.461975339594959,-0.09344397501240742,0.18185137162240395,0.6615426613221072,1.7541158519149622,-6.32805426010065,7.61065384414527,0.3991478469756875,5.590792529440787,1.9776674738885465,3.72741662634803,0.1694283141307089,8.411861829202145,2.4974517053558998,-1.7190845271123933,6.8553591252869825,-4.299659356484414,0.9160726101358874,5.67548100411505,6.772501225666129,-1.43512560893637,-5.340596605143607,-6.3086061474348565,3.647387848122989,4.264975307960826,-3.2207384233374876,6.7229710425185525,1.2415156044736095,-0.7261823523733382,1.4292632023579603,-2.943990859365303,-1.1352225201249109,4.700063772719126,0.15501481899646485
numHidden 	10
numGenes 	93
seed 	1586632066186
random 	java.util.Random@76fb509a
popSize 	80
maxEvaluations 	20000
minGene 	-3.0
maxGene 	3.0
tournamentSize 	5
crossoverPoints 	1
mutateRate 	0.4
mutateChange 	1.0
mutateRatio 	0.5
mutateRateSmall 	0.3
mutateRateLarge 	0.7
wepMax 	1.0
wepMin 	0.0
expAccuracy 	7.0
minTravel 	5.0
maxTravel 	20.0
neuralNetworkClass 	class coursework.ExampleEvolutionaryAlgorithm
Training Set Training
Fitness 0.014470647209618964