-8.154018623027493,1.8789331193297762,-0.33707272614567785,3.0375719205634484,-1.244579177612109,5.534157751557772,-0.41579372956038263,0.3034016918554674,-6.797805997157169,0.6150421780204542,6.513244067912726,-5.419214624565043,3.2747412186463665,3.4260057500707144,-2.1831778925447214,3.8345861112594575,-0.06593379845647895,0.46188210603664004,-1.9429879081411663,1.0634124014957953,-4.039957240595124,-4.51412192503755,-2.504236899020467,2.460485467937067,-1.330690109686044,5.3282653139359795,0.21417012256564938,-1.6479718790497246,-0.8879561614837126,-1.0345577926523655,4.107764189934207,5.9152134466641195,-6.09449216234293,6.102347537454005,-10.021540966029795,-4.658665057917082,4.2084785622166585,6.143944390138012,2.6666497335637764,2.0029807660193297,0.3650666005092331,-3.8995119104362574,-3.2861200902911714,1.5877966304932087,0.5081513129132738,-2.1313461429126663,-1.30701961280191,-5.957716919808323,4.902889618666455,-0.19478875734748335,-0.823435583948422,-2.3367735462212282,-0.542070654729998,0.10490683777772158,-0.03161411424736649,-3.875347023615066,4.3033453134577915,1.8582394301010297,-0.02716023308062887,1.1126972865109774,-0.0597268517070364,4.308744922985769,3.079740936514895,-1.7556131195726215,0.5804979384212601,-1.934184443467588,-2.629570208779379,-1.0504642026224733,0.5131642385447064,5.593286232465214,-3.387118214038493,4.29328760230497,-1.6602880597856933,0.4387118907583867,-2.586713326571275,-0.9380901562334785,-1.257169986623007,0.6194521937502131,0.25305649979944,-2.487189691442981,-1.5961317791138931,-3.3493949026313126,0.05988121095134957,0.3626873894251039,1.548382986544615,3.5494490201252265,-1.8295624312263694,-0.46891270224951365,2.6522267615017796,3.688157473345341,-5.061160913878135,-1.2124981810442073,-2.919175850347102
numHidden 	10
numGenes 	93
seed 	1586632066186
random 	java.util.Random@76fb509a
popSize 	80
maxEvaluations 	20000
minGene 	-3.0
maxGene 	3.0
tournamentSize 	5
crossoverPoints 	1
mutateRate 	0.4
mutateChange 	1.0
mutateRatio 	0.5
mutateRateSmall 	0.3
mutateRateLarge 	0.7
wepMax 	1.0
wepMin 	0.0
expAccuracy 	7.0
minTravel 	5.0
maxTravel 	20.0
neuralNetworkClass 	class coursework.ExampleEvolutionaryAlgorithm
Training Set Training
Fitness 0.01682859800181181