-3.3308063416692137,1.9389300770127216,-5.916438967439381,5.17174912434867,-2.1718494383424494,4.640521307402794,1.309698321005512,1.424714592651621,5.469890995168501,-2.5116404187574597,6.088677359678533,-6.9437162016540155,-0.2216575284292137,0.6848801253025245,-3.7716358839459945,-1.5193673133384564,8.532060300964453,3.936175973522941,-0.5537094017802131,-5.429399294660016,-4.740943349456956,-2.339866464498818,-5.783957080546815,1.9196406400231094,-2.6886620198340188,0.9514348432045963,-2.9577270599763903,-3.6544946440989854,0.1095407612811945,-0.9121297577871363,3.490866507359899,-1.0575917458996367,0.48068060826175385,7.168396639692498,-4.302580235876326,1.779095094319815,-0.7081454268329805,-0.6530588316059065,0.6920321774154976,-5.525566316157192,-7.652407738409437,2.696142423528463,0.9049843805756268,0.4739003299228717,1.2724900650925761,-3.445018633194846,-4.452340925791014,-3.4212997150812887,0.04961959667723814,-0.23232917293098776,3.6351194175058295,4.0701080915582395,-0.13926218767471266,-4.338087329883605,-0.2254102420871531,4.3587438157854645,-0.3566414217645888,4.989016717426044,-2.647937129378805,-1.0819696390938596,-3.619232450776693,0.4393053077592035,-4.2906006424485374,3.8784771063892745,-4.507393824615446,-6.8267075918212825,0.3636156932205896,10.054700960366578,0.4704945922164079,-1.6182375728265317,-7.760021550543835,-0.23110700887509417,2.0418358158723295,-3.551584337138286,-4.25205167020846,2.863735948988955,-6.778885811271523,1.286797975969466,-4.67606756394418,0.7645765470473345,2.6216761959030705,-5.141222137048711,4.7972325127796225,3.3549484693716067,3.3521479215215013,2.754880430693551,-1.3945070359964777,-0.2286543998916022,1.710322886104131,-4.972664086402155,2.111630285695166,1.598419700405938,0.644894202409878
numHidden 	10
numGenes 	93
seed 	1586632066186
random 	java.util.Random@76fb509a
popSize 	80
maxEvaluations 	20000
minGene 	-3.0
maxGene 	3.0
tournamentSize 	5
crossoverPoints 	1
mutateRate 	0.4
mutateChange 	1.0
mutateRatio 	0.5
mutateRateSmall 	0.3
mutateRateLarge 	0.7
wepMax 	1.0
wepMin 	0.0
expAccuracy 	7.0
minTravel 	5.0
maxTravel 	20.0
neuralNetworkClass 	class coursework.ExampleEvolutionaryAlgorithm
Training Set Training
Fitness 0.009169532482459785