0.1524031225673208,4.616288576695656,2.806150698804785,1.8766853925626066,1.1730900104103368,-4.251099564180351,4.0293195978730845,2.398440888508622,-5.471292088320306,-2.2255666164831034,4.8690446987466505,5.126981433433533,-1.057633188749537,-6.7855822500199094,-3.9913273666896885,-0.10063425431107476,2.3747969478647644,-0.19494275094720015,-5.529502036242645,9.858575334930192,0.39013708496381794,9.948315068621422,0.6396456381210074,2.9855721382542946,2.6959610108762764,-4.492183177493217,2.9696855726366413,8.185689519407617,-2.999940270149308,-3.2423860260919426,-8.938144752604028,5.044454486584403,-3.097332827536806,3.7898986220612736,6.851231321334241,6.597019472701452,9.056491825896098,1.6233092810415082,-1.1343942235067006,5.859676916198961,-7.721914105076218,3.626511392888034,-2.104527748942285,0.8327002086926143,-2.6419524169491986,0.506462564803444,1.7646197542092912,0.27478184616224954,4.438132574266037,-1.4626460480450671,1.9557016905610456,-0.9324001649980245,-4.259647779979595,-2.7037937513464376,-1.7216751189301105,-3.455696152100016,0.4344141865583211,1.3256112420259072,-9.128024188906823,0.4054056801003654,-8.270380185031154,-5.263146719912588,-0.2262664846615281,5.299459915627805,-5.985836541198398,2.0663610002494055,0.9876596465988268,3.3717761441060183,-2.2031417524502173,14.60089239208635,1.7271903960663462,-2.135892328112236,-8.495548300597658,0.8471722776092232,0.6249034383842691,-4.231812322118621,2.7794874360895445,3.9603757916124156,6.264578744088027,0.3934018614032144,3.952970913800047,6.0220196882893084,-5.611479699883179,-2.4961893253129004,3.832889874454195,-1.928499870197748,1.5686512306379479,-2.587845876646286,4.853938177971031,6.746681626534201,2.8655003224894458,6.816918007783029,-0.044959038818746855
numHidden 	10
numGenes 	93
seed 	1586632066186
random 	java.util.Random@76fb509a
popSize 	80
maxEvaluations 	20000
minGene 	-3.0
maxGene 	3.0
tournamentSize 	5
crossoverPoints 	1
mutateRate 	0.4
mutateChange 	1.0
mutateRatio 	0.5
mutateRateSmall 	0.3
mutateRateLarge 	0.7
wepMax 	1.0
wepMin 	0.0
expAccuracy 	7.0
minTravel 	5.0
maxTravel 	20.0
neuralNetworkClass 	class coursework.ExampleEvolutionaryAlgorithm
Training Set Training
Fitness 0.00803365731927547