1.9652792040186338,7.2615817767370565,6.270791483781105,2.9712355484732313,-0.6534093281192064,0.4786180481735016,-2.8276882558968772,-3.5356903446903125,6.3420692917144175,-2.9687805293877534,2.5893098434873583,2.955296295482114,-2.177154485158436,-6.5572666084765165,0.15283644022182408,-1.584036788084604,0.27839803055739143,-2.671891738639807,-5.661212853172836,-0.8634986986027129,0.6885969347637086,2.6610131369641956,-3.5009892707500683,0.9826694288122839,-2.4765895246486855,3.759804833626232,-0.2557261768107608,3.4655944425720993,1.0555426737522344,-5.784737980036589,0.9952823719914745,-0.31765937911530884,-3.6348061768283397,-4.461679327580839,-5.759631203655847,1.957221309989686,-3.4376561332693685,-2.5467687763898494,-0.1306079251950769,-4.746969672454066,-0.4181348275241792,-2.366415548119477,-0.7267415513176605,5.470957009367674,6.839334326212455,1.4465724448146675,-3.8737258461949056,-1.5137824645849531,3.437806530463372,3.7284368916543196,3.936034572973078,-0.2347776970223503,6.770536673552992,0.2927581997370705,1.0703851471910486,-1.9988895256831332,-1.2209126580569056,4.415614491107871,-2.166037815996945,2.21957940982608,-5.886273074694582,-4.578253629051826,-1.2805478351288837,8.510467132377237,-7.07335398462416,1.7312812366524426,-0.9440785208306126,1.9507018069176958,0.6560853240009603,4.685564145459854,-0.030074234915327125,-5.913036169813228,2.446577740083722,-2.382882113927396,-0.04402959939936135,0.3366430475595479,-4.174883580710041,-1.0372538349468066,4.4212498061118035,-1.1565928249795134,1.9151702226132734,3.7402744363430527,-1.674545461844021,0.6889308333649993,-0.17992162631194053,0.4184095910866894,-5.990376545606477,2.381963688701317,0.7038900670645427,-2.1916219688262126,4.864193882856003,-1.606114843561293,1.2580059135956514
numHidden 	10
numGenes 	93
seed 	1586632066186
random 	java.util.Random@76fb509a
popSize 	80
maxEvaluations 	20000
minGene 	-3.0
maxGene 	3.0
tournamentSize 	5
crossoverPoints 	1
mutateRate 	0.4
mutateChange 	1.0
mutateRatio 	0.5
mutateRateSmall 	0.3
mutateRateLarge 	0.7
wepMax 	1.0
wepMin 	0.0
expAccuracy 	7.0
minTravel 	5.0
maxTravel 	20.0
neuralNetworkClass 	class coursework.ExampleEvolutionaryAlgorithm
Training Set Training
Fitness 0.04796443759451842