-6.886174107300089,0.778891943712841,-1.9500347093927934,1.40972101076043,1.4251501926918966,-2.0797886704356463,2.2207282417642826,0.7355563158797334,1.9854810147366704,4.8156817891489165,1.9509679545804977,-1.592724260461266,-5.003075528754616,-0.29122767147658113,0.12082555660050964,1.9777348025044788,-4.827573490162559,-7.81453172942998,7.63891661431724,1.0795393282553394,-9.622524815777323,-0.6324199894997484,1.016201966537679,0.8518807180648587,3.532377302547608,-3.630304646172158,4.949331466114864,-1.6073862706092745,-1.986168708000149,7.763063504591235,-2.1180070339601773,3.2219247324998963,-2.3149160731250724,3.8973791033416054,2.349460875183495,10.13107308220809,-3.0836839572954826,0.35680255798968563,-5.600408967170269,1.2563574960206338,-5.169149428618844,-5.772275421258307,0.30832987689836067,6.037183177482772,4.677754078811931,2.2072638028748788,-2.1473818442986943,-1.3707880711192795,-4.997109209731313,0.5873513228521778,2.0188014545934303,0.9431898728941959,-2.750528228865244,4.84261005475115,4.827394370115282,-0.23284525926330524,1.5656251578641474,-6.068899590840467,-5.054719075927609,0.4043349419517215,-1.0695000498322926,0.4853611861629039,-2.0658345959624755,0.9211623214895157,-0.7681018082768354,0.8270337882253704,0.3493259738341279,1.4494272189817536,-1.3625843749636841,-6.818281806799985,1.4554541701744066,1.023719974980601,-1.502444916854543,1.6015671675303267,3.0665994855732714,-0.8400964923266212,5.1032618542068064,8.921487274811739,-0.0550259102920867,-1.2075198187904244,-2.1081869258047687,-4.419329470969429,2.3086023712751316,-3.7116813395852306,-3.8460191582546037,0.3345430918800991,0.3005412715082221,9.041318813743501,-2.058133008164079,-1.2369229728242799,-0.23737550976124933,-0.372797351321124,-6.289199101501013
numHidden 	10
numGenes 	93
seed 	1586632066186
random 	java.util.Random@76fb509a
popSize 	80
maxEvaluations 	20000
minGene 	-3.0
maxGene 	3.0
tournamentSize 	5
crossoverPoints 	1
mutateRate 	0.4
mutateChange 	1.0
mutateRatio 	0.5
mutateRateSmall 	0.3
mutateRateLarge 	0.7
wepMax 	1.0
wepMin 	0.0
expAccuracy 	7.0
minTravel 	5.0
maxTravel 	20.0
neuralNetworkClass 	class coursework.ExampleEvolutionaryAlgorithm
Training Set Training
Fitness 0.013780979035508893