1.6249070622588841,0.4240495249323587,-4.640483826985813,-3.724132011002914,4.290507048808025,-2.2141071146121702,-1.61798296069286,-1.6615729605588985,0.5319662813615005,0.22648928563518717,0.45535554844255616,3.3669564493008783,-3.704767922781014,-2.9943662139536498,-2.3668066884025523,2.2298899254861078,1.3899713432346068,-3.4475340919758763,1.682107422453847,-0.043352747035559844,1.9785414599172793,-1.2455646773865292,-1.313373652059969,0.01756518930803128,0.14427057925847794,-0.7636645197353482,2.302968672672288,0.130979846694928,0.40864607740737835,-2.920296572636536,2.7156009744228173,2.8267264576706848,-2.4730363603884618,0.004182678006819938,-2.200115069959203,-1.9644419856429793,-3.0946037600564225,3.3799319181582907,-1.3235011864344346,0.2987954724511109,1.9801621955832438,2.941455235794072,-0.6648805731947506,-1.2536283339425915,0.06448991362431929,0.4149861690400039,1.5885758884140806,-0.6665953666722162
numHidden 	5
numGenes 	48
seed 	1586381007355
random 	java.util.Random@76fb509a
popSize 	80
maxEvaluations 	20000
minGene 	-3.0
maxGene 	3.0
tournamentSize 	5
crossoverPoints 	1
mutateRate 	0.4
mutateChange 	1.0
mutateRatio 	0.5
mutateRateSmall 	0.3
mutateRateLarge 	0.7
wepMax 	1.0
wepMin 	0.2
expAccuracy 	6.0
minTravel 	0.0
maxTravel 	3.0
neuralNetworkClass 	class coursework.MultiVerseOptimisation
Training Set Training
Fitness 0.006262637323546166