-5.7346070764258,-1.541863820283345,0.7248859138194889,-0.2596022156702774,-0.7626603146959446,-2.739083862746574,2.28174533091979,5.145583892827961,-1.35105464909618,1.6565202498245426,-4.205973234034013,0.899284463436336,0.47115375332718173,-2.6777842829554803,-1.249357346951078,-3.5223798197345983,4.211851585891143,2.2404522917456857,0.8059702332113021,4.8744381345215295,1.7840870246846845,2.379782503687011,-3.5459266354093946,8.146298444402592E-4,2.2731205280584237,0.014538168059116304,2.570166022260703,0.5291584256150921,-1.634411264483236,3.209978132713357,-1.0932292938911705,4.967898726265144,-0.8518496149845829,3.1992192685305683,1.664078147931321,1.8825578694470144,2.7652725225138313,-1.433159599465458,3.201594454575878,3.962785196214975,3.021455514235906,1.5945756893856646,1.759879593463101,-1.2654502934142893,-0.13221405101750547,1.3787800740416192,2.4899915882066086,-1.0871594836186724
numHidden 	5
numGenes 	48
seed 	1586381007355
random 	java.util.Random@76fb509a
popSize 	80
maxEvaluations 	20000
minGene 	-3.0
maxGene 	3.0
tournamentSize 	5
crossoverPoints 	1
mutateRate 	0.4
mutateChange 	1.0
mutateRatio 	0.5
mutateRateSmall 	0.3
mutateRateLarge 	0.7
wepMax 	1.0
wepMin 	0.2
expAccuracy 	6.0
minTravel 	0.0
maxTravel 	3.0
neuralNetworkClass 	class coursework.MultiVerseOptimisation
Training Set Training
Fitness 0.05096633861545751