0.6146404533468937,-0.11863972098468935,-2.340875280258849,2.1924995441198996,-1.973425418234132,0.5536647551844217,2.402892513022139,-1.148904610097557,0.5182998933478067,3.2165495561933466,-2.584513862185957,-0.29271802658999546,-3.0898143029465834,2.6609046804361296,-3.816255297954305,1.5865711840848162,1.4400822161765403,-5.248756522105411,1.7975483190036081,-3.5410161384146495,-4.0452507168592104,1.0959505622655854,1.882973350754247,3.272409661018247,-1.5069202067863594,-0.5100241773006279,0.3773990183761386,-2.674129992905921,3.3705638940120886,-0.10128667998669544,-2.877041532701712,0.9387676675014687,1.5563241690626928,-0.36147529228582087,-0.7633698853914413,2.5650125508940884,0.32020833644278596,3.2997569259975394,-1.9503911635554878,-0.26908146685147,1.7070286028804473,1.3274713626895378,-4.133870582830916,2.991227343420164,0.604395710641497,-2.0189900693539884,2.6660914788269756,-3.4934068791443615
numHidden 	5
numGenes 	48
seed 	1586381007355
random 	java.util.Random@76fb509a
popSize 	80
maxEvaluations 	20000
minGene 	-3.0
maxGene 	3.0
tournamentSize 	5
crossoverPoints 	1
mutateRate 	0.4
mutateChange 	1.0
mutateRatio 	0.5
mutateRateSmall 	0.3
mutateRateLarge 	0.7
wepMax 	1.0
wepMin 	0.2
expAccuracy 	6.0
minTravel 	0.0
maxTravel 	3.0
neuralNetworkClass 	class coursework.MultiVerseOptimisation
Training Set Training
Fitness 0.010197891341717122