-1.685299943845111,-0.3645507198784518,-1.8608278483949463,2.3141188015345246,1.3831829111587424,1.8767727362200344,1.4375809830037776,2.074434624725949,-2.4956958535546523,0.5588210547410523,-2.2119553914385945,-3.235505361607804,4.719720145785275,-1.8391393226148973,1.983053855770211,1.9572512851993302,-0.5474123407127942,-1.2672784615739987,2.880767013217986,1.370172045191673,0.011785873071488578,2.228077348770464,-0.5695970889586109,1.79293793471675,-0.19523514164651176,-1.2521981068848411,-3.812420805598032,2.378617063595728,4.1470359168209425,-0.26008831967081747,0.6166130277210782,1.2987493103223593,2.5564889193292233,-1.3707247443856683,0.12230140847369164,-0.7194120583333686,2.1087688379896092,1.4207210842842912,-0.6043614476285372,-0.8858707722112906,-2.991025993671443,0.6636139886553638,-2.6758885823343235,-4.538588132851153,2.371825672707593,2.83334642310539,1.7028412773904327,1.3579008083273658
numHidden 	5
numGenes 	48
seed 	1586381007355
random 	java.util.Random@76fb509a
popSize 	80
maxEvaluations 	20000
minGene 	-3.0
maxGene 	3.0
tournamentSize 	5
crossoverPoints 	1
mutateRate 	0.4
mutateChange 	1.0
mutateRatio 	0.5
mutateRateSmall 	0.3
mutateRateLarge 	0.7
wepMax 	1.0
wepMin 	0.2
expAccuracy 	6.0
minTravel 	0.0
maxTravel 	3.0
neuralNetworkClass 	class coursework.MultiVerseOptimisation
Training Set Training
Fitness 0.09602070490990754