3.7630633528366806,-2.440590747777024,-1.5754692643854005,-1.3881443875670245,-0.9222266674263817,-1.193382355692614,0.9735278686959525,5.44740461531176,-1.3612080104873163,-2.1855537152138576,2.578675021767724,-0.8054133847321866,-0.673952474622394,-4.113871588172137,-1.6616983331629738,0.9555835596209182,2.077260793624645,0.6751597111545968,3.3179755435404323,-3.3254830725422515,-1.3226811212428118,2.9627425711907804,0.5164323080655288,-3.230704641921526,-2.2007197810216246,1.0445022034398124,2.0151851250482453,4.632726736557714,1.3219886220933204,0.9580443781874178,-3.8786324170773865,-3.4726837403107838,-0.28784890891766496,3.561767225893762,0.27257837092730586,-0.5302510364062509,2.854158835755358,3.0801203775086883,1.4873149187711212,1.5671351312757724,1.0949188212017789,3.3233080160226276,3.3201986641205963,3.3188541321763134,-2.7932918784688776,0.7037797975139479,-1.9083808039719148,0.4896921296812295
numHidden 	5
numGenes 	48
seed 	1586381007355
random 	java.util.Random@76fb509a
popSize 	80
maxEvaluations 	20000
minGene 	-3.0
maxGene 	3.0
tournamentSize 	5
crossoverPoints 	1
mutateRate 	0.4
mutateChange 	1.0
mutateRatio 	0.5
mutateRateSmall 	0.3
mutateRateLarge 	0.7
wepMax 	1.0
wepMin 	0.2
expAccuracy 	6.0
minTravel 	0.0
maxTravel 	3.0
neuralNetworkClass 	class coursework.MultiVerseOptimisation
Training Set Training
Fitness 0.09491403867319498