-2.863790449292368,0.757602880943841,-1.496594407377866,-0.46795742175801364,3.286636714675675,-3.8411212229798863,4.2344186891580895,-0.23494801640275403,-2.3070109043434632,-1.6445023598058293,-0.6982541250168914,0.1342207108150081,-0.12618828817195676,-0.6619525382894896,3.9861102965834356,1.017830989013478,5.986097694124843,-2.8932384729812113,-3.395283406743957,0.8428376923300847,-3.25201328203941,-0.7071778704410387,-3.7385177733806825,-1.0174981927260602,2.062156315437194,-1.6920989817838188,-0.4353371425189296,4.452525578962552,2.485341375356963,0.07119644833060783,2.527347312146027,0.5183745582179966,-0.37503933878933243,0.3056832793334714,0.9044232634281689,2.3836196865786135,3.957999288779247,1.0408409479489729,-2.510445289912874,-3.6790684704695376,1.792877604500504,-2.2142816634131535,3.317230284910821,2.2510030867973674,-0.9258721887091105,2.7707210979777153,1.1536406369546748,3.0579506232163642
numHidden 	5
numGenes 	48
seed 	1586381007355
random 	java.util.Random@76fb509a
popSize 	80
maxEvaluations 	20000
minGene 	-3.0
maxGene 	3.0
tournamentSize 	5
crossoverPoints 	1
mutateRate 	0.4
mutateChange 	1.0
mutateRatio 	0.5
mutateRateSmall 	0.3
mutateRateLarge 	0.7
wepMax 	1.0
wepMin 	0.2
expAccuracy 	6.0
minTravel 	0.0
maxTravel 	3.0
neuralNetworkClass 	class coursework.MultiVerseOptimisation
Training Set Training
Fitness 0.10270742125000688