1.0747129198237888,4.219687674656375,-0.7871164991569238,3.610909144791732,-0.060601263967237994,-1.5172096995705837,0.370291592143605,2.836932881578851,1.296302424506463,2.0076964570827265,-3.5108262362927163,0.2828084843923178,-0.9619757444496516,1.1660685314000558,-2.9620195567813825,2.802482874857157,-4.015301120664797,0.30697247583493276,1.8521990263421777,-7.25061907534256,2.717882063548858,-0.17107301270270775,-0.3853589426309426,1.1804290691792358,2.5825895060715496,-0.20009744421472658,0.37647313603211047,-0.03536261271935787,-0.7406405101160158,-0.469880472412448,1.331097740211608,3.785657925192899,-0.33707241581195585,1.2719859566771428,-1.4589139599769976,-2.4230027388654323,-4.726546921093774,-0.7054815008040912,4.276901511154481,1.7856800055112865,-2.68735678874735,2.7810287786855437,-2.623812777443683,-0.03230740455175745,-1.9115574971950868,2.903608908571241,-0.6144511212350026,1.6503874822951892
numHidden 	5
numGenes 	48
seed 	1586381007355
random 	java.util.Random@76fb509a
popSize 	80
maxEvaluations 	20000
minGene 	-3.0
maxGene 	3.0
tournamentSize 	5
crossoverPoints 	1
mutateRate 	0.4
mutateChange 	1.0
mutateRatio 	0.5
mutateRateSmall 	0.3
mutateRateLarge 	0.7
wepMax 	1.0
wepMin 	0.2
expAccuracy 	6.0
minTravel 	0.0
maxTravel 	3.0
neuralNetworkClass 	class coursework.MultiVerseOptimisation
Training Set Training
Fitness 0.007000077220192135