-1.4202988506636987,3.02292170612845,1.3123497327242968,1.121693320893004,-0.8697533495153668,-3.1542923465259114,-1.829227311161871,3.5332801653086157,-0.18200446578911483,-0.7594308047262937,-1.3483171382027275,2.5568389010169907,0.9921913260452258,2.387609041731055,1.7092163620607594,-4.684528776419383,3.898080673391669,-2.450548078801504,-0.5340326567031864,-2.5544503732588506,-0.6497656526192929,2.3294217193721765,-2.636309693343055,-1.0699703349652514,2.701238275636835,0.4083206487098379,2.0277685569504804,-2.504710572472334,-0.37040132475754683,-0.16079432957633077,-2.84931942225337,3.087256336735698,-3.6761672556696734,1.7062039419527881,1.520296565171874,0.06797367395195526,2.2912853745179507,-0.27585990717304665,-1.7235985910856337,2.120558729464176,-1.5473859858898569,-2.0400176992222883,0.6290398379330677,-0.20316999497193672,-0.9675383921552484,1.5133606140909501,-3.3545011841026473,-1.5383056217935844
numHidden 	5
numGenes 	48
seed 	1586381007355
random 	java.util.Random@76fb509a
popSize 	80
maxEvaluations 	20000
minGene 	-3.0
maxGene 	3.0
tournamentSize 	5
crossoverPoints 	1
mutateRate 	0.4
mutateChange 	1.0
mutateRatio 	0.5
mutateRateSmall 	0.3
mutateRateLarge 	0.7
wepMax 	1.0
wepMin 	0.2
expAccuracy 	6.0
minTravel 	0.0
maxTravel 	3.0
neuralNetworkClass 	class coursework.MultiVerseOptimisation
Training Set Training
Fitness 0.006873366925793347