0.6252748260432713,0.8453018244699516,-2.0498117937424296,0.8224475997431427,-1.1901638771632628,-0.5502216483844012,5.204449284715646,0.09316280912685003,-1.3485165112419364,-3.267951276580444,0.6518823528771305,2.172880132418952,-2.400562581090454,2.007616610117147,5.269837752483161,1.887514674300921,3.8930729378465,-0.7009148043735268,-3.0322773148969313,-3.259788966184588,-0.5455475853796419,-1.8261280928940855,0.8549382761077909,2.4116794351319557,-1.6256999403973689,-1.4215115365601358,-1.6061214427737451,-0.4761514330358401,1.1389168892316424,5.93127164576817,-0.5336199221830128,-1.2119083569539002,-1.5785806384782597,-1.830717991656584,0.8687123192581563,2.5674886969594146,1.5603749051988873,3.5483869970145605,0.5847382236197609,3.6207069999075983,-2.988514480514756,-2.3828986896318463,1.1121237117572493,0.8318485028363732,0.4548568800278096,1.9465708887960766,1.5386696622946705,0.8314720947067352
numHidden 	5
numGenes 	48
seed 	1586381007355
random 	java.util.Random@76fb509a
popSize 	80
maxEvaluations 	20000
minGene 	-3.0
maxGene 	3.0
tournamentSize 	5
crossoverPoints 	1
mutateRate 	0.4
mutateChange 	1.0
mutateRatio 	0.5
mutateRateSmall 	0.3
mutateRateLarge 	0.7
wepMax 	1.0
wepMin 	0.2
expAccuracy 	6.0
minTravel 	0.0
maxTravel 	3.0
neuralNetworkClass 	class coursework.MultiVerseOptimisation
Training Set Training
Fitness 0.09558092765814788