-1.3761616246160286,-1.8335073023968702,-3.7904080192742504,2.3822236842723084,2.182044577672333,-3.8187218412890918,3.578413388147565,-1.538313358416287,-2.232498791117824,2.7543223360890896,1.3223132080727054,-0.5982275706500374,-1.9128942106184397,0.7183120218950537,2.3473699996164537,0.7958971897661694,3.691982249843958,-1.02456169273145,-0.7915046195604242,1.7436425233482467,-1.8380977687905635,1.3951006395864964,-1.267044401390122,-0.6274358680361845,-1.1095761911724606,0.25560868461580305,-0.5579977936206675,-2.7898655606373155,1.2679911082314568,0.2446414254455977,-0.8453897067288877,-0.1055834553499685,-0.18565522487943095,-2.9425558100714566,0.8852326314544513,2.4609820452375866,1.770508181731367,2.582127310570403,1.4935979701684152,4.294677853766121,-1.714699353647199,1.6256926158536258,0.36203006018314093,-1.2499154215841315,3.142516831555376,-2.6419255977222367,3.4582773308951764,0.18482645522963886
numHidden 	5
numGenes 	48
seed 	1586381007355
random 	java.util.Random@76fb509a
popSize 	80
maxEvaluations 	20000
minGene 	-3.0
maxGene 	3.0
tournamentSize 	5
crossoverPoints 	1
mutateRate 	0.4
mutateChange 	1.0
mutateRatio 	0.5
mutateRateSmall 	0.3
mutateRateLarge 	0.7
wepMax 	1.0
wepMin 	0.2
expAccuracy 	6.0
minTravel 	0.0
maxTravel 	3.0
neuralNetworkClass 	class coursework.MultiVerseOptimisation
Training Set Training
Fitness 0.014193962164055085