-2.7866259544083563,0.9304263911036317,0.2737798616392223,-0.32517709794403404,2.533770232023456,-3.6176761285671195,-1.5310634544658797,2.7788929298289586,0.8655150078359172,3.4594212219795386,3.046410554549941,4.596878839588221,-1.2976395338459066,0.3389646730931356,2.9120158772290807,-0.17304268310351084,-1.1534610663373275,0.880051083395101,0.4792918713572788,4.715075946048867,0.7788773155963952,-0.07072688654074284,-1.109398821746844,4.044070584023593,0.3793226516095609,1.1393144710956467,0.8373344800923853,0.6478823748842784,1.5129503128907587,-0.10531081361646863,-0.026581244196729043,1.1616371541606907,-1.3114290989310993,1.3804972518448562,-4.50307251504126,-0.6793962595751938,-1.8948601227473532,1.4494091396382078,2.114133735257999,4.025493576008034,2.015541435357687,1.3403810245732484,2.9183355211849618,0.6980698580300745,2.4531090838775262,-4.153699030617172,-0.8315537359478875,-0.7734930126412117
numHidden 	5
numGenes 	48
seed 	1586381007355
random 	java.util.Random@76fb509a
popSize 	80
maxEvaluations 	20000
minGene 	-3.0
maxGene 	3.0
tournamentSize 	5
crossoverPoints 	1
mutateRate 	0.4
mutateChange 	1.0
mutateRatio 	0.5
mutateRateSmall 	0.3
mutateRateLarge 	0.7
wepMax 	1.0
wepMin 	0.2
expAccuracy 	6.0
minTravel 	0.0
maxTravel 	3.0
neuralNetworkClass 	class coursework.MultiVerseOptimisation
Training Set Training
Fitness 0.004172328636947585