1.757640893399226,0.7244678852458794,1.4264001194082614,-2.075759581021709,-1.8584481535084687,1.743250926271765,-0.47025004930272146,-3.8401426888438293,3.650459501786505,0.435396541350005,2.3524172217980572,1.2471877153490176,0.49708620051245817,0.23911879475642286,-0.5630862823028581,-0.17702972304613493,2.668241540258763,-2.8965045528513564,-2.5298052259238664,0.20806884135477005,-1.0803381864524244,3.9376026308164853,3.145049235597774,0.47742475522486616,-1.217782588846609,-2.363150045032978,-1.403179435047508,-1.2225794589265133,-0.5820759367529988,0.7242638284481709,0.8622869510238715,-1.5692513506396533,-1.065675175360892,0.2561044776792658,-1.8288472083839453,1.5480238003221891,-1.1875199760970492,-2.0311711306945486,-4.584382497587862,-0.3994274862109036,0.9710703581810559,-0.7528422372580628,-2.2959231478771076,5.470241503242518,3.8252618996600947,1.3346657280172278,2.3990186461471605,-1.402315948971409
numHidden 	5
numGenes 	48
seed 	1586381007355
random 	java.util.Random@76fb509a
popSize 	80
maxEvaluations 	20000
minGene 	-3.0
maxGene 	3.0
tournamentSize 	5
crossoverPoints 	1
mutateRate 	0.4
mutateChange 	1.0
mutateRatio 	0.5
mutateRateSmall 	0.3
mutateRateLarge 	0.7
wepMax 	1.0
wepMin 	0.2
expAccuracy 	6.0
minTravel 	0.0
maxTravel 	3.0
neuralNetworkClass 	class coursework.MultiVerseOptimisation
Training Set Training
Fitness 0.03319676844631091