3.4284065506050596,-5.608734155604784,-1.6016281649800548,1.8913408864968466,10.406807155406925,0.7542040613398332,0.4352327871437377,9.488618508142384,-0.004193970064667818,0.19777741303437402,5.4256917810999665,-5.498421634985695,-0.642502318484971,3.9857307895243936,5.307781183417258,4.022200216340173,1.2951064475458156,8.955821481715141,2.607158249717061,10.13745905733023,0.7310369611291023,-6.8502005380804505,1.5588777792945852,-5.318616292713499,2.9678879181602174,-1.059737224924573,-2.5959078966770326,-0.43815848949478065,-3.504447925425453,1.0760096964935646,3.5753820233962865,-9.404807701922067,4.468070490780517,6.224923877367875,-3.0862724901437564,0.858124477539503,-2.928040928813717,7.488359315992355,10.926920251392199,-4.5203405847735825,5.543269154851909,-1.7065945987035978,1.5035142145539107,-6.252517943000106,2.163693726243144,0.9393421823559674,0.038214343581796095,1.1914272483521002
numHidden 	5
numGenes 	48
minGene 	-3.0
maxGene 	3.0
tournamentSize 	5
crossoverPoints 	1
popSize 	50
maxEvaluations 	20000
mutateRate 	0.5
mutateChange 	0.9
seed 	1583954220318
random 	java.util.Random@76fb509a
neuralNetworkClass 	class coursework.ExampleEvolutionaryAlgorithm
Training Set Training
Fitness 0.017989652869476885