0.41960489238438503,-2.71352716322507,-4.29065497753246,-0.10918485153899293,-1.384239213644709,5.773850413145318,-0.8764146035538282,3.675491550106894,-0.4797095176954963,0.16899603987400336,1.1100998286307373,3.4445109843487103,-8.081442363016546,0.8675941560000452,-2.0270674450743313,6.598217089482661,-2.9053518280807102,-1.8853055779171726,-10.397734386397936,-2.407320992848966,1.0011559294405257,0.5723560007075802,2.336484215126817,3.9364569458141365,-3.1791126153528553,-0.3183340078292475,-2.6720938208257827,-0.25756686800245443,-2.0412482508488248,5.56060706232096,-3.063639320151644,-0.20602946240559838,8.282006997819424,0.7498495112856615,1.8289724483784044,-4.507328338469492,-6.577014682979873,7.501574094676098,1.1171132322487463,6.059586606000527,0.2250851579049027,-2.128042552728373,-1.744074944120642,-4.310969936277633,-4.512662006405804,-2.7813729837494825,4.787310602048756,-0.8571669269902084
numHidden 	5
numGenes 	48
minGene 	-3.0
maxGene 	3.0
tournamentSize 	5
crossoverPoints 	1
popSize 	50
maxEvaluations 	20000
mutateRate 	0.5
mutateChange 	0.9
seed 	1583954220318
random 	java.util.Random@76fb509a
neuralNetworkClass 	class coursework.ExampleEvolutionaryAlgorithm
Training Set Training
Fitness 0.017311014729556835