4.84571645373698,0.4466547743350622,-0.009724241748489293,3.3073957681860704,-0.017482538467796127,0.4607864619642247,5.208606638823261,11.719098385437874,1.090743501463804,-4.394193957939148,7.320529873425405,9.26286590315824,-1.8026322645807258,4.430670688949947,4.512510212407081,1.253853352467103,0.2806630934459615,4.515478030907455,-1.9508045889319936,7.775774517174218,0.07982342899028727,1.8730335952228674,-4.270339420243252,-3.848030040187464,6.109352028743625,0.113297173750884,5.217519909795924,0.01623066332509171,6.051372800549639,-0.9977721496786377,6.0782903083855535,-3.52402602434177,-4.069346172781053,7.404023660809887,1.3130788952898196,-1.8776736105679066,-2.7502283219046753,-1.5599068274649799,9.843362752406957,-4.408172805045512,-9.847641233777313,0.5683304568332462,7.203164758099576,-3.2586518682835686,3.3090737754104738,3.0192037921192476,5.941056501034997,1.31004552149721
numHidden 	5
numGenes 	48
minGene 	-3.0
maxGene 	3.0
tournamentSize 	5
crossoverPoints 	1
popSize 	50
maxEvaluations 	20000
mutateRate 	0.5
mutateChange 	0.9
seed 	1583954220318
random 	java.util.Random@76fb509a
neuralNetworkClass 	class coursework.ExampleEvolutionaryAlgorithm
Training Set Training
Fitness 0.010509527508663583