1.1970401256609051,-0.2532874988433145,1.12156404099062,-2.8093719843713103,-1.4757236117888914,0.7424075909685923,-1.526569969858755,-1.931605557538743,-0.2517066808777271,-1.8570105820847678,-2.375285124091554,0.9383254417786664,0.17562712522934998,-0.5113329053241298,-0.22712437315614808,1.5523238463581528,2.0289107169297447,-1.4346102870156467,3.016261415355679,-1.0490342685081675,-1.588545569450759,2.636180317211581,0.983988048850148,-0.2974721185186895,-1.0602610559679793,-1.8382212229035968,-0.024874681525898445,1.9627140948746398,0.04058822244580096,-1.1103157869855131,-1.1196696846873373,2.7527263551232686,-1.3656053693142112,2.2746689124829356,-0.522581569033771,-1.7189423731637357,0.33788084636114757,1.9653231226055548,-2.3017765384240585,-1.8666880692767809,0.2975295314855222,1.7932299746195772,3.3239680631656343,1.484126874021749,-2.617605968517114,1.9763935875046208,2.896998216009596,-0.8498358745609105
numHidden 	5
numGenes 	48
seed 	1585507299092
random 	java.util.Random@76fb509a
popSize 	130
maxEvaluations 	20000
minGene 	-3.0
maxGene 	3.0
tournamentSize 	5
crossoverPoints 	1
mutateRate 	0.05
mutateChange 	0.5
mutateRatio 	0.5
mutateRateSmall 	0.1
mutateRateLarge 	0.8
wepMax 	1.0
wepMin 	0.2
expAccuracy 	6.0
minTravel 	0.0
maxTravel 	2.0
neuralNetworkClass 	class coursework.ExampleEvolutionaryAlgorithm
Training Set Training
Fitness 0.09555258386616991