-3.5118098231714248,-1.1173472877908022,0.7004460865696314,-0.5472930660904396,-0.4623028826882738,-0.35705470705701825,2.447660414025199,0.9918242546925917,-1.8162044276732796,1.1220038658519647,-0.028215362839946856,-0.7022301975362879,0.13868949938435104,5.357289788485743,-6.015259501049026,-1.8519175119485585,1.0281659944533441,2.0723515993005064,-2.4841331338159525,2.252295873389424,2.889841211281465,-1.893379288722052,-1.917240062830099,1.103771515165744,1.8601028101242374,-2.5003222382165706,0.4084129099697016,-2.7219860978831205,-0.013108581249851703,1.696252775165144,-0.7602802449040795,-2.217884158938518,-0.44908552968641313,-1.7531922504616535,-1.3073190937561634,1.1307210176440146,1.572325673314218,-0.8261016594912096,-1.9846164026555524,1.2592076783279236,1.3958041839931612,-0.16757146185035232,0.7936961412574117,1.3254752968405281,-0.9231527284375547,2.0057976173803764,2.307390138972806,-2.100674323338266
numHidden 	5
numGenes 	48
seed 	1585507299092
random 	java.util.Random@76fb509a
popSize 	130
maxEvaluations 	20000
minGene 	-3.0
maxGene 	3.0
tournamentSize 	5
crossoverPoints 	1
mutateRate 	0.05
mutateChange 	0.5
mutateRatio 	0.5
mutateRateSmall 	0.1
mutateRateLarge 	0.8
wepMax 	1.0
wepMin 	0.2
expAccuracy 	6.0
minTravel 	0.0
maxTravel 	2.0
neuralNetworkClass 	class coursework.ExampleEvolutionaryAlgorithm
Training Set Training
Fitness 0.10687194885543237