-3.46858015998479,-2.880559107183461,0.5836911539210234,-3.3457642801007292,-0.19516093572752968,-0.23457769923636818,2.1857090869749447,0.022643414145852248,-2.6289890427727562,-2.1391564752198153,-0.5091836973476687,-2.55015533777005,-2.8083869639031915,-1.2053209374739633,0.23309566387894654,2.9391945156925017,3.464961354194158,-2.3570871004374556,2.8033479940499095,-0.4444644919458991,-0.3492118793615795,-2.067794177497095,1.7393531707037946,2.884687650156698,3.0515687911235965,4.7091160662951825,0.3275755042457349,0.07119475648961515,-0.04397023253627186,-0.19187523945863294,-1.607517338634195,0.8462323752813763,1.484293660254723,-2.8967758694783465,-0.1088315217054121,0.7853426384599613,-2.02347937769909,2.497040288353234,-1.375096505592658,-2.112666126249223,3.8736997526484664,-0.14390553569125863,-0.66415787673172,-0.07771311004495418,-2.218950725930452,2.938569885517227,-1.107379657934709,0.7281374692331526
numHidden 	5
numGenes 	48
seed 	1585507299092
random 	java.util.Random@76fb509a
popSize 	130
maxEvaluations 	20000
minGene 	-3.0
maxGene 	3.0
tournamentSize 	5
crossoverPoints 	1
mutateRate 	0.05
mutateChange 	0.5
mutateRatio 	0.5
mutateRateSmall 	0.1
mutateRateLarge 	0.8
wepMax 	1.0
wepMin 	0.2
expAccuracy 	6.0
minTravel 	0.0
maxTravel 	2.0
neuralNetworkClass 	class coursework.ExampleEvolutionaryAlgorithm
Training Set Training
Fitness 0.02855158178564718