-0.8702292117256167,-0.08112224496165155,0.976873520215582,-3.3214917480649016,0.9395764961939088,2.9483937460689305,-2.9077909798441213,-1.9264518055697204,0.9840000097349106,-2.58358052806348,3.638080422151994,1.1681695766999294,-0.7597539811373863,-1.061270822555671,-0.17168590986321153,-3.0108393752124334,0.7912171202927749,-2.0235894688706573,1.9524550482122853,-3.423284146605412,0.826027645965774,-2.67003900544567,-3.730901504954068,-2.6628374964404817,1.7285956435433665,-0.6021270146106552,-2.456958282331584,-2.114814730474059,-0.5773413160715741,-0.834810725035279,1.5593571876424148,1.942829944373221,-0.7693022363327948,0.4167579222496549,-1.5942245406884756,-0.8163825173036345,2.0500953493315555,-2.4818463076318347,-2.9467217806082546,-2.944762409481667,0.8301639651204438,2.1403473645459172,0.10895577456498406,-1.2685304428231978,-1.9062628471305902,1.1599941943900056,-1.284562130329908,-2.1944770821922073
numHidden 	5
numGenes 	48
seed 	1585507299092
random 	java.util.Random@76fb509a
popSize 	130
maxEvaluations 	20000
minGene 	-3.0
maxGene 	3.0
tournamentSize 	5
crossoverPoints 	1
mutateRate 	0.05
mutateChange 	0.5
mutateRatio 	0.5
mutateRateSmall 	0.1
mutateRateLarge 	0.8
wepMax 	1.0
wepMin 	0.2
expAccuracy 	6.0
minTravel 	0.0
maxTravel 	2.0
neuralNetworkClass 	class coursework.ExampleEvolutionaryAlgorithm
Training Set Training
Fitness 0.10808846068660767