-1.0893286557433273,-1.8261758909678312,-0.08030509823164955,2.9457796189774257,-1.6639685363304675,-1.2465238043516411,-2.9479729887553017,2.2386174298953225,1.3267781163480965,-1.1587872362388048,-1.585094621648584,0.9537324527707751,0.021013999270762973,-1.905054152391149,-1.7313966367570195,-3.350411493559125,1.6673722239391928,0.39843571628049723,-0.9247767489888679,-2.0185893736253218,0.26163996483557916,2.584269235566266,-2.137879597533116,-1.3195662754961512,-0.6215338863388009,2.9459614498213664,2.672371476801846,-0.2381079841913163,0.9132902968123959,-1.2326011983945282,2.1522512670234804,3.544484643608616,2.479567744794134,-2.643609383277324,3.200682221298491,-1.5056745116978212,-1.2511867474882543,-2.2329255652720637,2.4335356117318048,3.3153464369032513,-2.819155806764147,-0.7096519340644298,0.9587337528008479,0.6886453511199426,2.057733985660163,2.241137869165976,1.0664982822200075,1.255952572703312
numHidden 	5
numGenes 	48
seed 	1585507299092
random 	java.util.Random@76fb509a
popSize 	130
maxEvaluations 	20000
minGene 	-3.0
maxGene 	3.0
tournamentSize 	5
crossoverPoints 	1
mutateRate 	0.05
mutateChange 	0.5
mutateRatio 	0.5
mutateRateSmall 	0.1
mutateRateLarge 	0.8
wepMax 	1.0
wepMin 	0.2
expAccuracy 	6.0
minTravel 	0.0
maxTravel 	2.0
neuralNetworkClass 	class coursework.ExampleEvolutionaryAlgorithm
Training Set Training
Fitness 0.12071378634549267