0.6168268052233978,2.74327065035952,-0.7303085992818812,-4.334440269167278,-1.612460221441573,-1.9894254765866337,-1.3978669884946828,-2.2248537277130334,0.69042661993746,-0.8916670378046252,-0.09111345731516884,3.8329716644421374,1.649168413731302,-1.4863670131566828,-3.308827430651678,-0.662759775963937,0.17218566294236304,-1.983634253101878,-1.194263122331232,2.730598948862532,2.52616642192005,1.9788915269020144,-0.05497452555076254,-2.7222408477388567,2.9851395936699605,-0.3508842376069117,-2.3015011542997392,-2.6851667943088833,1.3152007692019554,0.9640799396535318,1.0676802034445982,-2.031107253272011,-2.136439114812867,-0.5087076794771095,-2.2634001681074865,-0.48161224872180997,-0.7979773300275634,-0.5078492248223025,-2.6274448727378332,1.080898614917416,1.9423843874921065,1.0846513113120348,-0.0025338660255820322,1.0285558523122935,-3.4068971859561605,1.320943979780834,2.158423873974681,-1.6447606674685478
numHidden 	5
numGenes 	48
seed 	1585507299092
random 	java.util.Random@76fb509a
popSize 	130
maxEvaluations 	20000
minGene 	-3.0
maxGene 	3.0
tournamentSize 	5
crossoverPoints 	1
mutateRate 	0.05
mutateChange 	0.5
mutateRatio 	0.5
mutateRateSmall 	0.1
mutateRateLarge 	0.8
wepMax 	1.0
wepMin 	0.2
expAccuracy 	6.0
minTravel 	0.0
maxTravel 	2.0
neuralNetworkClass 	class coursework.ExampleEvolutionaryAlgorithm
Training Set Training
Fitness 0.11324068303290458