-0.05539113355322289,1.5253316737751055,2.436483552829734,-2.1481504610273827,0.589785467602753,-1.4315666407892031,3.429700571020711,-0.5958850793179153,0.07276400899846758,3.359715337885402,0.8549469441837596,-0.7796929486400777,2.8551915472189435,0.49734394516194236,-2.4462413829181298,-2.2890012925899907,-0.2979417945434477,1.3361671749128234,0.42767623729340487,-2.8911467105032167,2.317206112276657,1.2447137421342251,-2.0339016583499454,-1.676350067704225,-1.891333610458282,-0.6475219590712529,-2.1140117001862544,-0.11539093147178292,0.11183826949530573,-2.0521693895071134,1.1878148836328632,2.1489134108526615,-1.6768644384669358,3.2708770187109035,1.7504707529589005,2.3830525073777578,-1.8911653467874565,-2.7829254198093927,1.5937678392558174,-1.061145330938734,2.4534652857986288,1.9263982646732547,-2.869528461603595,0.5488013651414967,0.09920059509350665,-0.6206676988845949,1.1106921307701096,2.1524426955629377
numHidden 	5
numGenes 	48
seed 	1585507299092
random 	java.util.Random@76fb509a
popSize 	130
maxEvaluations 	20000
minGene 	-3.0
maxGene 	3.0
tournamentSize 	5
crossoverPoints 	1
mutateRate 	0.05
mutateChange 	0.5
mutateRatio 	0.5
mutateRateSmall 	0.1
mutateRateLarge 	0.8
wepMax 	1.0
wepMin 	0.2
expAccuracy 	6.0
minTravel 	0.0
maxTravel 	2.0
neuralNetworkClass 	class coursework.ExampleEvolutionaryAlgorithm
Training Set Training
Fitness 0.048088163620979896