-1.3646289253825161,-8.295193890556707,-1.4654011000063172,0.3088546168102493,1.2727462641674814,-2.006672061607338,-1.0617580110196485,-0.5172689338069691,-1.1142725172348449,3.2379709468862066,-2.3370067637770977,-5.813769972290534,-0.5282912819355321,-2.4313265609904784,-0.7837985722139584,-5.996788764342529,2.2390611448551976,2.498723237618072,-0.23484218654281985,2.454904320785528,-0.9142433798152054,-1.4184318861306995,2.1645196372977846,3.2099694232907137,1.533792654210579,0.277319499917267,0.31291777135748866,2.068793068500695,-0.4956336981132763,-0.5826850250436753,-2.663997794474278,-3.097619152798161,-2.409768379271611,-2.8390353101100607,2.2084102962964325,-2.0717294119872793,-0.3830871006942749,1.592058044063089,0.804196946296925,0.1082468734289872,0.4814828539990117,-0.7975223153727313,-0.3393758183286195,1.697414208904994,1.6378063299002807,0.07545534074610005,-0.4708295720701652,-0.5203467491590548
numHidden 	5
numGenes 	48
seed 	1585507299092
random 	java.util.Random@76fb509a
popSize 	130
maxEvaluations 	20000
minGene 	-3.0
maxGene 	3.0
tournamentSize 	5
crossoverPoints 	1
mutateRate 	0.05
mutateChange 	0.5
mutateRatio 	0.5
mutateRateSmall 	0.1
mutateRateLarge 	0.8
wepMax 	1.0
wepMin 	0.2
expAccuracy 	6.0
minTravel 	0.0
maxTravel 	2.0
neuralNetworkClass 	class coursework.ExampleEvolutionaryAlgorithm
Training Set Training
Fitness 0.012456893268437661