-1.6131554221827826,-1.2639346228013721,-2.752531385454832,1.2526904346988124,-0.45665763658517644,2.360431685648285,-0.4978874262978801,-0.3100001902117695,3.2607690527424396,-1.0768423895099675,1.952712925551718,3.1759537767839614,0.02785005163549581,1.9577866006641038,0.22550355243465958,-0.5437405645951499,4.342130212351728,2.0364195621400647,1.3947101753928326,-0.2279865109788093,-2.830381504019497,0.3485691545952223,0.7528894625364067,0.4466889089313355,3.266786581959243,-1.1873479023634639,-5.153540974222587,1.7363940270700589,-2.759473610353154,-3.011680603554245,-0.5714562391591418,-0.6934163847168122,2.944673676833462,0.9565258977147773,-1.4457984694999757,-0.6873550562261537,2.5383852406125484,4.885561140003961,0.9586073753748776,-3.9779969027403888,-0.9573897386236954,2.004503301411445,1.8140763873045938,0.732763123853533,0.43562061571531396,0.20641317219215782,-0.16987321852000736,2.3614947495829828
numHidden 	5
numGenes 	48
seed 	1585507299092
random 	java.util.Random@76fb509a
popSize 	130
maxEvaluations 	20000
minGene 	-3.0
maxGene 	3.0
tournamentSize 	5
crossoverPoints 	1
mutateRate 	0.05
mutateChange 	0.5
mutateRatio 	0.5
mutateRateSmall 	0.1
mutateRateLarge 	0.8
wepMax 	1.0
wepMin 	0.2
expAccuracy 	6.0
minTravel 	0.0
maxTravel 	2.0
neuralNetworkClass 	class coursework.ExampleEvolutionaryAlgorithm
Training Set Training
Fitness 0.14715361270240693