-1.6127292640320015,-0.9688295945149337,2.032902064203597,2.708957335820486,-0.6230574232648787,-2.277352792025345,-2.1422871994371313,-3.9222672349894347,-2.205057335796792,-0.8579254581607305,-1.4747006600598056,3.2694769683039944,-0.22421629178712976,1.9620384126027304,-2.9745649547383213,-1.0206611374665822,0.5747149659804558,1.5706997355521874,-3.0119530136720085,-0.06610353797785828,-0.7478441983179778,2.2862407020199713,3.0923312146462765,-1.9769774934863755,3.942368361735399,1.988494663628531,1.404625052551724,-1.5315805967624756,1.7327612302927022,-0.8034346680979239,-1.9425632867940381,2.404019767896722,-0.2239936574873096,0.48561204626899634,1.6063167374167788,-1.9382521413203777,-0.5289447121811746,-1.98011819350337,-1.8145452609286954,2.564831851057483,2.264019117754878,-1.978004279707882,0.7815245792406094,-0.653085419606688,-1.7961401476741445,-0.6831429114841692,-0.12697289370420162,1.1273227185266776
numHidden 	5
numGenes 	48
seed 	1585507299092
random 	java.util.Random@76fb509a
popSize 	130
maxEvaluations 	20000
minGene 	-3.0
maxGene 	3.0
tournamentSize 	5
crossoverPoints 	1
mutateRate 	0.05
mutateChange 	0.5
mutateRatio 	0.5
mutateRateSmall 	0.1
mutateRateLarge 	0.8
wepMax 	1.0
wepMin 	0.2
expAccuracy 	6.0
minTravel 	0.0
maxTravel 	2.0
neuralNetworkClass 	class coursework.ExampleEvolutionaryAlgorithm
Training Set Training
Fitness 0.10434454716660832