-1.5337409952062142,2.9967239643727988,-0.93922824454937,5.540379735827983,-0.37836160705290744,-3.960009528496758,0.4419300286772627,-0.32666940115718823,-2.128895044307426,-0.9894091236014475,0.7328113367396574,-0.4713916323160112,-2.2275895945524953,5.16481763239341,2.7217887155748093,-0.518328830670947,-0.6722974725392596,1.7084067841670993,1.0725952446915183,1.2865606196957184,0.43751841241465605,-3.3171492337692525,-2.2254792694879177,1.4976113621735463,-1.1203636136293786,2.232179611070775,-2.2598668846327197,1.521657838217127,1.067460489237532,-0.6788661440390156,2.8606013585959857,-1.8216342598858914,-1.5427407118100382,2.652470214885634,-1.7497519259638938,-2.4415794632473276,-2.7549318756408763,-1.4629986841010045,1.52719495662474,-1.4310841729843016,-2.04695193460929,0.16332935336750998,-2.2203014526425706,-2.657604050397603,2.1515759625157616,1.5950947498400847,-0.6419928129876991,0.16061284184422409
numHidden 	5
numGenes 	48
seed 	1585507299092
random 	java.util.Random@76fb509a
popSize 	130
maxEvaluations 	20000
minGene 	-3.0
maxGene 	3.0
tournamentSize 	5
crossoverPoints 	1
mutateRate 	0.05
mutateChange 	0.5
mutateRatio 	0.5
mutateRateSmall 	0.1
mutateRateLarge 	0.8
wepMax 	1.0
wepMin 	0.2
expAccuracy 	6.0
minTravel 	0.0
maxTravel 	2.0
neuralNetworkClass 	class coursework.ExampleEvolutionaryAlgorithm
Training Set Training
Fitness 0.0895012897404363