0.4644022082219268,2.319653542113916,1.43640304371106,1.0669540882873587,-0.8079145368352525,2.175101419452881,-1.4886039358664687,-1.36106373746075,-1.0501445118602968,2.3913563259348254,1.0576685230301957,4.752474582602492,-0.5834842847879882,1.126665602884934,1.3426664441923108,2.645756719514286,2.6853560066156157,-2.1619918566057583,-1.2560445241086784,-0.018500812110758158,-0.703623917564765,2.963175525166613,0.7787121119611573,0.24981248936347278,0.2782176968717085,0.455522628345407,0.8839369821792111,1.62016445829049,-0.8499735288474162,2.3718064447935543,0.12812098693732388,1.1557611915068917,3.3728748396303345,1.537863371590106,-0.6313439406797277,-2.5603988164884406,1.908641722412618,-2.4098365544140083,2.1173827421837563,-0.11808338457090617,-3.3248907634874714,2.9315082366998944,-1.398728327786384,1.0626993336658916,0.0043902942493527775,-1.4331231080665088,0.4173496984868361,0.7344965672295674
numHidden 	5
numGenes 	48
seed 	1585507299092
random 	java.util.Random@76fb509a
popSize 	130
maxEvaluations 	20000
minGene 	-3.0
maxGene 	3.0
tournamentSize 	5
crossoverPoints 	1
mutateRate 	0.05
mutateChange 	0.5
mutateRatio 	0.5
mutateRateSmall 	0.1
mutateRateLarge 	0.8
wepMax 	1.0
wepMin 	0.2
expAccuracy 	6.0
minTravel 	0.0
maxTravel 	2.0
neuralNetworkClass 	class coursework.ExampleEvolutionaryAlgorithm
Training Set Training
Fitness 0.0536861182948694