-1.546321339255293,-1.11851643275027,2.0280397781281074,1.627084038070051,1.6357755166708454,-0.20132307639758018,3.166304568740679,-2.5781572791799223,0.001081805223398291,-0.723391254816347,0.07537628794982743,-1.0820971055559925,1.8985616200193913,3.347136065473835,-1.297602022645156,-1.528894809707582,3.357041774969405,1.1145461915704038,1.8299599121656325,-2.0631382460345256,1.3302600717515016,0.5445457117240231,-0.4490103802814325,1.7538794777050768,-0.5556807287023906,0.05254802863859975,-0.31743348367498037,0.3866694119940597,-0.09115771161590835,2.3578227808845087,-0.8044178346210096,1.9932346293444416,-0.9680460667695856,-1.4646741037792457,2.470485052253279,2.6120673698660006,1.1913237562554793,-0.5314764255172779,0.1952141015939035,0.7778162186614641,-2.786888660334806,0.8654981054176121,-3.5852216526749574,-1.2222778420947933,1.8977691994855386,2.64711644402834,1.622804808440998,-1.248847133997634
numHidden 	5
numGenes 	48
seed 	1585507299092
random 	java.util.Random@76fb509a
popSize 	130
maxEvaluations 	20000
minGene 	-3.0
maxGene 	3.0
tournamentSize 	5
crossoverPoints 	1
mutateRate 	0.05
mutateChange 	0.5
mutateRatio 	0.5
mutateRateSmall 	0.1
mutateRateLarge 	0.8
wepMax 	1.0
wepMin 	0.2
expAccuracy 	6.0
minTravel 	0.0
maxTravel 	2.0
neuralNetworkClass 	class coursework.ExampleEvolutionaryAlgorithm
Training Set Training
Fitness 0.006374768388724335