-3.2287159116336994,2.3363187240769694,1.919583227771155,1.8414910128547195,-2.174437528043102,-0.1763890669697341,3.84276852666361,-1.7696831410006575,0.35626526799535707,-0.3949402951378327,-2.055969736724345,1.180211226661248,-2.3686697914089367,1.603608333203626,-1.415186050823809,0.5030943457044437,1.9404701624857212,1.0316034094497217,-3.9607566083025345,-1.822424917814167,0.030519619883150106,-1.4394606118360622,0.01483193683508599,2.8046376522937724,-1.0495275270982916,0.2913663884376234,0.2517924023626934,3.8192943396932657,-1.4682920000259476,0.13626822434571295,-1.9099357527980136,1.8630888861568353,2.0145337726571,1.2657786983153168,-2.712673371064988,2.889565715464185,-0.08530076070615067,2.076462732746011,-0.26810810350066383,-2.126291647974563,-1.3361550820228565,0.5514574143566229,0.40518067636651356,0.9462103020184243,0.2558400412514681,1.9156592299784396,-0.16557476417590689,-1.115706449578154
numHidden 	5
numGenes 	48
seed 	1585507299092
random 	java.util.Random@76fb509a
popSize 	130
maxEvaluations 	20000
minGene 	-3.0
maxGene 	3.0
tournamentSize 	5
crossoverPoints 	1
mutateRate 	0.05
mutateChange 	0.5
mutateRatio 	0.5
mutateRateSmall 	0.1
mutateRateLarge 	0.8
wepMax 	1.0
wepMin 	0.2
expAccuracy 	6.0
minTravel 	0.0
maxTravel 	2.0
neuralNetworkClass 	class coursework.ExampleEvolutionaryAlgorithm
Training Set Training
Fitness 0.032515990902657464