1.6910592789791457,-2.410731603910062,-3.6971454081384794,-2.899500715446858,-1.7141215344556073,-1.4196024970661054,-2.8584827873952072,1.7010818175847966,3.6502458798609743,-0.6647699364503441,0.8804569896016434,-0.8841975300251042,-2.5703263336409075,-2.4587044148296604,-2.4990049926187066,-3.404367536751132,-2.1615659756953574,0.6320065859520798,1.9074370421180413,2.4760979790275313,-3.4825289003342492,1.4538320256859558,-1.3373995510182173,0.1715231115342304,-1.720390969244693,1.8698894149036374,0.6863909011617881,0.5048401501565207,-0.820306819475269,-0.1873373323338865,3.3732750269379403,1.8995811109393408,-2.2036758364258215,0.7286551519780722,1.7174583915830857,-2.39755428393864,-4.499487784970334,-0.83166563116235,2.1419941885298224,0.38413844584515733,-3.6872452783118517,-0.977225714053862,0.7729744299972521,-1.1170336968815142,1.2137102733068712,0.5939424786009608,-2.117625699059265,2.4099806834883175
numHidden 	5
numGenes 	48
seed 	1585507299092
random 	java.util.Random@76fb509a
popSize 	130
maxEvaluations 	20000
minGene 	-3.0
maxGene 	3.0
tournamentSize 	5
crossoverPoints 	1
mutateRate 	0.05
mutateChange 	0.5
mutateRatio 	0.5
mutateRateSmall 	0.1
mutateRateLarge 	0.8
wepMax 	1.0
wepMin 	0.2
expAccuracy 	6.0
minTravel 	0.0
maxTravel 	2.0
neuralNetworkClass 	class coursework.ExampleEvolutionaryAlgorithm
Training Set Training
Fitness 0.06259444956216198