0.6765651779056676,-2.983197876056935,-0.6649351039480047,0.25842788501690017,-3.4723638979017712,-8.940894294492086,-2.169257009830453,-5.082718964407809,2.1407183618273216,2.153755431569106,-2.7457014310938286,-3.051904710358418,-4.536862333749434,-0.8070276775162579,-1.4991794968157173,-0.6839832186381445,2.9718046798941486,-2.488919037128422,2.9252001267208145,3.0187765853381396,3.799420297204943,1.3462242851828101,0.9374011480702036,-2.3915933856576546,1.2308650597028343,-1.6577086712484532,1.764393436421365,2.867760668642145,1.25794314195194,-1.4321973254936944,-0.5942134867672735,-1.3003578396507796,-1.2697370854580554,-1.7625147427248544,-0.2464378064205528,-1.6609264641368193,-1.3228557539550132,1.7187477408220717,0.47716309895229614,-1.7605244917180345,2.6000502031052486,4.489259543136989,-2.9064459944873438,5.91125903551794,2.447154711578178,1.9833123108441066,2.147732353973372,-1.3934295671491315
numHidden 	5
numGenes 	48
seed 	1585523465316
random 	java.util.Random@76fb509a
popSize 	80
maxEvaluations 	20000
minGene 	-3.0
maxGene 	3.0
tournamentSize 	40
crossoverPoints 	1
mutateRate 	0.05
mutateChange 	0.5
mutateRatio 	0.5
mutateRateSmall 	0.1
mutateRateLarge 	0.8
wepMax 	1.0
wepMin 	0.2
expAccuracy 	6.0
minTravel 	0.0
maxTravel 	2.0
neuralNetworkClass 	class coursework.ExampleEvolutionaryAlgorithm
Training Set Training
Fitness 0.057657541267035976