1.6690799736526012,-0.3889380294391156,-2.210811760589571,-2.41056930343833,-2.8181947570190444,2.6378157049090523,1.1757921618166165,0.28017634358072874,0.6841864738294721,0.12305859650092721,-3.079053212143061,4.719822912865192,-1.9109600284893107,-3.1273160559167748,-0.852373775871321,0.04521014154246594,-1.2323200199613265,2.2667253677431773,-3.479567306423049,-0.17912326502488396,-1.8216551852353673,-2.8628532578679033,-1.8205510537618395,0.8787323434977239,-2.782846715155507,-0.80586303632014,-0.05799938810901839,-1.857027803630325,0.24124068238601382,2.3074908526463993,-0.19306030367558158,0.16771330990714794,2.4930155420935147,-0.2241735390842834,-0.4559010238129835,2.6597503258519835,1.8712771669774622,-2.519937321546475,2.8371209143727905,3.7412551963704237,-1.8507691002518154,-0.9812477578288625,0.0709063612822094,1.127162020396816,3.831234189937632,4.561537179809381,-0.5845202788155701,1.7494044125536732
numHidden 	5
numGenes 	48
seed 	1585523465316
random 	java.util.Random@76fb509a
popSize 	80
maxEvaluations 	20000
minGene 	-3.0
maxGene 	3.0
tournamentSize 	40
crossoverPoints 	1
mutateRate 	0.05
mutateChange 	0.5
mutateRatio 	0.5
mutateRateSmall 	0.1
mutateRateLarge 	0.8
wepMax 	1.0
wepMin 	0.2
expAccuracy 	6.0
minTravel 	0.0
maxTravel 	2.0
neuralNetworkClass 	class coursework.ExampleEvolutionaryAlgorithm
Training Set Training
Fitness 0.09970814235874692