2.291636548682619,2.9635246669971167,0.5910993660970827,-0.4020495861333959,-2.096632091872607,2.0914432528709437,-0.13323064926442907,-2.597708004962697,2.446575160198334,-3.1690621994889243,-0.6129005646964663,-1.8671143933274172,1.4238268870630169,-0.07847090982803628,2.4240382962522977,-0.6718969571375872,-1.4133887351842227,-0.8200813772880233,4.675603894255383,-0.4805734705837672,0.8765365857036036,-1.573944949714685,-4.143594386688385,0.599461232804682,0.304565295246769,-2.2351196315713517,-2.3233918474913424,2.885442807994524,-0.6790475425912716,0.5982076628461885,3.1204083847216797,-1.615476853160832,2.9297350186222566,-2.135773514914824,0.8550181787096713,-0.14107852837161694,2.9402895892046894,-1.9373167889288023,1.95857006711757,-0.6816804563772525,-4.675353887517346,8.121824044338927,0.9502815696451989,-2.466322558263637,-0.3370803678678107,1.0987418910369051,2.838638676940236,1.5709457310438717
numHidden 	5
numGenes 	48
seed 	1585523465316
random 	java.util.Random@76fb509a
popSize 	80
maxEvaluations 	20000
minGene 	-3.0
maxGene 	3.0
tournamentSize 	40
crossoverPoints 	1
mutateRate 	0.05
mutateChange 	0.5
mutateRatio 	0.5
mutateRateSmall 	0.1
mutateRateLarge 	0.8
wepMax 	1.0
wepMin 	0.2
expAccuracy 	6.0
minTravel 	0.0
maxTravel 	2.0
neuralNetworkClass 	class coursework.ExampleEvolutionaryAlgorithm
Training Set Training
Fitness 0.10204170484642967