0.8261077886444808,0.658211815203475,-4.17320322613749,-0.7129368403505776,-0.9756247829886409,0.48523224335959814,4.548576262851858,-0.2843100000456742,1.4135162603606224,-3.949374042700615,0.8456076989209977,-3.341898766505521,-0.031678337260840905,2.8532706748594787,0.6241568098227779,2.3703509110931043,1.0507228258780694,0.4074747814862425,-0.6442320056626141,4.4251149508845256,-1.6763432040478419,-1.1823527734151158,-0.8046819325890424,-1.551695355509195,1.4509170334545625,-0.9944859710230283,-2.8609467504447785,-1.5876281274669626,-2.118486979239776,-1.846457745191484,-2.6243756310086654,0.7716464858921466,2.1479209844187395,-3.3315330823680407,-3.2922531674184503,1.8090287120293134,2.425967603281644,-3.1034540442951437,-0.16578376354510316,-3.1651557458222213,1.6099483604175067,2.437409359060089,-0.6183739633602365,0.8376559818488323,-3.6500610422505444,1.7060979392371793,4.362237059341859,1.8333079524026843
numHidden 	5
numGenes 	48
seed 	1585523465316
random 	java.util.Random@76fb509a
popSize 	80
maxEvaluations 	20000
minGene 	-3.0
maxGene 	3.0
tournamentSize 	40
crossoverPoints 	1
mutateRate 	0.05
mutateChange 	0.5
mutateRatio 	0.5
mutateRateSmall 	0.1
mutateRateLarge 	0.8
wepMax 	1.0
wepMin 	0.2
expAccuracy 	6.0
minTravel 	0.0
maxTravel 	2.0
neuralNetworkClass 	class coursework.ExampleEvolutionaryAlgorithm
Training Set Training
Fitness 0.12553683049520048