2.875573215112258,2.112419235389554,2.7533429685985524,-0.6789166719394384,-1.4851702482592088,-0.0892764026372026,-0.7781113215543158,4.898789533267107,-2.7698333493666647,0.6288063708909082,1.105026103807604,2.353943729046497,-2.991875389952996,-1.5721501145839365,-2.7411010749899445,1.4286254074741072,-1.4752318622681573,-0.3671335213779603,0.26030676765350247,1.306628306513427,-0.4498847419504086,-0.8380138362014442,1.082556300282301,2.3834069565427862,2.980601633928151,1.167930740831502,-0.75082906730941,-2.9735005340231053,1.4917051743304954,-1.091296579632255,2.8472330712786844,-0.2434575301537949,1.5665309316911165,-1.949929964289977,-3.235445846822389,-2.0667120470498874,-0.6426751764487504,0.7254542318942239,-0.06520519488640986,1.6228328481734309,1.6571011521003505,-1.9458413265990397,-0.8120663917260469,0.851564360460678,-0.11759476129674962,-2.7010734045273983,-2.0484840884106825,-1.0808752408272422
numHidden 	5
numGenes 	48
seed 	1585523465316
random 	java.util.Random@76fb509a
popSize 	80
maxEvaluations 	20000
minGene 	-3.0
maxGene 	3.0
tournamentSize 	40
crossoverPoints 	1
mutateRate 	0.05
mutateChange 	0.5
mutateRatio 	0.5
mutateRateSmall 	0.1
mutateRateLarge 	0.8
wepMax 	1.0
wepMin 	0.2
expAccuracy 	6.0
minTravel 	0.0
maxTravel 	2.0
neuralNetworkClass 	class coursework.ExampleEvolutionaryAlgorithm
Training Set Training
Fitness 0.07637352758683154