-0.4022846640803923,-0.46889022346799614,-1.52760792962823,0.553112668218037,-4.15852449809411,-1.1923853304756193,-0.7673127957865238,0.22273379995745568,3.8036018597628223,-3.4720190560615576,-0.4976663679292317,-3.699856126306662,-1.4261169516121726,0.2544636651792773,3.3290858379119763,-2.563067048606077,2.467950182535489,3.9215702117443225,-2.7750425399219054,-2.397981537917082,-0.5478707581008093,0.6956489256894711,1.5915663160614226,-0.24987259218060576,1.2717157693541248,-0.5495215934857929,-2.2064292667012992,2.6561763299561987,0.20082128050029846,-3.2664434972783623,-0.5580941326276512,-1.1365111682272735,-2.3340711889974464,-1.8338596931733484,-3.8737413486220396,-1.6441044380727385,-2.483222588437782,3.4759519903504756,-0.7985413980288416,-2.0866281736061136,0.42718144099628663,-1.1951761467153528,-0.21480700568782218,1.1479799277675076,-0.6951272149331269,2.5644135309453375,-1.1353094673122377,-2.058511205996221
numHidden 	5
numGenes 	48
seed 	1585523465316
random 	java.util.Random@76fb509a
popSize 	80
maxEvaluations 	20000
minGene 	-3.0
maxGene 	3.0
tournamentSize 	40
crossoverPoints 	1
mutateRate 	0.05
mutateChange 	0.5
mutateRatio 	0.5
mutateRateSmall 	0.1
mutateRateLarge 	0.8
wepMax 	1.0
wepMin 	0.2
expAccuracy 	6.0
minTravel 	0.0
maxTravel 	2.0
neuralNetworkClass 	class coursework.ExampleEvolutionaryAlgorithm
Training Set Training
Fitness 0.10916375498081782