-1.6893810045261084,-0.4437837190600067,3.9257922087530135,-1.0174062910812984,0.012820031107328766,4.119138686441383,1.41888699787064,-0.9811037755070584,-1.8552650532545147,-0.5235464339312959,-1.718641933775782,-0.0501847055761635,2.844431775401797,-3.495337402089744,-1.1797989889410094,0.36064502571168244,-2.3037675320682016,-0.8370365888027087,-0.5502610771418031,-3.255881078746204,-2.6046581009502594,-1.1450351178169436,-1.7128521571274042,1.1994457641792078,2.3045878130480677,-0.2342509112298825,1.0491191960130406,0.6639146148485349,1.8048218315736628,-1.194187580375405,-2.220858868453975,2.741214403943953,0.8932666205574158,-1.1694750773318392,1.8313611260043547,0.3214776331654834,1.724327625725481,-2.971642708650136,0.6209802159076152,0.5064138692978446,0.715122744099447,1.2832348122495851,0.922611153014004,-1.1412413392773675,-2.046781706806958,0.4159868661321844,-1.5429820003722075,0.18862525087025617
numHidden 	5
numGenes 	48
seed 	1585523465316
random 	java.util.Random@76fb509a
popSize 	80
maxEvaluations 	20000
minGene 	-3.0
maxGene 	3.0
tournamentSize 	40
crossoverPoints 	1
mutateRate 	0.05
mutateChange 	0.5
mutateRatio 	0.5
mutateRateSmall 	0.1
mutateRateLarge 	0.8
wepMax 	1.0
wepMin 	0.2
expAccuracy 	6.0
minTravel 	0.0
maxTravel 	2.0
neuralNetworkClass 	class coursework.ExampleEvolutionaryAlgorithm
Training Set Training
Fitness 0.029304240183387134