2.5906176989097816,-2.58823289610069,-4.019107553872815,-0.37907544353602773,0.4712230178506669,2.8426248504441283,0.3364303751483817,0.44297889010247005,2.3713367896622435,-1.4774410581977744,3.4771091438147677,-1.1648985443264204,-2.7711734685959586,-1.2632119676719862,0.49270910807883417,1.540805833876958,-0.32114329951611253,-2.9293824239156496,2.6149699290378967,-2.807182681858299,2.0798313311797436,1.172484853247603,0.8575508893150237,1.9301792823997754,1.723715410673404,-1.616504157397575,1.8553516270636008,1.814557066376958,-1.5854906486673026,-0.0012279351159167895,1.4805271806321993,-2.86569345132878,0.4326399908691094,0.4942887479488114,0.49026171338101676,1.8469741206541173,1.9245137341696452,-0.19125878405415664,-0.6733977617810405,-0.7394881899716781,-0.034541180270977634,1.7133391223852676,-2.7586141801463677,-0.4094032255604043,-3.059224216810258,-1.0667164526852142,2.159531202502274,0.7560545649422536
numHidden 	5
numGenes 	48
seed 	1585523465316
random 	java.util.Random@76fb509a
popSize 	80
maxEvaluations 	20000
minGene 	-3.0
maxGene 	3.0
tournamentSize 	40
crossoverPoints 	1
mutateRate 	0.05
mutateChange 	0.5
mutateRatio 	0.5
mutateRateSmall 	0.1
mutateRateLarge 	0.8
wepMax 	1.0
wepMin 	0.2
expAccuracy 	6.0
minTravel 	0.0
maxTravel 	2.0
neuralNetworkClass 	class coursework.ExampleEvolutionaryAlgorithm
Training Set Training
Fitness 0.04858023811240411