0.19037082702397612,-0.809572338475745,-3.4766702958604765,2.468995301865675,0.2932101288126807,1.9104731792032617,1.6195759662364053,0.20368646302514914,-1.59287994232553,1.516509084878376,2.963566703963309,-1.8362259117849034,0.9682033495191869,-0.9871386926850496,1.1648381919590456,-1.7016495122902588,1.0235192075689747,-0.502293823717574,-1.6304468847751479,2.3730852836437855,2.5361543195129856,0.8017987381177321,2.097110522803293,1.1602909093280998,1.5355829897692779,-2.676999876297441,-2.1192452700001594,-1.2138174226833192,-0.8095965787302433,0.49453130272089485,1.2882928720670082,-1.9292798048041984,0.6129604916722515,1.2291771062562358,0.8502072198724009,1.568468693996186,-1.624714223540435,2.523460391981442,-1.6888876491009974,-1.170543655655146,-0.1767931688987292,-1.8148927049729444,1.946687168987129,-2.3529375566893753,2.320401912690347,-0.1360857083888769,2.4518785262583993,-1.2544926045139881
numHidden 	5
numGenes 	48
seed 	1585523465316
random 	java.util.Random@76fb509a
popSize 	80
maxEvaluations 	20000
minGene 	-3.0
maxGene 	3.0
tournamentSize 	40
crossoverPoints 	1
mutateRate 	0.05
mutateChange 	0.5
mutateRatio 	0.5
mutateRateSmall 	0.1
mutateRateLarge 	0.8
wepMax 	1.0
wepMin 	0.2
expAccuracy 	6.0
minTravel 	0.0
maxTravel 	2.0
neuralNetworkClass 	class coursework.ExampleEvolutionaryAlgorithm
Training Set Training
Fitness 0.042102699027040294