2.2734383755550986,2.3187290130382356,-1.0452798960768104,-0.706866864286338,1.5650479074099426,-2.902650083381073,-3.781478215720229,-1.4276485062099256,-1.54106997648719,2.1221310821445343,3.483754839782188,3.222632061807068,-2.3665593554256503,0.422067919089248,-0.5035451922075296,-0.5146920257281034,1.0145001026341331,-4.491080405003102,-0.05214794446021931,-0.6690252562736827,1.452784088295343,-1.7851542503016802,-0.6002279093194212,3.7766514753879115,-3.415242396579027,0.9732701364933085,2.412037396884008,-0.4628686456388138,0.3059587200306866,-0.7556725219710081,2.482894662060824,-2.113320248604287,-1.677953995323719,2.1827320570698436,0.544347449484107,-0.6525249746830748,1.4677359492039086,-0.2701074584714831,-2.427361573537067,-0.2510806016232694,0.3958626729991055,-0.9164196153249868,2.3799808499509574,-1.1828168085070834,2.838404313752682,3.457445103851886,-0.1529997601984423,2.757080669913101
numHidden 	5
numGenes 	48
seed 	1585523465316
random 	java.util.Random@76fb509a
popSize 	80
maxEvaluations 	20000
minGene 	-3.0
maxGene 	3.0
tournamentSize 	40
crossoverPoints 	1
mutateRate 	0.05
mutateChange 	0.5
mutateRatio 	0.5
mutateRateSmall 	0.1
mutateRateLarge 	0.8
wepMax 	1.0
wepMin 	0.2
expAccuracy 	6.0
minTravel 	0.0
maxTravel 	2.0
neuralNetworkClass 	class coursework.ExampleEvolutionaryAlgorithm
Training Set Training
Fitness 0.023953242615475448