-0.8418278841958022,0.017118824415297773,1.031868263161654,-0.45855147979937194,0.8194603927421946,-3.7070706633262667,1.3969261290796942,1.471336226564075,-2.7720610443955938,3.449506556108611,3.037502826222698,1.8212946960186214,-0.6684630143433097,0.4776109223813769,-1.172385333060249,-3.035659709468254,-3.344164457538091,-4.186787406092668,-3.463319200478554,-4.9104259782348665,1.0661169196021563,2.3253525378105273,0.10244081957420192,-1.849085333026085,0.7633527954533488,2.249351594727444,3.758262580526563,-2.7318936462173156,1.596345001654349,-2.333374552807056,1.8656104162020348,0.37950287745424527,-2.6437825182589463,0.4507226791304024,4.230176845308096,2.3582363349579873,0.4909423962343302,0.10506104562167229,-1.2045839544911203,-0.09701132785209676,-1.86343131061613,-2.888800243674649,0.9099500460863235,0.3016939334904427,-1.4916960777216133,-0.7126615606918865,2.3555558456089303,0.14110762973711388
numHidden 	5
numGenes 	48
seed 	1585523465316
random 	java.util.Random@76fb509a
popSize 	80
maxEvaluations 	20000
minGene 	-3.0
maxGene 	3.0
tournamentSize 	40
crossoverPoints 	1
mutateRate 	0.05
mutateChange 	0.5
mutateRatio 	0.5
mutateRateSmall 	0.1
mutateRateLarge 	0.8
wepMax 	1.0
wepMin 	0.2
expAccuracy 	6.0
minTravel 	0.0
maxTravel 	2.0
neuralNetworkClass 	class coursework.ExampleEvolutionaryAlgorithm
Training Set Training
Fitness 0.11633173372174722