3.2745722884427932,2.0903910808258166,1.725937133662681,3.52695335554524,0.6608425132017297,-0.42838574378285266,-1.7491172923138154,0.7526822133432014,1.8888122156259204,-0.7893268829761546,1.2218306361650315,1.60932368905788,3.2412701270831485,3.672812377786654,0.026026037708274607,-0.24197038495530787,0.2077008632854107,-0.3884195343155281,1.556304304880939,-0.7863689497649724,2.821356777223075,1.0915434657651186,-2.131907299969906,3.381006184609525,-3.795465296194724,1.8753765170057664,1.4037177206097358,0.4582371824366742,1.106175583588699,5.251542419853667,3.8796586524034096,1.0927251631581,2.573327386159278,1.6080611433491754,-1.9914379923584327,-2.8255204007541583,-3.307066391437622,-1.0753258242786599,2.241502250123977,-1.4136541264255689,-0.9271674900178244,-1.2399983599109294,2.167147063132009,-0.8960192927046178,0.9007724055575332,4.1520890618761195,2.5931564842447408,-0.551068568986909
numHidden 	5
numGenes 	48
seed 	1585523465316
random 	java.util.Random@76fb509a
popSize 	80
maxEvaluations 	20000
minGene 	-3.0
maxGene 	3.0
tournamentSize 	40
crossoverPoints 	1
mutateRate 	0.05
mutateChange 	0.5
mutateRatio 	0.5
mutateRateSmall 	0.1
mutateRateLarge 	0.8
wepMax 	1.0
wepMin 	0.2
expAccuracy 	6.0
minTravel 	0.0
maxTravel 	2.0
neuralNetworkClass 	class coursework.ExampleEvolutionaryAlgorithm
Training Set Training
Fitness 0.09549209973551245