-1.593319963200134,-0.8937226109876342,4.556073664516786,-3.922739444990528,-1.3691239024656796,0.5859747099008841,-1.7327224829283558,-8.545709039376133,-0.8471806798812431,-5.989277972769781,-5.693438361438428,-6.386886653319658,4.953790031728951,-5.04922635922379,-1.5585060371931378,0.3118540206710847,-9.64371551362515,-2.3329176923934707,2.0376039830880037,3.5192131731596747,-0.4607587818625847,-4.203835292951569,1.826224640809956,1.3415587709260652,3.865804602612579,0.46482292177949236,0.2628652531807223,0.7084394868736794,-0.5970956457724799,6.595385550496808,-4.38039544915792,1.2271038867393091,-0.16233082191765114,-4.423318083571103,-2.943722293869129,-3.0760829225831907,-1.8072756003348367,-2.6584740019009,-6.197148335309294,-0.20967962241987426,6.789792299650728,-2.6683861693526842,-2.84082885360247,3.106491119983292,0.1977138448305542,5.035260297121742,-0.2495778288465309,1.5097679281454512
numHidden 	5
numGenes 	48
seed 	1586031270823
random 	java.util.Random@76fb509a
popSize 	80
maxEvaluations 	20000
minGene 	-3.0
maxGene 	3.0
tournamentSize 	5
crossoverPoints 	1
mutateRate 	0.7
mutateChange 	1.0
mutateRatio 	0.5
mutateRateSmall 	0.3
mutateRateLarge 	0.7
wepMax 	1.0
wepMin 	0.2
expAccuracy 	6.0
minTravel 	0.0
maxTravel 	2.0
neuralNetworkClass 	class coursework.QueenBeeEA
Training Set Training
Fitness 0.009909262889675205