-0.3781388285464722,4.728711822418408,1.207959552268278,1.9529171918822215,7.667731499253026,-4.300297743160955,5.096944151070808,1.507426003964448,-1.0555456150198523,-4.428114444544512,-0.0722049408490335,3.4726250304191284,4.247113734207937,5.0764271153320735,4.54732535211293,2.4875142498579415,5.929001571114604,0.9491727469726299,-0.9390688583864648,-4.243805303489629,2.6853991039828893,0.8300864008417461,-5.083838901031311,1.21495255566985,-0.2682746988997007,5.319036135336255,0.4005477183423336,-10.226745477048187,2.180893167154387,-0.05117620808918932,-3.5472567373143136,-3.0049606457982403,-3.9249948477154772,3.179658600437323,-4.711499200845148,7.79556941454096,-0.6620720748763524,-4.808236217685888,5.923692536503763,3.473100750881575,-0.45472149543304496,-0.7912162437344668,7.626883305551084,-7.056526137264844,-3.767606344187982,-2.1327687994370947,-0.695478323820307,6.025267383414418
numHidden 	5
numGenes 	48
seed 	1586031270823
random 	java.util.Random@76fb509a
popSize 	80
maxEvaluations 	20000
minGene 	-3.0
maxGene 	3.0
tournamentSize 	5
crossoverPoints 	1
mutateRate 	0.7
mutateChange 	1.0
mutateRatio 	0.5
mutateRateSmall 	0.3
mutateRateLarge 	0.7
wepMax 	1.0
wepMin 	0.2
expAccuracy 	6.0
minTravel 	0.0
maxTravel 	2.0
neuralNetworkClass 	class coursework.QueenBeeEA
Training Set Training
Fitness 0.009308071854778882