2.5737336102722628,-6.5319805593404165,3.0869515202597357,0.08522489885190332,0.5054194635102531,1.7902452691280413,3.890913988587675,7.838467432019364,-7.358910097348959,3.540825834808331,3.0836669297873547,-4.989350579031915,8.8426252751565,5.12536524298183,-2.810052954663795,-2.1851409051906323,5.86556152954506,6.678326359752797,-3.29235106290504,-6.507055400418404,0.8605988310544221,0.806791052269479,1.2280573451710302,4.4147828165359675,8.544620944673003,-6.152977513918951,-0.47887179224814425,-0.18947133327041854,3.078786055322788,1.1867604695338407,2.081645966379533,-2.0578478016119632,-3.443353006482944,-6.7792032856592375,6.653623580213747,4.252362720757645,1.5111159198982502,-7.962032341979963,5.693083627789023,-0.6954993754504715,4.350993448873162,-3.605064491766001,2.118285050596958,-3.24154715809739,1.8017063193527605,-2.0916648837512133,-0.9930023625438338,-0.7649289862969688
numHidden 	5
numGenes 	48
seed 	1586031270823
random 	java.util.Random@76fb509a
popSize 	80
maxEvaluations 	20000
minGene 	-3.0
maxGene 	3.0
tournamentSize 	5
crossoverPoints 	1
mutateRate 	0.7
mutateChange 	1.0
mutateRatio 	0.5
mutateRateSmall 	0.3
mutateRateLarge 	0.7
wepMax 	1.0
wepMin 	0.2
expAccuracy 	6.0
minTravel 	0.0
maxTravel 	2.0
neuralNetworkClass 	class coursework.QueenBeeEA
Training Set Training
Fitness 0.009677491372957859