0.4151525751722591,-7.473019060460174,4.187435838955919,-12.560875235216779,-3.7510200494633015,-2.945517321508122,4.522490114915292,-0.5653694872566577,-5.917686935114012,0.7146246505276528,-5.8516679423633455,-3.0372409867833428,-6.129300051828009,-5.313663345220048,1.3115444161979024,9.328371011313692,12.811720987647346,-0.018383050410317736,-0.8914895971068955,-3.5678962012404094,-1.8659158164511709,2.508983316575815,5.708577413904459,-0.3706027839840278,5.523460122800401,3.0483078735440463,0.41205190204643305,-2.5903174644226157,0.28973166107489856,2.0966891945737274,-1.9743726818486067,-0.961987481691466,-3.566931475834921,3.0821282997248236,3.434336288576379,9.932260545906368,-3.9935294021842394,1.6663834010128262,1.833100286281546,-8.132616297289616,12.600158342574964,-2.229514309297562,0.8524340120662206,-2.8959017468513615,-2.611576973085108,-4.443988719534904,0.7718489613597388,2.232679919349037
numHidden 	5
numGenes 	48
seed 	1586031270823
random 	java.util.Random@76fb509a
popSize 	80
maxEvaluations 	20000
minGene 	-3.0
maxGene 	3.0
tournamentSize 	5
crossoverPoints 	1
mutateRate 	0.7
mutateChange 	1.0
mutateRatio 	0.5
mutateRateSmall 	0.3
mutateRateLarge 	0.7
wepMax 	1.0
wepMin 	0.2
expAccuracy 	6.0
minTravel 	0.0
maxTravel 	2.0
neuralNetworkClass 	class coursework.QueenBeeEA
Training Set Training
Fitness 0.012487106107187276