-4.682160042273854,-1.9295776309415489,0.029219597676146236,-1.4279352587784944,2.096975679922461,-1.2543959984133348,3.9398674035555823,-4.140655108734268,8.732854231687813,5.306554995345002,-6.859847672962969,-0.9995740838965887,5.966616261829024,0.9212504190025967,2.781517280944115,1.9098162998784507,5.017996353185117,-3.3830215885055397,4.550397742699401,-2.7338421212619313,1.2813599190561185,1.0041832181468422,0.3234116901761146,-1.144016510190177,-4.044466541240756,0.2917644415247249,-0.49811066529283465,3.6726542699881777,0.016399057470025458,2.0411968857641556,-4.098809255131975,4.122796641764928,-1.7025736345061557,-1.1335047861366223,3.8154295219133756,6.1112957577468805,3.6722663954673154,1.9036953223952473,-5.769981636310222,-0.94519358414815,0.17977913923435596,7.483431127936997,-1.393884003099184,-6.196760650746048,4.897689116461675,-1.2614061870870712,3.315547264915205,2.057380014997392
numHidden 	5
numGenes 	48
seed 	1586031270823
random 	java.util.Random@76fb509a
popSize 	80
maxEvaluations 	20000
minGene 	-3.0
maxGene 	3.0
tournamentSize 	5
crossoverPoints 	1
mutateRate 	0.7
mutateChange 	1.0
mutateRatio 	0.5
mutateRateSmall 	0.3
mutateRateLarge 	0.7
wepMax 	1.0
wepMin 	0.2
expAccuracy 	6.0
minTravel 	0.0
maxTravel 	2.0
neuralNetworkClass 	class coursework.QueenBeeEA
Training Set Training
Fitness 0.011071394428644691