6.332036686798733,4.32562221878702,6.773623307197727,-0.18677832564617836,0.26133423491725427,-2.408121827788234,0.48318132627695753,4.942560616431075,1.1622323752865356,0.09874638795048485,6.629239425502945,6.3764314768405095,1.0832195992816134,-4.232071501776101,1.429810626683559,-4.42000508241406,2.6860003144379725,13.130164959844322,0.1060061242779371,-2.3848516540700784,-4.7759505341374435,-2.7873351148040655,4.623147082613688,-2.301503735053527,4.818852582866069,-0.03784809354201357,4.012492332567243,-0.706966815093665,6.286951691245658,0.6230321238381515,10.863092639606045,-4.515964359905977,-0.10245252429245211,-2.0756374364299566,-3.743361609018635,4.421992456448173,1.4464516659673854,1.151577230493129,5.412836568641299,2.4387102365578155,2.083714605326768,-0.6396690153455573,2.9510350377254078,-1.4326044424703097,-4.9674349692612,2.1125862486444387,-1.4374217670652936,2.3369155660262306
numHidden 	5
numGenes 	48
seed 	1586031270823
random 	java.util.Random@76fb509a
popSize 	80
maxEvaluations 	20000
minGene 	-3.0
maxGene 	3.0
tournamentSize 	5
crossoverPoints 	1
mutateRate 	0.7
mutateChange 	1.0
mutateRatio 	0.5
mutateRateSmall 	0.3
mutateRateLarge 	0.7
wepMax 	1.0
wepMin 	0.2
expAccuracy 	6.0
minTravel 	0.0
maxTravel 	2.0
neuralNetworkClass 	class coursework.QueenBeeEA
Training Set Training
Fitness 0.013720691261943455