3.340839188750085,9.786138398794776,-5.183266751199888,-2.300142507749455,-9.513349912998045,-6.776980138014256,2.7211981282738273,-2.5888342424544684,13.70840244357408,-6.565158981775167,1.3510962045138637,8.87176875062854,-7.297462051894243,-4.235591116930866,-9.033855564442394,-9.607289016670551,0.4583096940565987,-2.794067187715293,6.975904383207307,-1.693323788059451,-1.4964752577049047,-0.9959813791873993,-1.076617227333326,-7.932428684322274,-6.493782102795786,0.7133321574707767,0.4465915823455018,3.182148609691856,2.518478885713461,3.2264350414193874,6.039313169247265,-1.0702127802302082,-11.181279221537949,7.0453611631448805,-7.572940199910811,3.919125510134938,5.962184003533718,-10.501099808858875,7.253043522242304,-5.176231128910049,0.06695757058441254,2.6140238115809105,-3.946411196668075,4.481093791286399,-3.9294488114687147,-2.4022072241421393,5.864468719581268,-2.511659871023067
numHidden 	5
numGenes 	48
seed 	1586031270823
random 	java.util.Random@76fb509a
popSize 	80
maxEvaluations 	20000
minGene 	-3.0
maxGene 	3.0
tournamentSize 	5
crossoverPoints 	1
mutateRate 	0.7
mutateChange 	1.0
mutateRatio 	0.5
mutateRateSmall 	0.3
mutateRateLarge 	0.7
wepMax 	1.0
wepMin 	0.2
expAccuracy 	6.0
minTravel 	0.0
maxTravel 	2.0
neuralNetworkClass 	class coursework.QueenBeeEA
Training Set Training
Fitness 0.009325433374956265