-0.21931311413911736,3.5081805233711143,0.8723235426398563,3.7506611666684124,-1.0366060794601601,3.313304935336018,5.365614001145309,-0.557462367009784,-2.357253921218727,-1.6504025209298177,-3.8872840971159865,5.714764555630547,1.76209045446058,7.947731962711535,-4.406315378921235,-0.4525306325046188,6.4323278037259195,-5.729296305800987,2.0070273667922844,3.7101620678051823,-0.63579238870284,0.003163045955808297,-3.0305688046364123,4.157916625223777,-0.6841824139598964,-3.462318980993685,0.5368059841154667,0.7391496886699254,-0.051724554688194146,-3.982741902322867,-0.8816369444304,0.8389599010054258,-6.050576228010245,3.6070661695519224,0.2909909675077813,4.314411582610514,-3.8103730920321057,-6.680422712265339,-3.6057628780468964,5.74806832286942,-6.984432097715363,-2.394088190195803,0.9542672763466911,-1.652699749500167,4.720474556860619,-1.244683825496777,0.6823310329892021,-1.895133840523144
numHidden 	5
numGenes 	48
seed 	1586031270823
random 	java.util.Random@76fb509a
popSize 	80
maxEvaluations 	20000
minGene 	-3.0
maxGene 	3.0
tournamentSize 	5
crossoverPoints 	1
mutateRate 	0.7
mutateChange 	1.0
mutateRatio 	0.5
mutateRateSmall 	0.3
mutateRateLarge 	0.7
wepMax 	1.0
wepMin 	0.2
expAccuracy 	6.0
minTravel 	0.0
maxTravel 	2.0
neuralNetworkClass 	class coursework.QueenBeeEA
Training Set Training
Fitness 0.01112145532789166