2.27037678581718,-2.2858490091070998,-7.864429715971977,3.639281602979313,-6.263792555036154,3.483600785168785,2.8794102939241184,-3.6956003965367525,10.872492860008167,-2.6086216346040922,3.9544151767212727,-0.09639839657442995,-10.642022230628505,-3.409020690299849,-9.815556371425128,-3.8021717767480094,5.086722085642356,5.243832497686789,6.782903016384754,-8.744631861519093,10.852256681729369,-1.6750721631386627,3.9816501872701657,-0.4014870720890489,-2.6936859049777198,-1.5917689096386334,4.755492969989266,-1.2794726318542722,-0.2695929901510863,0.9889789238823155,9.085325405858317,2.78465178940679,-0.8026304976332783,-5.409440589662593,1.4945162373653993,1.718632910654751,-5.50166103378951,13.437238692977061,0.03652761540759286,-4.878000566171376,-3.3773671823774905,8.622398580623678,-9.038802947101436,2.345447795251335,-2.512249636813961,-4.182942041190078,2.050926069470376,0.5569108834629706
numHidden 	5
numGenes 	48
seed 	1586031270823
random 	java.util.Random@76fb509a
popSize 	80
maxEvaluations 	20000
minGene 	-3.0
maxGene 	3.0
tournamentSize 	5
crossoverPoints 	1
mutateRate 	0.7
mutateChange 	1.0
mutateRatio 	0.5
mutateRateSmall 	0.3
mutateRateLarge 	0.7
wepMax 	1.0
wepMin 	0.2
expAccuracy 	6.0
minTravel 	0.0
maxTravel 	2.0
neuralNetworkClass 	class coursework.QueenBeeEA
Training Set Training
Fitness 0.00678830503997453