3.675647742751096,4.4148183103635255,-5.344009929559212,-3.461137302183979,6.370519629137904,8.540333033956113,5.9771697493178415,7.140765054480963,4.7541674595708985,-14.628893807142349,6.899355903362615,8.565725712036253,-2.3513238752213717,1.7289331797596512,5.247920753788781,7.177678693074725,-3.0150131061754006,7.844888999147095,-2.123119636340114,-2.7353283509315993,3.069022864486958,1.3650341709518363,3.5522817187318454,-8.406183046652952,1.9762169063529926,-0.5935111709092276,0.1463332480842694,0.8635539670829706,2.7803003953397947,1.9093033291811254,5.583542515736905,-2.1541826993071727,5.72932555008368,-2.4853977687261075,-3.0618807166451667,-5.152414187848336,-4.785664171922274,0.1383459399674698,3.3131592069215037,-2.180202740217245,-1.7657036353779993,2.796948445170715,8.288857738348334,-2.0135802518641057,-6.5042214873941795,-0.6792252645335637,1.537478759458029,3.6662560902323467
numHidden 	5
numGenes 	48
seed 	1586031270823
random 	java.util.Random@76fb509a
popSize 	80
maxEvaluations 	20000
minGene 	-3.0
maxGene 	3.0
tournamentSize 	5
crossoverPoints 	1
mutateRate 	0.7
mutateChange 	1.0
mutateRatio 	0.5
mutateRateSmall 	0.3
mutateRateLarge 	0.7
wepMax 	1.0
wepMin 	0.2
expAccuracy 	6.0
minTravel 	0.0
maxTravel 	2.0
neuralNetworkClass 	class coursework.QueenBeeEA
Training Set Training
Fitness 0.01492353395033039