5.976357708828044,-3.672389804538586,-5.625758542515799,-3.3215510464311295,1.8997953648643846,-5.593421562089322,-3.2755454728676083,-0.5726928392577229,-5.413947402861157,9.99895470060316,6.444203720821598,-1.450212685697526,-0.5719447812086242,-4.1858170254470926,-4.064200405946566,1.5179898751934036,-5.004209231455484,-0.6164241077419526,0.6119906589725077,4.879813238218581,1.1922460858120787,-3.2728511078458613,3.510735003471476,1.5972762403832945,-0.5238959244400718,0.3373392075889807,2.3445880112672466,-3.8300522774341337,-0.22130098023984335,-0.847562726646633,1.1066816089838163,-1.5136425796541326,-5.245261317311073,-3.9234233572378576,2.2180726838360254,2.8435693588287467,-4.425162537980329,1.7060789940268704,0.8647169994636874,-0.3931522498150204,5.555328348771349,-1.5973532907962693,2.6780377053983964,-1.4486604501942324,4.371873656977749,0.19185407739591032,0.8405727063514572,0.03513366002893292
numHidden 	5
numGenes 	48
seed 	1586031270823
random 	java.util.Random@76fb509a
popSize 	80
maxEvaluations 	20000
minGene 	-3.0
maxGene 	3.0
tournamentSize 	5
crossoverPoints 	1
mutateRate 	0.7
mutateChange 	1.0
mutateRatio 	0.5
mutateRateSmall 	0.3
mutateRateLarge 	0.7
wepMax 	1.0
wepMin 	0.2
expAccuracy 	6.0
minTravel 	0.0
maxTravel 	2.0
neuralNetworkClass 	class coursework.QueenBeeEA
Training Set Training
Fitness 0.013763004386122457