-5.72399582212198,0.2993766812158656,-1.4241531499761972,-2.26008827613428,-0.664362312012408,3.651653243470119,5.645483474245918,-3.1752484502935694,2.8214433698231547,-9.163512569115822,-6.571727858998398,0.31128294169360293,0.5268887919380782,-4.992861007722071,0.5258802815614692,-0.4614240963273364,8.948935641829586,2.378918647896275,7.699215927195949,-1.2911438733439162,1.3865785433781648,1.8983677482333716,-0.9716167274932319,-5.7341972851768475,6.042746184207262,0.17147309148038103,-0.31530981905820177,-0.1635164667687241,1.13279458605734,3.7564781768504982,-9.811821478958759,6.5591623201877844,-0.5425377731775622,-3.8491643645122764,1.353564274999406,10.729029889810374,7.2150487273293376,2.173781167907204,-0.31063770315368,-8.40608584625701,1.6354050670791551,2.7536513575540553,-5.051389733036157,-0.9683255055440707,-2.2052796576894367,4.548203586693661,-1.2074177510725885,1.6743068480182366
numHidden 	5
numGenes 	48
seed 	1586637670748
random 	java.util.Random@76fb509a
popSize 	80
maxEvaluations 	20000
minGene 	-3.0
maxGene 	3.0
tournamentSize 	5
crossoverPoints 	-2
mutateRate 	0.4
mutateChange 	1.0
mutateRatio 	0.5
mutateRateSmall 	0.3
mutateRateLarge 	0.7
wepMax 	1.0
wepMin 	0.0
expAccuracy 	7.0
minTravel 	5.0
maxTravel 	20.0
neuralNetworkClass 	class coursework.ExampleEvolutionaryAlgorithm
Training Set Training
Fitness 0.010375560003909013