3.0801609821038696,-2.192187204667317,4.907338192830812,0.927873191887062,-0.12209161460133622,-2.2106984692287313,7.378065138562734,2.332651312898345,-3.533572748223053,8.059912776473395,3.2364274275047897,-3.8464888404620226,10.567289420523318,-3.547115776889925,7.7299495360967025,8.409923845284576,11.681464715476803,2.1235814150828256,5.918769405658711,0.07436580527214343,-3.330757271242489,0.6877171389935892,0.05629665451960264,-4.983482384807245,-1.7386507676367806,-6.175151654537611,-0.10464248226826456,-0.23747107405488155,-4.952702159693217,-7.229670930890336,-7.968089237372029,-2.9658865670168497,-2.5891402313925784,-5.3205332902949065,2.3886209849610305,9.435934491122666,10.05667606740242,-9.420967938589317,0.28671157367903,1.7079227831020543,6.262510222116563,-0.9667331083660686,8.297058864782786,1.3911194252527608,2.9295513400918214,3.100044435174702,0.6065120609372734,-0.8826390519556284
numHidden 	5
numGenes 	48
seed 	1586637670748
random 	java.util.Random@76fb509a
popSize 	80
maxEvaluations 	20000
minGene 	-3.0
maxGene 	3.0
tournamentSize 	5
crossoverPoints 	-2
mutateRate 	0.4
mutateChange 	1.0
mutateRatio 	0.5
mutateRateSmall 	0.3
mutateRateLarge 	0.7
wepMax 	1.0
wepMin 	0.0
expAccuracy 	7.0
minTravel 	5.0
maxTravel 	20.0
neuralNetworkClass 	class coursework.ExampleEvolutionaryAlgorithm
Training Set Training
Fitness 0.006508817863346819