-5.679726708146022,-3.8080260533282235,-3.8459940478891497,-3.2179772569914746,-1.2957850969718634,2.9870880020925794,-1.6660031560347655,-5.690048362562873,-3.1285705829331647,1.9636843303816898,-3.1183610476633294,-4.663512102471445,-5.724114748523431,-6.345251008379916,-3.6754025515974718,8.627386651520418,1.1760350367912231,-6.071131310373007,3.166765835778861,-0.2640172762965598,0.5766918572630981,2.04909570352426,-0.41359947715338485,4.917736149265695,-2.621885555932698,0.4944243141942395,0.13947455209948245,-0.2427449657571641,-1.5808211818656899,-0.3045649709721179,-7.5413683312573205,3.256312171640067,7.976795680476265,-1.097310171666372,7.187735085491771,-0.3172536275159237,-3.2802049307248824,10.357877749171013,-4.828058499604753,-2.579564533915521,5.30537546855657,2.8417880263514452,0.43819479920814963,-2.0962848102853004,-1.2031237015627552,0.06268996635006907,2.3377242880803446,-4.000514844370174
numHidden 	5
numGenes 	48
seed 	1586637670748
random 	java.util.Random@76fb509a
popSize 	80
maxEvaluations 	20000
minGene 	-3.0
maxGene 	3.0
tournamentSize 	5
crossoverPoints 	-2
mutateRate 	0.4
mutateChange 	1.0
mutateRatio 	0.5
mutateRateSmall 	0.3
mutateRateLarge 	0.7
wepMax 	1.0
wepMin 	0.0
expAccuracy 	7.0
minTravel 	5.0
maxTravel 	20.0
neuralNetworkClass 	class coursework.ExampleEvolutionaryAlgorithm
Training Set Training
Fitness 0.007990420981818005