-1.9370069037917617,2.5079427203124407,1.2063850433815126,9.61895220907484,1.9883486257261023,5.230558346407537,9.97953453753042,-4.4049648502060474,8.37008142625239,-7.302488239028284,-3.5505032188264725,1.733136235349857,2.990917087487091,6.520772468828676,3.319622720495471,5.227393151302136,-0.848225061526616,2.350112508939585,2.1760293806699273,-4.158850747579422,-1.6281860868182276,-3.889830135321615,-3.1724895471604055,-3.0684211318249233,7.980362480614605,-6.9244971632865235,5.816897909168885,9.453451116992705,-0.36965586283555485,-1.457487944843602,0.8167073714673396,1.6822288507706387,-4.390002817029105,-5.570560016578917,6.166709311004162,-0.6162054606294074,0.9848826400894461,3.398142201823495,1.0382924040149666,5.11627060120729,-9.572065699963945,5.407735088140474,-0.1684446409341156,-0.9529916318561478,-10.465454851638235,3.906145953862783,-2.710908704284784,-1.3206356945846167
numHidden 	5
numGenes 	48
seed 	1586637670748
random 	java.util.Random@76fb509a
popSize 	80
maxEvaluations 	20000
minGene 	-3.0
maxGene 	3.0
tournamentSize 	5
crossoverPoints 	-2
mutateRate 	0.4
mutateChange 	1.0
mutateRatio 	0.5
mutateRateSmall 	0.3
mutateRateLarge 	0.7
wepMax 	1.0
wepMin 	0.0
expAccuracy 	7.0
minTravel 	5.0
maxTravel 	20.0
neuralNetworkClass 	class coursework.ExampleEvolutionaryAlgorithm
Training Set Training
Fitness 0.03542089415061388