4.552123301732126,8.98742231657937,-4.2887255136130475,-0.5265513733058809,-0.5543967806090713,4.627768665244915,-0.8259377517172695,4.51077090569696,7.428400999624805,-3.4039406617294095,4.201107571439539,12.053194229755281,-4.588699852542509,-0.8633647068278361,3.6776442259781534,-2.3936650174382557,-3.4779463022489763,11.469375955171994,-0.18312144347173476,-1.8253332338674313,-3.3296662908975456,2.609774208031495,-0.5360037356503726,1.0913920054692312,1.1504769455285881,5.063686574197664,0.3483618587288211,-0.016109014811167555,0.7794427736402003,2.726066643902449,-2.6655678149706823,-8.83484646574254,4.323167298003674,9.498389911911291,-3.0568546979909588,3.3899728829441687,-5.4528787583211615,11.459028914935423,7.640598760530587,4.9858804111981785,7.8941837364459175,0.5379688911504976,-5.367689101364296,-0.686245912307629,-1.2272076489045842,0.14292474626018503,-2.3820428186175073,-5.274750732274232
numHidden 	5
numGenes 	48
seed 	1586637670748
random 	java.util.Random@76fb509a
popSize 	80
maxEvaluations 	20000
minGene 	-3.0
maxGene 	3.0
tournamentSize 	5
crossoverPoints 	-2
mutateRate 	0.4
mutateChange 	1.0
mutateRatio 	0.5
mutateRateSmall 	0.3
mutateRateLarge 	0.7
wepMax 	1.0
wepMin 	0.0
expAccuracy 	7.0
minTravel 	5.0
maxTravel 	20.0
neuralNetworkClass 	class coursework.ExampleEvolutionaryAlgorithm
Training Set Training
Fitness 0.00884444245155568