-4.50547136727145,-3.011808722172732,-1.620756530102092,7.26274298434295,6.568926435317458,-0.28854480139460215,-4.352603269756374,-3.694740158748739,7.854198069056813,-2.533871578958783,-5.064723627672901,5.178778817274372,-0.959278674886626,1.0285958025125028,-6.942653964328524,4.634869307581028,4.096930157762467,-7.139980140022726,-1.410606902158414,-1.621810983339766,-0.017111731249213946,-4.4545667408925,-2.0412892344773987,-0.19006159406244727,1.8215131193917928,-0.08412529881483355,8.45561993051969,0.6480672021374225,-0.6730220243731093,-0.37284671698862937,-9.260388541227407,2.946641047482588,1.9108529478057807,-3.814617362820969,-4.290132217541916,0.21606230908184543,1.1400099407486879,-2.8400559706838955,-8.426394310657974,0.4485740509976144,-2.66753633609229,0.058998760350774226,-0.9976903780469542,2.4711715578461835,-2.3099838308425387,1.102030648875437,3.1046066218325246,2.6860200320828387
numHidden 	5
numGenes 	48
seed 	1586637670748
random 	java.util.Random@76fb509a
popSize 	80
maxEvaluations 	20000
minGene 	-3.0
maxGene 	3.0
tournamentSize 	5
crossoverPoints 	-2
mutateRate 	0.4
mutateChange 	1.0
mutateRatio 	0.5
mutateRateSmall 	0.3
mutateRateLarge 	0.7
wepMax 	1.0
wepMin 	0.0
expAccuracy 	7.0
minTravel 	5.0
maxTravel 	20.0
neuralNetworkClass 	class coursework.ExampleEvolutionaryAlgorithm
Training Set Training
Fitness 0.009912188950408907