-5.7291686528687205,-8.543583632841314,-3.5294727808393906,-6.126839216046121,0.7984269127005277,1.8857572176401405,-3.3191787837149445,-4.424748511203763,-7.248969149121254,2.3127208209659784,-1.7799060316997828,7.485577334404281,-1.262626175409749,-2.8685005337897174,0.24685615556332907,3.589228687689139,-4.4472738335096915,-1.789826198294815,-5.548577692580876,-1.8123843136792712,-0.7455178549623991,-1.5085114312876904,6.879575885059913,-1.1481399965011843,2.336641185277035,0.248751015668236,3.5448450932884317,-4.597325071387488,0.13993555750936704,1.7553042128102962,-1.335059606423159,8.95345399307697,0.8971046232909838,0.5540067133188096,0.04592137110923211,-2.998966948653366,4.602166965225814,3.326461858724759,-3.719556501993263,-0.019162547775441574,4.094809406989222,-7.452142924352774,3.513490728669856,-1.3634567840578988,1.450864346907414,-2.833791055333492,4.937963520928792,-3.9117172558961637
numHidden 	5
numGenes 	48
seed 	1586637670748
random 	java.util.Random@76fb509a
popSize 	80
maxEvaluations 	20000
minGene 	-3.0
maxGene 	3.0
tournamentSize 	5
crossoverPoints 	-2
mutateRate 	0.4
mutateChange 	1.0
mutateRatio 	0.5
mutateRateSmall 	0.3
mutateRateLarge 	0.7
wepMax 	1.0
wepMin 	0.0
expAccuracy 	7.0
minTravel 	5.0
maxTravel 	20.0
neuralNetworkClass 	class coursework.ExampleEvolutionaryAlgorithm
Training Set Training
Fitness 0.027818427081572335