0.5024034198876244,-2.1792218878408436,1.8943916878919191,-3.668521506456866,-5.824014364080234,9.618365832036995,3.9795776267296032,-1.490995836462119,4.285732041487695,-2.829612675096895,-8.299182888745385,-1.002462467301032,6.430543638100135,0.6593703181724937,-4.8392074384811385,3.088275830673747,2.3225858821308636,-3.677496761106089,-1.519815028994798,-9.672308866058312,-0.5099789680521472,0.08423253097639805,-1.756517248789379,-2.9591334706906123,-2.317948341931187,0.03655571059039353,-0.2275981576621975,0.9011202588628517,2.199670018366607,0.5094540903048212,-5.419174961468409,1.761059325280776,3.687333065961319,-1.9510433844578134,-1.68346529221093,3.787793149441697,3.453695498712529,-2.3044193410609886,-0.6563636619831508,-1.0151612930699088,0.275878404408501,0.18066947786408782,-5.737679333170439,6.558998928315547,-10.247467518731522,0.7660327446699338,-1.1970643347460803,2.6088700925301236
numHidden 	5
numGenes 	48
seed 	1586637670748
random 	java.util.Random@76fb509a
popSize 	80
maxEvaluations 	20000
minGene 	-3.0
maxGene 	3.0
tournamentSize 	5
crossoverPoints 	-2
mutateRate 	0.4
mutateChange 	1.0
mutateRatio 	0.5
mutateRateSmall 	0.3
mutateRateLarge 	0.7
wepMax 	1.0
wepMin 	0.0
expAccuracy 	7.0
minTravel 	5.0
maxTravel 	20.0
neuralNetworkClass 	class coursework.ExampleEvolutionaryAlgorithm
Training Set Training
Fitness 0.008851098574523378