7.447101522507688,8.078804697716803,-0.2557319322703593,9.57580517192564,12.346043289797727,12.228888557168421,3.5595767923491923,17.80908421454011,-12.251504547929118,-9.78419396369654,5.8353248634970125,1.2446298994987266,9.272342149950537,6.566186395496297,8.70194309649074,8.035275498947467,-1.5472941648361256,-1.1470875674207304,-1.2530665170556197,-18.144666473246517,-0.5758570750223375,-13.82782225860786,9.688480380543883,2.4945764281250087,-8.259532803731943,0.007594066417689227,7.188502977674259,6.387852801279172,0.391272236033539,2.6289427687710267,9.505023398529474,-13.267362652343401,3.1010516960997725,1.3896355571318,11.398746184225825,1.309820064290753,1.9201446152508168,7.633381464947857,-2.4866547018698357,17.909098816050733,6.113413859860234,-7.342643890837283,-9.11580107719558,-13.179167401689805,0.674853860127818,0.5686371775768648,-3.958158261939775,-0.6346416366478365
numHidden 	5
numGenes 	48
minGene 	-3.0
maxGene 	3.0
tournamentSize 	5
crossoverPoints 	2
popSize 	50
maxEvaluations 	20000
mutateRate 	0.4
mutateChange 	1.8
seed 	1584108840896
random 	java.util.Random@76fb509a
wepMax 	1.0
wepMin 	0.2
expAccuracy 	12.0
minTravel 	0.0
maxTravel 	2.0
neuralNetworkClass 	class coursework.ExampleEvolutionaryAlgorithm
Training Set Training
Fitness 0.012130206526777466