-8.80176448136895,10.647102458791995,-7.249006030316651,-10.36818878475023,7.238633142813575,-9.481052320324027,-0.009053423396834237,6.532016743011842,5.905050620140173,10.514839077334857,-4.296015171218194,10.825294188751238,-8.359606231416707,7.530494557185866,15.576656339932638,-13.598429249958036,-6.308050291903505,2.4468846969885503,-5.039181922020575,-10.326942365594899,-2.1772505798613997,-3.361054175979974,-2.4823754859881277,-1.4724084392693824,-8.108916182003716,1.307970311011911,-2.83606149495294,-0.3614908072186436,15.791613923423832,1.2681322371977237,1.4878519923530464,-4.648058670823884,-8.380116491255324,8.495338803061758,-10.637887762984663,-8.00610202016381,-14.222105573284592,7.81183222230444,9.933861142268757,3.0484979679458295,-0.11823030841133209,-3.867297562517651,0.10619985666789278,-12.144816332490315,2.7633854680344525,-0.45929539131447883,-3.948293358142709,3.6567433530437894
numHidden 	5
numGenes 	48
minGene 	-3.0
maxGene 	3.0
tournamentSize 	5
crossoverPoints 	2
popSize 	50
maxEvaluations 	20000
mutateRate 	0.4
mutateChange 	1.8
seed 	1584108840896
random 	java.util.Random@76fb509a
wepMax 	1.0
wepMin 	0.2
expAccuracy 	12.0
minTravel 	0.0
maxTravel 	2.0
neuralNetworkClass 	class coursework.ExampleEvolutionaryAlgorithm
Training Set Training
Fitness 0.008138579967024447