6.2744352549194495,4.142442874732182,6.470937568343666,9.52057296982065,3.6913045522110854,-20.41261890942575,2.129306932258989,-1.5373389620085196,10.19240354757257,10.894163724751483,7.369334995193035,9.121468866862454,6.337928161139051,10.778519650390898,9.05883140441692,-11.052168976672839,9.224330889548675,-7.965154470858532,4.098905774218283,8.898656618212899,7.729658499821535,9.295951708167987,-11.120998898627557,-9.403398440026686,-1.9449024425995283,0.5022257598121624,-2.463302817004042,0.028371762054839156,0.7225269610090481,-13.094696030237163,3.948584085591624,2.0814829719011794,-19.180770458174276,12.205186753247563,-7.672577608275033,5.844454129898413,-2.4628724005839375,6.148515292998453,-13.61632516439477,10.62770063933134,-17.61486791481633,7.702334643076435,-0.7203414800601515,5.844173275260771,-6.674537437663235,2.7753286205198604,0.8088337802429455,-8.441974259738078
numHidden 	5
numGenes 	48
minGene 	-3.0
maxGene 	3.0
tournamentSize 	5
crossoverPoints 	2
popSize 	50
maxEvaluations 	20000
mutateRate 	0.4
mutateChange 	1.8
seed 	1584108840896
random 	java.util.Random@76fb509a
wepMax 	1.0
wepMin 	0.2
expAccuracy 	12.0
minTravel 	0.0
maxTravel 	2.0
neuralNetworkClass 	class coursework.ExampleEvolutionaryAlgorithm
Training Set Training
Fitness 0.013673511770299221