-0.5342562139372798,-2.253927656858102,4.2349868883427675,-5.1041768830886385,-4.143627055143235,3.7810520361677344,-6.476419019869503,-1.3353599112233965,3.4952399732876156,4.162139283792122,-0.3679128192009887,-0.77177974426518,-1.9248450263107266,1.6138114630578997,-9.463260758821695,8.456592328027021,7.583194660994425,-0.004762955623396606,-5.9052317553446,4.8670421626726945,1.039199123385279,-0.11029600488393146,-2.6090942424348134,-7.540726860356541,2.014098787069928,0.19270005372217305,-3.5937654618548827,4.10728343349652,-4.118431765957643,-0.3848625652758976,1.940271539167961,1.7426419084500868,5.156118613555112,-2.250780916902842,2.37249705981768,7.938289139152411,-3.4654635654414885,-1.9255548546061128,3.3311445780820335,1.4066136931917967,-5.802097852590689,2.9650751060149525,-7.714939929759328,2.5993252404237492,-0.8171629140555572,-2.460279246562006,-1.5748791790933712,5.698861169783002
numHidden 	5
numGenes 	48
minGene 	-3.0
maxGene 	3.0
tournamentSize 	5
crossoverPoints 	3
popSize 	50
maxEvaluations 	20000
mutateRate 	0.5
mutateChange 	0.9
seed 	1584060597833
random 	java.util.Random@76fb509a
wepMax 	1.0
wepMin 	0.2
expAccuracy 	7.0
minTravel 	0.0
maxTravel 	3.0
neuralNetworkClass 	class coursework.ExampleEvolutionaryAlgorithm
Training Set Training
Fitness 0.007173126237204081