-4.1074436703243125,-0.5356709214820059,-2.8603696399474168,0.897243528388673,9.06325697117326,-1.060916809580697,7.492923447148321,1.3321493778300362,0.0033341472533089367,0.06772810593472973,-4.749683631162443,-1.168877515489334,-1.1453921083003367,1.7049395428238863,7.8689181584130905,-7.373666364518898,5.232269602984754,7.170181619504858,-4.571260704668227,3.1223052939743363,-6.701783984038931,0.35821375557377516,3.2202311550847424,-5.12229975132182,-0.13184734508535403,4.894093113986974,-0.24598407554607407,2.066181039529637,-2.1353013204408193,-0.03439586088451307,2.3459856395888425,0.007015552569893868,2.978862804125037,-4.595695375354448,-2.8909223495307765,7.8182876083758535,-1.9435033719491008,3.9863570151280467,1.546756240945951,0.3282378214070088,-0.40266496435152627,-1.1237878397381407,6.107287308068182,-5.453183103657944,0.2828768008199691,-1.815920952084809,-4.8544774381517355,-5.031482267155445
numHidden 	5
numGenes 	48
minGene 	-3.0
maxGene 	3.0
tournamentSize 	5
crossoverPoints 	3
popSize 	50
maxEvaluations 	20000
mutateRate 	0.5
mutateChange 	0.9
seed 	1584060597833
random 	java.util.Random@76fb509a
wepMax 	1.0
wepMin 	0.2
expAccuracy 	7.0
minTravel 	0.0
maxTravel 	3.0
neuralNetworkClass 	class coursework.ExampleEvolutionaryAlgorithm
Training Set Training
Fitness 0.009148499286880623