-6.277071118455716,-1.6308405628017035,5.598105713527874,-0.03631109099280997,-5.6915483154188395,2.111819751636156,4.8593763896755835,-1.2529499641719448,-6.755025767160179,-1.5515397876123203,-12.125856768473174,-5.750111465087292,2.0108033154486553,0.2842314575652133,-0.021169018795125904,2.0254913272561437,-1.7549777525072057,-0.8690550559659681,-5.257077905551011,-4.672597738335707,-4.051637472419456,4.272260606226957,4.57067854261252,1.536430289693432,-3.607475482176927,-0.0034136207483148155,-1.358683656972703,1.8355925020815065,2.4753374914617483,2.8181020618003023,-4.810863741807161,-2.446897806951799,1.9642552260790185,-0.7110575260726613,0.6747568939333916,-4.09878603247204,3.344575203834933,0.983699348853084,0.6041411414992015,-4.350025435500804,-2.1035494158815538,-4.2990496376682215,-2.1176443701497694,0.6452487636143458,-0.6053865910364503,1.2768174380099186,2.1738993142995846,6.323799862036796
numHidden 	5
numGenes 	48
minGene 	-3.0
maxGene 	3.0
tournamentSize 	5
crossoverPoints 	3
popSize 	50
maxEvaluations 	20000
mutateRate 	0.5
mutateChange 	0.9
seed 	1584060597833
random 	java.util.Random@76fb509a
wepMax 	1.0
wepMin 	0.2
expAccuracy 	7.0
minTravel 	0.0
maxTravel 	3.0
neuralNetworkClass 	class coursework.ExampleEvolutionaryAlgorithm
Training Set Training
Fitness 0.1017117816211998