4.755842388018572,-15.634600202873687,0.990535105840659,-15.868929057929918,-0.26482673535203843,-4.106237457370361,1.4400647583745199,-3.2479680246104907,0.8049234705944679,15.604857227199185,9.238317043232053,-9.056731590687601,1.3638301241393176,-4.010756089857099,0.7846666745709014,1.7859578422202103,-24.62977822153738,-7.785505690280069,6.683537477297148,-0.910182832838321,34.03361985605977,11.259118801453894,-3.1234597583551014,-18.836473322782133,-16.12752481140777,12.610736603592551,-0.5979138013979276,-8.572016544839169,5.354342899801221,-0.7444476445943503,18.928397582098274,-9.204619022605625,-4.183720339796977,-9.35554105548508,-2.3745270895720725,3.77814399345287,22.911240459743993,14.316403055726342,4.442038390107489,-9.06804990985417,-6.593244494860449,15.091702174285954,5.472787615589246,-23.557052528096218,12.28232025202857,11.182820544353378,20.382795654438375,13.722032935117598
numHidden 	5
numGenes 	48
minGene 	-3.0
maxGene 	3.0
tournamentSize 	5
crossoverPoints 	2
popSize 	10
maxEvaluations 	20000
mutateRate 	0.3
mutateChange 	1.4
seed 	1584114661582
random 	java.util.Random@76fb509a
wepMax 	1.0
wepMin 	0.2
expAccuracy 	6.0
minTravel 	0.0
maxTravel 	4.0
neuralNetworkClass 	class coursework.MultiVerseOptimisation
Training Set Training
Fitness 0.049309825698700155