 0.973849854876658,15.740437131772829,-10.863377464497987,18.214175296313012,-13.73565219115754,-13.864360624526915,-8.688335696885808,-3.9414219822217773,26.184854947175083,5.1701839348074445,-8.653176381081886,7.773165385463947,-10.361893356012903,-0.728570356236863,8.366587268399643,11.37460848412633,-26.190935119746072,-3.2798753495875954,31.183343647597084,6.925281537907265,-4.075179379199077,-1.001446013584118,0.7314306014158501,6.006616254999487,-9.398023491121167,-15.341677743255074,-0.3124063658693521,-2.6391688466339382,-1.4536922654423852,0.08796396390016084,-2.100052125159868,5.553724787621607,-12.213145236817928,7.14910287702356,-20.99125777963038,6.855077591471488,-8.120341150818943,17.09044781992807,3.840017853327898,-2.624971287120525,-0.9028235891573615,12.400029945144796,13.982711913325042,2.917508948058763,14.091722037949925,-1.3223886729887933,18.199052613523882,0.6454348642896581
numHidden 	5
numGenes 	48
minGene 	-3.0
maxGene 	3.0
tournamentSize 	5
crossoverPoints 	2
popSize 	10
maxEvaluations 	20000 
mutateRate 	0.3
mutateChange 	1.4
seed 	1584114661582
random 	java.util.Random@76fb509a
wepMax 	1.0
wepMin 	0.2
expAccuracy 	6.0
minTravel 	0.0
maxTravel 	4.0
neuralNetworkClass 	class coursework.MultiVerseOptimisation
Training Set Training
Fitness 0.011016540613153382