4.34724986730166,4.487012908749223,5.059213094896857,-3.6237930229146516,3.4303328561671993,-2.5860100139574067,9.705539682110267,8.53209970660048,-0.4787002141309684,-4.042033167029471,0.641093189812691,-2.4654867909129905,4.247898833906005,-4.77002617347962,2.509170608912272,-9.004137196641912,-2.188112763686114,7.5356141760015944,4.005152806757517,-1.2439226035986282,-2.683640352370718,-1.1708100357817233,0.44872608369954037,-2.4242493276479804,0.3414271437227441,0.02502746704124159,3.990678180291721,-0.42557354228941824,0.49685043094042225,-4.312135769108073,1.4186151833793843,-3.4111933987471197,-4.826415185641097,2.4268940995196546,-3.786951576598125,-1.427838080405046,4.697059388942958,-6.2916970987394265,2.5363003307819145,-2.3116513435406763,5.494681937310122,2.5784479402367255,4.4383123926290775,2.8731796279821378,-0.38258771174580297,4.195165385392401,1.923497169954829,-0.04312183525797608
numHidden 	5
numGenes 	48
seed 	1585673993050
random 	java.util.Random@76fb509a
popSize 	80
maxEvaluations 	20000
minGene 	-3.0
maxGene 	3.0
tournamentSize 	5
crossoverPoints 	1
mutateRate 	0.4
mutateChange 	0.8
mutateRatio 	0.5
mutateRateSmall 	0.1
mutateRateLarge 	0.8
wepMax 	1.0
wepMin 	0.2
expAccuracy 	6.0
minTravel 	0.0
maxTravel 	2.0
neuralNetworkClass 	class coursework.ExampleEvolutionaryAlgorithm
Training Set Training
Fitness 0.00801738338226507