-3.22134679549713,-1.5702342111739005,-5.4563029336514575,0.9645417726404317,-1.4240945945568002,7.172856398794683,4.261094893700252,2.947658460337575,3.8474043090798116,-3.8126224325779026,4.062735733344847,-3.9193770993587274,-7.35348077199346,-2.275595619804983,-3.7172775493024073,-0.07603484409393535,0.08856753015292895,-1.583645001276852,5.733864929289882,-2.2535323070723337,2.941953724862305,-4.209473507952818,0.40145111789660537,0.5487810516221341,-0.5114183553823,2.991092364651541,-1.1032391701449256,-0.9955170831012092,-0.22889640262537836,0.4227403154949032,-1.5279302168733244,1.7706189906733136,2.1098066886887024,3.178724608717882,4.107873632849358,0.06312400707186527,-6.075327931285854,1.3532269451462116,0.27954444997896477,0.12338038928872641,2.0383753221145913,2.6625248963183905,-5.505379037833886,2.8205302324647263,-2.236268331354888,0.8115751444806221,0.763413786485492,-0.8599820162999223
numHidden 	5
numGenes 	48
seed 	1585673993050
random 	java.util.Random@76fb509a
popSize 	80
maxEvaluations 	20000
minGene 	-3.0
maxGene 	3.0
tournamentSize 	5
crossoverPoints 	1
mutateRate 	0.4
mutateChange 	0.8
mutateRatio 	0.5
mutateRateSmall 	0.1
mutateRateLarge 	0.8
wepMax 	1.0
wepMin 	0.2
expAccuracy 	6.0
minTravel 	0.0
maxTravel 	2.0
neuralNetworkClass 	class coursework.ExampleEvolutionaryAlgorithm
Training Set Training
Fitness 0.01234541790649828