1.260240574806155,4.336063261668601,-6.131159135331612,0.3802693639402308,-5.765996969515908,-1.6922277109229593,-4.212618932523271,-3.337896898101145,-8.047353775021737,3.696953471946056,3.9155552553900455,-2.9159793408961985,-5.500769362185454,1.8114555007495265,0.24652938744123332,1.5177110584885811,6.302994667765335,-2.5191639460142454,-4.593229339679793,4.174046606938856,-2.8757335930538,-4.357846151159659,0.6654790955485987,1.1122630881181155,-1.2490562434985373,-2.573526241399011,2.119494323368504,0.18413581195308515,0.41601123917058014,-1.6177304408403594,-1.2100953248816813,-2.5883631948962034,2.1181972127516095,1.536581644837207,4.668873369984935,-2.0089774469940895,-4.779031584005421,6.197053110419465,-0.2505848951318137,-7.023799753310729,4.952691539967883,-6.86421442303139,0.8942208429670511,5.514215143740598,-2.196565975219264,5.743977514755999,0.49002459591685565,1.5056637195576064
numHidden 	5
numGenes 	48
seed 	1585673993050
random 	java.util.Random@76fb509a
popSize 	80
maxEvaluations 	20000
minGene 	-3.0
maxGene 	3.0
tournamentSize 	5
crossoverPoints 	1
mutateRate 	0.4
mutateChange 	0.8
mutateRatio 	0.5
mutateRateSmall 	0.1
mutateRateLarge 	0.8
wepMax 	1.0
wepMin 	0.2
expAccuracy 	6.0
minTravel 	0.0
maxTravel 	2.0
neuralNetworkClass 	class coursework.ExampleEvolutionaryAlgorithm
Training Set Training
Fitness 0.03596411419083103