-4.445300589021516,0.8331450270377876,2.729863040455916,0.4263266436900497,5.163006281525511,-2.835883434178619,4.046809402653627,-8.493100310565888,-3.477608526725721,0.1988011295852996,-7.818548146264557,-0.3231848976813152,0.4138154216312042,-0.7816726289789713,9.27443832804413,4.260461662789422,2.7730999314778435,-9.605376722330655,-4.921494617397836,5.874385175321272,-0.30889093140169144,-1.6227186398255673,-2.379130232314427,9.335581943404241,-3.8935900789235998,-0.2866997058929235,-3.865296534809807,1.3737962278308353,0.7575505352885195,-1.0333074205419193,-9.215372803535596,3.3114386422270643,-2.5394389455715114,1.0658548347133379,4.581132218404598,-2.3213102165620065,-1.385404451756593,-4.200371322346822,-5.156112491669919,1.7642894625267667,4.2623262480960005,-2.054792598367949,9.643605408517022,-0.5861793568766989,2.539500111948519,5.962938741466637,1.4775119934898375,4.782784594077129
numHidden 	5
numGenes 	48
seed 	1585673993050
random 	java.util.Random@76fb509a
popSize 	80
maxEvaluations 	20000
minGene 	-3.0
maxGene 	3.0
tournamentSize 	5
crossoverPoints 	1
mutateRate 	0.4
mutateChange 	0.8
mutateRatio 	0.5
mutateRateSmall 	0.1
mutateRateLarge 	0.8
wepMax 	1.0
wepMin 	0.2
expAccuracy 	6.0
minTravel 	0.0
maxTravel 	2.0
neuralNetworkClass 	class coursework.ExampleEvolutionaryAlgorithm
Training Set Training
Fitness 0.008359030004987484