5.376319940867843,2.8712097178637457,1.4230146981939693,4.9794597504029285,0.7274543635801511,4.1408929688087035,-3.135713614051957,6.576524856666268,-6.042935042324195,8.566030780669703,3.6481830029054505,-0.8846213753864567,-4.509327492567392,8.063231988829664,1.9315489313631653,-9.78296459403236,-1.543599097877762,-2.0293154033561116,-5.482109875220211,1.6343869683460317,0.41261797950043766,-0.604460439625381,-2.0394435831906517,2.825611940672874,-6.315686517312934,1.4265124963249904,-1.312135839672299,6.349844283730252,0.04208079202896675,-0.6025004659534872,3.3842416432014932,-1.9669307930958857,2.8050490542793245,-2.2423083788036693,-3.54066867905099,-2.2325129205177836,-0.7739284291004398,4.492442774325487,-3.5792560993753213,4.110120250825186,-4.7298008830549545,-3.8491489306911726,1.458784400993325,-2.0637180259439045,7.303396811757811,-1.8685574541167183,-8.036504138746276,2.6526383221932273
numHidden 	5
numGenes 	48
seed 	1585673993050
random 	java.util.Random@76fb509a
popSize 	80
maxEvaluations 	20000
minGene 	-3.0
maxGene 	3.0
tournamentSize 	5
crossoverPoints 	1
mutateRate 	0.4
mutateChange 	0.8
mutateRatio 	0.5
mutateRateSmall 	0.1
mutateRateLarge 	0.8
wepMax 	1.0
wepMin 	0.2
expAccuracy 	6.0
minTravel 	0.0
maxTravel 	2.0
neuralNetworkClass 	class coursework.ExampleEvolutionaryAlgorithm
Training Set Training
Fitness 0.041269064924460336