-4.752365342498256,0.4371269555479649,-4.774000166686686,2.273379232811471,1.6578464742719896,5.1537169980747715,-7.043052708521398,2.8169247668965296,0.3176339758744786,3.551292377679294,-7.729513369414327,1.951591282485892,6.50182511162922,3.62081282991885,9.67340600022343,0.7311396811984299,-15.288504482526333,1.5860072928711049,1.6153790798576042,6.592611673528434,-0.9875611814360759,-1.8215178664505,0.45877330988508236,5.3762122312195535,-1.9824444351174548,-0.4209202566610437,0.5548795813841614,-2.0977081054010727,0.9748030443416513,-0.19264756639146907,-10.15626227480513,4.77428160320421,1.3582828350696834,-4.642816333154181,-5.056454362890036,-10.196319599018109,4.57222440914013,-0.9806855237102918,-2.7640796290426155,2.532304542812555,-1.0320302738140836,-1.827426431853125,-2.3810278979527872,-0.7989389894021235,0.24830789158947408,-3.640990219250317,2.462198712399835,2.168998387631336
numHidden 	5
numGenes 	48
seed 	1585673993050
random 	java.util.Random@76fb509a
popSize 	80
maxEvaluations 	20000
minGene 	-3.0
maxGene 	3.0
tournamentSize 	5
crossoverPoints 	1
mutateRate 	0.4
mutateChange 	0.8
mutateRatio 	0.5
mutateRateSmall 	0.1
mutateRateLarge 	0.8
wepMax 	1.0
wepMin 	0.2
expAccuracy 	6.0
minTravel 	0.0
maxTravel 	2.0
neuralNetworkClass 	class coursework.ExampleEvolutionaryAlgorithm
Training Set Training
Fitness 0.006651857708417427