-4.429943971974997,-1.5990023995077933,-5.671908790413991,3.518515653073675,2.5600594109196324,-4.8123214705513755,-11.052250692865295,8.744864020384629,-8.19243139932123,1.9353482802577429,-7.782984606738008,-0.3734718968999631,-6.915499391683446,-5.221565357082191,0.5075573188685851,-7.926060896685068,-5.250638931940144,7.160971632253043,0.19687195703285298,0.9326120910716598,-0.4688766751812934,-1.011726971199705,2.7319854747934587,-1.768165796492523,-4.777339756418108,0.8331257828264707,-1.0372784548695206,-0.37039862864072837,0.1117199481702571,1.5606621763107718,-6.527624365603408,2.1857655996896597,-5.094850412781346,2.0402917855958873,-0.16741706011344148,-8.048938951421205,-1.458004618112482,5.61477359488456,5.2962322162482955,-5.707184198467029,2.073450917989997,1.23099672936517,-0.09711091502728242,1.3256081822127384,0.5224593159313122,0.22558105751187818,-2.509776941353008,-4.41743924926091
numHidden 	5
numGenes 	48
seed 	1585673993050
random 	java.util.Random@76fb509a
popSize 	80
maxEvaluations 	20000
minGene 	-3.0
maxGene 	3.0
tournamentSize 	5
crossoverPoints 	1
mutateRate 	0.4
mutateChange 	0.8
mutateRatio 	0.5
mutateRateSmall 	0.1
mutateRateLarge 	0.8
wepMax 	1.0
wepMin 	0.2
expAccuracy 	6.0
minTravel 	0.0
maxTravel 	2.0
neuralNetworkClass 	class coursework.ExampleEvolutionaryAlgorithm
Training Set Training
Fitness 0.011585132869715555