-2.2471465886655664,-4.2178868752136305,1.7359573608479122,-1.8397663704864102,-1.2658467798645086,-1.684288883783817,0.8130989446337327,-2.3851046000643183,0.6686955744337362,-6.707975479411086,-2.0926214539563657,-7.981100296219944,1.858338310588952,-2.0200291174142873,0.7127714364344291,-1.2038341739525913,-2.819371413834199,-8.509060008897633,-2.324624600963011,-5.006943300800677,-0.3484212439850338,-1.0432813104344922,-1.361271736253648,9.20116249485699,-0.4620796673137919,0.6267079751452687,0.09861131741346463,1.306738288756056,1.356918759710031,0.14299111631887995,1.3230065977460173,3.267496030615776,-5.10339145587741,-5.45575787704584,3.7736822059686093,3.947306188536377,0.3333640327356948,2.752418708302705,-2.8492777371423843,-1.8074137614618355,1.0309554998635524,1.4972476870430877,-2.4817314332189575,3.205555421717884,-3.608283587234509,-0.4375238861809416,-4.866633930794551,3.359067370744233
numHidden 	5
numGenes 	48
seed 	1585673993050
random 	java.util.Random@76fb509a
popSize 	80
maxEvaluations 	20000
minGene 	-3.0
maxGene 	3.0
tournamentSize 	5
crossoverPoints 	1
mutateRate 	0.4
mutateChange 	0.8
mutateRatio 	0.5
mutateRateSmall 	0.1
mutateRateLarge 	0.8
wepMax 	1.0
wepMin 	0.2
expAccuracy 	6.0
minTravel 	0.0
maxTravel 	2.0
neuralNetworkClass 	class coursework.ExampleEvolutionaryAlgorithm
Training Set Training
Fitness 0.011554163885767955