2.6422954126709834,-2.2546836620415656,2.4995453433947623,2.9073075901049883,1.9170031809195518,0.44511658426653966,-2.1909582086453376,0.6517640824718958,-2.680583451205341,2.4625323806539523,2.3058418154067306,-3.0080455041433654,-0.5339122941430614,5.787328254286377,-1.4389341998976166,1.816617003471451,-5.055153622737658,-1.506313777455128,-5.446298271428118,1.871845689797454,-0.40492343481896453,-0.1989988341669786,2.0155746519520084,-1.568542109007567,-1.438872732129253,-2.0605630677262754,-0.13732183888078153,2.520259829727145,0.020994815243121634,4.613296480549654,2.0023085049672718,-0.3497415671472035,-1.4861028886798555,0.1111209309533212,4.670675306212316,-4.320527612674859,-1.200655673520339,-3.5452115707377523,0.9084000132734229,2.7401109973077995,-5.823203474758542,-2.3892521767986237,3.6215458909079032,0.40749263338651587,-4.2210198205324225,-0.2951234849883051,0.7035567679894177,0.7931875968678517
numHidden 	5
numGenes 	48
seed 	1585673993050
random 	java.util.Random@76fb509a
popSize 	80
maxEvaluations 	20000
minGene 	-3.0
maxGene 	3.0
tournamentSize 	5
crossoverPoints 	1
mutateRate 	0.4
mutateChange 	0.8
mutateRatio 	0.5
mutateRateSmall 	0.1
mutateRateLarge 	0.8
wepMax 	1.0
wepMin 	0.2
expAccuracy 	6.0
minTravel 	0.0
maxTravel 	2.0
neuralNetworkClass 	class coursework.ExampleEvolutionaryAlgorithm
Training Set Training
Fitness 0.01120063340828337