-0.9062043403919113,0.6818516950132842,3.3845419108720316,2.0935311774209957,-3.1955272575767273,-6.56551514742614,-1.8957492437680303,-1.2523376765794734,-5.1609323254681465,-2.6056244151895207,0.4936334216935858,-2.8068078467490576,2.9071678686396787,-1.0194749014857107,-7.0660553414740015,-2.3698293996074,6.21278318736326,-6.270366741578993,-2.5139023438421244,0.14302676747717968,4.856877049106711,-3.133299760245708,-2.029815979926032,3.046303242373382,0.24312751006847333,-0.9166763172136743,6.551171673216258,0.19449906541328432,2.8352949001617365,0.3469682326845416,3.6688055690917585,2.1923873875720314,-3.721756402505732,3.650035510344262,-1.2678418699479728,-0.2035312352463856,4.495839575546085,-3.0693955508411097,-4.880802675913544,-1.8099818457080763,-1.082386044354934,-1.8427364075636843,-6.920835887538345,6.64348310575615,-1.937741180625513,3.368500495038993,0.9304710225275623,0.13878181913068466
numHidden 	5
numGenes 	48
seed 	1585673993050
random 	java.util.Random@76fb509a
popSize 	80
maxEvaluations 	20000
minGene 	-3.0
maxGene 	3.0
tournamentSize 	5
crossoverPoints 	1
mutateRate 	0.4
mutateChange 	0.8
mutateRatio 	0.5
mutateRateSmall 	0.1
mutateRateLarge 	0.8
wepMax 	1.0
wepMin 	0.2
expAccuracy 	6.0
minTravel 	0.0
maxTravel 	2.0
neuralNetworkClass 	class coursework.ExampleEvolutionaryAlgorithm
Training Set Training
Fitness 0.011803551365454992