3.941756694261861,4.473360123260265,4.5205078153914835,1.956611379656625,-2.0977738618881174,2.7366291504491,-2.6250550747873076,7.495481077257241,-2.327001157208408,4.633751061829674,1.787988875335541,6.472856164670405,0.8396817853252985,4.728253744707664,-2.219491569405198,0.06505692171065625,1.9976380647624026,3.1887174122258255,-7.136953247821429,3.8119156780484555,1.112529042370699,0.5343793106052703,-1.8017497995920662,-1.7163157127141682,-1.5798538854166935,2.251584290912173,0.204804871959392,-0.270785964836447,0.2452710363790347,0.7644562234351322,2.0680090626487844,-3.339538215642654,0.8380226485539235,5.224133639615448,0.17759369255111213,0.5694253356518739,-0.8702505119700059,-2.111565002085986,3.2596441958473292,0.8230988755885087,-4.885488106737626,-4.104837142717542,-2.841531387480538,0.6691518148156383,1.108678298154533,-2.7868818422421042,2.414496491583413,-0.1403566726954375
numHidden 	5
numGenes 	48
seed 	1585673993050
random 	java.util.Random@76fb509a
popSize 	80
maxEvaluations 	20000
minGene 	-3.0
maxGene 	3.0
tournamentSize 	5
crossoverPoints 	1
mutateRate 	0.4
mutateChange 	0.8
mutateRatio 	0.5
mutateRateSmall 	0.1
mutateRateLarge 	0.8
wepMax 	1.0
wepMin 	0.2
expAccuracy 	6.0
minTravel 	0.0
maxTravel 	2.0
neuralNetworkClass 	class coursework.ExampleEvolutionaryAlgorithm
Training Set Training
Fitness 0.00841599815395588