-2.013018347386213,-7.1121981813824355,7.653125361620343,1.5389658401037074,-4.369399070209535,-1.4367691142307202,-13.079173566152328,-1.8281615768587742,-2.631720593991695,-2.3505043956344793,-6.383577161951759,0.3840328401727715,1.833506026392426,4.552988683021051,1.7811314659487134,5.407018115868193,-4.269489379395246,0.45349952579362407,6.292150086326811,-1.5452915834923269,1.4578513424335415,1.4953426298492836,-2.7816555938533667,4.135110293068644,2.0739170596707073,-0.28466145816583754,0.713012539822532,2.8147157024881135,-0.35007553293250626,3.3450988144194778,-1.428525716055016,9.09674723603995,3.916735546092422,0.36803402683725817,-3.2986105052358043,-11.053083833888945,-0.10571985305912013,-5.679294809306706,2.476524223129042,5.302275545724359,0.27408904239626275,-5.144196194083312,2.429871569361084,2.239571032565067,-2.4343694265676508,-1.159276187821523,4.546105202176656,0.7816116714713899
numHidden 	5
numGenes 	48
seed 	1585673993050
random 	java.util.Random@76fb509a
popSize 	80
maxEvaluations 	20000
minGene 	-3.0
maxGene 	3.0
tournamentSize 	5
crossoverPoints 	1
mutateRate 	0.4
mutateChange 	0.8
mutateRatio 	0.5
mutateRateSmall 	0.1
mutateRateLarge 	0.8
wepMax 	1.0
wepMin 	0.2
expAccuracy 	6.0
minTravel 	0.0
maxTravel 	2.0
neuralNetworkClass 	class coursework.ExampleEvolutionaryAlgorithm
Training Set Training
Fitness 0.011798242968058993