3.593881308337714,-0.48097020882683583,1.9272117824901183,-3.2047866014881903,-4.911696521113185,7.169748969670325,-6.696720874683626,4.187837638474986,-7.847048596116916,6.991100109933737,-1.2504339248665315,0.029196543648049245,1.5661678396537018,0.2268486849455521,-12.655816642985144,-0.5383529743054842,-7.170890302726742,3.1775941084522796,-12.081407010303792,-0.4174583768107325,0.1751087453555259,0.8753984080196172,6.123460324727264,-1.031557259573355,-0.9319993528090936,3.59277364344307,-6.192635180664691,-5.739171122459429,-0.13472350021945878,0.6379250707906751,0.24436063888024795,-0.27660606210628447,1.3823649096575341,4.32145425403922,5.218356913310447,-2.0910645842757214,-1.3885794111435579,-0.4580275113031751,4.544664150094096,0.7974234374831902,1.150112488646037,-17.773462771424985,-6.4331492357637545,9.904858866332741,0.2678073670414428,3.447119851105335,-1.3181381474075247,-5.180315303712152
numHidden 	5
numGenes 	48
minGene 	-3.0
maxGene 	3.0
tournamentSize 	5
crossoverPoints 	10
popSize 	50
maxEvaluations 	20000
mutateRate 	0.5
mutateChange 	0.9
seed 	1583871568850
random 	java.util.Random@1f3b1465
neuralNetworkClass 	class coursework.ExampleEvolutionaryAlgorithm
Training Set Training
Fitness 0.006052040627981235