4.30309369452765,2.6457489651261117,-3.3881564719184407,2.0899877849058432,-3.366621184886728,-2.6878185821618317,-1.03388604122258,-4.820228571632837,1.412653783504794,3.1727792041782967,7.107678696303083,2.4981448939091413,-1.188952755377771,-3.6791448028273575,1.7600895665524572,-2.9478871670791182,0.8471287110143697,-8.913926677550666,-5.889213592705893,1.8262030307283101,0.08313889679438069,-0.07133322326553948,-0.31634370479267826,-5.551981769254083,0.3829325093722846,0.02377955237740581,-0.0783556442514437,0.13385321816085582,-1.2679168367153615,7.424067239870993,2.4556418841916265,-5.763460744926089,-1.2573513471555957,3.4044864535494357,0.4377949587804011,0.4697159310869905,-0.4743600689692822,2.3139281236131826,-5.8014221374663295,-5.031790060876031,0.6672448730375891,-0.17815911496196346,-8.222178310365832,2.1032172343190423,-0.4592649744168491,2.8448107643744045,-1.3798307978331703,0.4949178568009853
numHidden 	5
numGenes 	48
seed 	1585744488265
random 	java.util.Random@76fb509a
popSize 	80
maxEvaluations 	20000
minGene 	-3.0
maxGene 	3.0
tournamentSize 	5
crossoverPoints 	1
mutateRate 	0.3
mutateChange 	1.0
mutateRatio 	0.5
mutateRateSmall 	0.1
mutateRateLarge 	0.8
wepMax 	1.0
wepMin 	0.2
expAccuracy 	6.0
minTravel 	0.0
maxTravel 	2.0
neuralNetworkClass 	class coursework.ExampleEvolutionaryAlgorithm
Training Set Training
Fitness 0.004866664695017519