-5.617038030048536,-1.516348722352432,5.168866694537642,-0.07187583745966597,-3.456182890674171,2.9802209236159616,7.15242401927115,5.097612880594944,2.1910322831694797,-2.762928996913848,0.6840476332311205,-4.9224608867570465,6.538925441127271,-0.9629135023827908,5.355965654944249,0.4119725898561226,-1.2756619537115554,7.882393104056763,9.791693613796745,4.685842272813262,-4.910315127677132,-3.6481218308242553,1.5625865934447933,2.2616707850286124,-3.2944187604226816,9.609281162305544,0.22530538128888722,-0.052558986896776405,0.11733213287955646,5.149962369769129,1.9007148368570626,3.650582921988012,-1.0705084860249894,-5.09695657997833,1.8897628381785667,10.42057449284681,5.347987692017124,-2.7959160985071385,1.2494438637540002,0.9273440950182401,5.883711836124691,4.297122446942705,-2.86345296868682,-3.796329556682549,0.10937329676773899,0.14376911483357446,-1.8352969780511774,-2.700141441653529
numHidden 	5
numGenes 	48
seed 	1585744488265
random 	java.util.Random@76fb509a
popSize 	80
maxEvaluations 	20000
minGene 	-3.0
maxGene 	3.0
tournamentSize 	5
crossoverPoints 	1
mutateRate 	0.3
mutateChange 	1.0
mutateRatio 	0.5
mutateRateSmall 	0.1
mutateRateLarge 	0.8
wepMax 	1.0
wepMin 	0.2
expAccuracy 	6.0
minTravel 	0.0
maxTravel 	2.0
neuralNetworkClass 	class coursework.ExampleEvolutionaryAlgorithm
Training Set Training
Fitness 0.008646930643200516