-1.0209142169667293,-3.110342523588809,1.4927461766317824,1.3337975616811293,9.839583978344564,-5.033298265698942,-1.4196339018117974,-0.27765773281930173,4.290297359186145,5.8143390386729354,1.7433922331426923,3.372531642972749,-3.681595486806736,0.09206873227129986,7.825868930280311,-7.28858126080626,-5.527440073962739,-12.734816537860219,-3.2602520990169417,-7.825252348251723,0.25916918209495865,-7.799406973179215,-0.9492942891455316,6.790270065738711,-2.0079639473937423,0.16894793132401187,-4.611788029013635,-0.5521771876074333,-2.470212997534393,-0.18232706275788502,5.706230411578523,-6.792911641020686,-7.042340680236345,1.1208218065741669,-2.094091293801838,0.4768422376987491,-1.8037095558922092,-4.508522492355816,-4.845099391543432,-1.4359124405084032,3.2601330253033005,3.58252462580716,8.07199959459885,-4.17403499527167,0.031146982837758408,-1.7304742214835658,-2.2894048482779183,1.7286746557191544
numHidden 	5
numGenes 	48
seed 	1585744488265
random 	java.util.Random@76fb509a
popSize 	80
maxEvaluations 	20000
minGene 	-3.0
maxGene 	3.0
tournamentSize 	5
crossoverPoints 	1
mutateRate 	0.3
mutateChange 	1.0
mutateRatio 	0.5
mutateRateSmall 	0.1
mutateRateLarge 	0.8
wepMax 	1.0
wepMin 	0.2
expAccuracy 	6.0
minTravel 	0.0
maxTravel 	2.0
neuralNetworkClass 	class coursework.ExampleEvolutionaryAlgorithm
Training Set Training
Fitness 0.005394337409135401