-4.788106275129124,-2.0108560728640206,1.4518623746794619,0.8819077882946029,-0.10174409560015807,0.9795008842177886,0.15212917081296595,6.247242532335968,0.7057667539400363,-2.852643760701163,-3.288132270050119,-5.13666651303558,0.4164083279538149,9.789356595079779,0.6337732398258096,2.554407604535676,-1.2415231914777634,-6.7554868416747595,4.98073767146774,-5.397491406378117,0.29727220941835153,-0.10361063820642435,-6.967550798414932,1.3594979099502549,-1.8717976954302769,0.24262614010283912,-0.12304261176025433,-2.835000159565605,4.92465444101582,0.5715791962466881,-2.58209521759601,2.8869035243620047,4.190907981107037,-9.070693929178077,0.027238746974890482,-3.477300989847679,-0.17902243062977874,-0.9309813837416963,2.9587927856534746,-1.4806921849907377,-1.864943046791855,-0.05446189361383258,0.19723772864238498,-2.6473910204832407,-6.870681223096385,0.4923161023995464,-1.6136028545126533,3.950182384644836
numHidden 	5
numGenes 	48
seed 	1585744488265
random 	java.util.Random@76fb509a
popSize 	80
maxEvaluations 	20000
minGene 	-3.0
maxGene 	3.0
tournamentSize 	5
crossoverPoints 	1
mutateRate 	0.3
mutateChange 	1.0
mutateRatio 	0.5
mutateRateSmall 	0.1
mutateRateLarge 	0.8
wepMax 	1.0
wepMin 	0.2
expAccuracy 	6.0
minTravel 	0.0
maxTravel 	2.0
neuralNetworkClass 	class coursework.ExampleEvolutionaryAlgorithm
Training Set Training
Fitness 0.012153713522102151