-2.3655194124113574,-0.30520568607876175,-2.6819466578100153,5.5620262054363625,3.601265457328914,-5.796309078771778,4.387676434725744,1.342924167856566,-0.42024390350657725,3.7591821343986265,-1.9402620162787265,-1.1647890794408364,1.3017516482153164,8.455200320895822,4.457428887504012,-9.391174667887768,0.30909529261997193,-6.128626879301244,1.7831389343933441,4.2657011999906285,-1.4088675905813988,-3.671541353983474,-1.7166427366867598,1.9582257412673805,2.969145857467989,1.2429952323025564,2.443803975325735,0.046458370681414785,-0.021168588067763228,8.78211303418324,4.117607226849844,4.893818285978796,-10.99466354767993,-1.866175723941268,-5.955738020383732,2.937811274641316,-3.6060579556818144,-3.2827591941789294,-0.1477501191145647,8.5083947988559,-8.438488131024489,-1.109652219889615,-2.034793531470952,3.039528445517183,3.9187024689970222,-1.7126203581524098,-1.2132850070299188,1.797011900762759
numHidden 	5
numGenes 	48
seed 	1585744488265
random 	java.util.Random@76fb509a
popSize 	80
maxEvaluations 	20000
minGene 	-3.0
maxGene 	3.0
tournamentSize 	5
crossoverPoints 	1
mutateRate 	0.3
mutateChange 	1.0
mutateRatio 	0.5
mutateRateSmall 	0.1
mutateRateLarge 	0.8
wepMax 	1.0
wepMin 	0.2
expAccuracy 	6.0
minTravel 	0.0
maxTravel 	2.0
neuralNetworkClass 	class coursework.ExampleEvolutionaryAlgorithm
Training Set Training
Fitness 0.007124905397696443