0.08264650101379978,-1.9391185150505326,6.934335464315759,1.9080997292205222,-1.3269334426858599,-0.4518628402957674,7.930969599941155,3.110340089176236,7.1150683940590875,-5.1060044123961,-4.732479941278971,-2.046804230667348,10.61185704716916,8.907165631280261,2.5321248281344424,-3.5076712809395936,5.459125748246803,1.817950010466939,-7.143342460914034,-4.497440070974257,0.8788180700643675,-0.3390318254202853,1.7137472600969739,-6.051314967246398,0.09428086494679988,1.9897701144324293,-0.29214356722833656,-0.12743576183548377,1.5742136917043137,-5.617175097804724,-8.330947456810199,-2.7252668748658317,-2.46429994602324,3.14728853990942,6.319608319611048,8.730755391016743,7.650522380337812,-6.22720698037962,-0.2534834211011079,0.7681873561517261,-9.221326367492242,1.8649312893085233,-3.478859410618163,-4.888243524388304,-2.5036616929270483,4.340848665255598,0.7918046899752724,-0.6991535727574587
numHidden 	5
numGenes 	48
seed 	1585744488265
random 	java.util.Random@76fb509a
popSize 	80
maxEvaluations 	20000
minGene 	-3.0
maxGene 	3.0
tournamentSize 	5
crossoverPoints 	1
mutateRate 	0.3
mutateChange 	1.0
mutateRatio 	0.5
mutateRateSmall 	0.1
mutateRateLarge 	0.8
wepMax 	1.0
wepMin 	0.2
expAccuracy 	6.0
minTravel 	0.0
maxTravel 	2.0
neuralNetworkClass 	class coursework.ExampleEvolutionaryAlgorithm
Training Set Training
Fitness 0.007115032959127202