-7.849885908975708,-0.5071193438210733,-10.069340259010378,-2.2363623597861633,-6.502047099333099,-2.697070689207246,-4.844864462049982,-5.847391899058277,11.390198120105165,-0.8974719352422262,3.254703665493289,-1.7728854436350008,-1.6653608640096023,2.298205514790437,-6.73771100293719,2.2115470976270855,-1.4864003092557003,2.829953000810576,6.150365804795731,4.1738672190218296,-4.186223260540682,2.453804672151045,-4.145407310908215,-0.3576322143368085,5.548532271833977,-7.614572870742541,-5.205534011900145,2.4276378662086513,-0.3633897755658193,-2.192479279994732,5.986969242721317,-7.469660860931977,4.987380940094276,2.5957595984126467,4.181468466923622,-6.762561818491233,-6.217605826957648,3.2869055478071365,2.5080938189686908,7.686846494351283,-4.134058078197538,6.550261824910287,-6.473396662416114,5.711980951706356,3.1239598176496246,6.586233244409473,-4.9849802857743075,0.18591084161017424
numHidden 	5
numGenes 	48
seed 	1585744488265
random 	java.util.Random@76fb509a
popSize 	80
maxEvaluations 	20000
minGene 	-3.0
maxGene 	3.0
tournamentSize 	5
crossoverPoints 	1
mutateRate 	0.3
mutateChange 	1.0
mutateRatio 	0.5
mutateRateSmall 	0.1
mutateRateLarge 	0.8
wepMax 	1.0
wepMin 	0.2
expAccuracy 	6.0
minTravel 	0.0
maxTravel 	2.0
neuralNetworkClass 	class coursework.ExampleEvolutionaryAlgorithm
Training Set Training
Fitness 0.008993144584986198