5.9778630499371515,1.2942858557432269,4.912140699922026,1.496256916878842,-4.699522066688168,-6.327404340011224,1.7789173799020217,2.090086196590617,-0.44149736922814053,-5.8157392639324055,3.87360945845879,-2.7723544333414827,1.5028994070290853,3.345043446728053,-4.547309318785531,-2.8138199800301873,-8.789128184176526,-2.0744988846334604,-6.204728118613826,1.8910008357616173,1.6582281168050805,-3.169377274751664,-0.42965513709869274,-3.3546222870497626,2.8276474282887225,-0.28740209026651,0.3702845643064272,-2.9082244497043925,-0.012743025049903878,-0.1986470307901591,7.917305604250345,-1.3253332532560682,-5.787882948011408,-3.3963992478387883,-1.3489080025116147,0.5082120536936183,-2.3086299723777337,1.080859515958859,5.775668986330582,1.9140811539090645,-2.354443693244992,-3.078672102564898,-2.689283195696392,6.141052931287488,-4.502104098342123,1.0338261756025435,0.5716092785220317,2.095214856938457
numHidden 	5
numGenes 	48
seed 	1585744488265
random 	java.util.Random@76fb509a
popSize 	80
maxEvaluations 	20000
minGene 	-3.0
maxGene 	3.0
tournamentSize 	5
crossoverPoints 	1
mutateRate 	0.3
mutateChange 	1.0
mutateRatio 	0.5
mutateRateSmall 	0.1
mutateRateLarge 	0.8
wepMax 	1.0
wepMin 	0.2
expAccuracy 	6.0
minTravel 	0.0
maxTravel 	2.0
neuralNetworkClass 	class coursework.ExampleEvolutionaryAlgorithm
Training Set Training
Fitness 0.007548130916537639