-0.9263548122187446,-1.41765273244219,-6.40198746878186,-0.6578994918796814,-5.692172001197801,0.7636271255601317,-5.972896836103518,-0.7601091856265363,6.941936821026715,1.8774181658954108,1.2828177943694392,2.7729806086705953,-13.273284942128237,-1.6433124345272612,-3.439353967565724,-5.227093619847342,2.546586787056084,1.2008310852560218,12.911401898990777,1.5962070250052074,0.04625071605203246,-3.529629652756249,-0.7100336042772302,1.3267833219331653,-2.7243624356307974,-0.44006634987293003,3.758670388514888,0.25153142711750665,0.06910215836606515,-1.4991078828259865,-0.6594649076053845,-1.9874768376141883,-6.919811501593493,0.2289502340897389,-1.8132880707058066,-5.507455216575864,-6.621316722751533,4.983378048387124,0.8138948640949388,-1.5973296458025121,0.5200295759921962,12.750558979470147,-2.536406073320588,5.547573543078428,1.7533940456329962,-1.3331152772348425,4.969206159922083,0.41176074671855645
numHidden 	5
numGenes 	48
seed 	1585744488265
random 	java.util.Random@76fb509a
popSize 	80
maxEvaluations 	20000
minGene 	-3.0
maxGene 	3.0
tournamentSize 	5
crossoverPoints 	1
mutateRate 	0.3
mutateChange 	1.0
mutateRatio 	0.5
mutateRateSmall 	0.1
mutateRateLarge 	0.8
wepMax 	1.0
wepMin 	0.2
expAccuracy 	6.0
minTravel 	0.0
maxTravel 	2.0
neuralNetworkClass 	class coursework.ExampleEvolutionaryAlgorithm
Training Set Training
Fitness 0.007355804551138376