-2.391682405662886,-4.844400235315491,-1.9510445718943412,-3.2214769196813577,5.294636044131924,0.030422743385180695,6.460251015315155,-5.264852688791086,-2.6094672898768216,0.40697784386941827,-0.2931530779355205,-4.2493444075922415,-6.535925862509366,-6.1330959953010815,-0.5076261959999702,-5.732691585794639,6.016225063781114,-1.9036914803823173,-6.02629892383069,-5.783365033267526,0.07006480356735967,0.1466465416398952,2.4475483666045115,-1.2787122851393096,-7.781427749118244,3.056144937984484,-0.1630070356436042,0.5637993332009232,0.2604671152783937,-2.232503189801662,-3.724249002153969,-0.8490308846820085,1.4792911834539337,-3.8298652937309736,0.978572990567721,8.897186365279678,-0.28169102400710067,3.6776618394821368,-4.2810324564335325,-8.017338579051248,3.6913982517817026,-3.6236591695827842,-2.822776946172797,1.456855075593932,-3.7542487868411114,2.7494622774013635,-0.9912352277046743,-2.965300498918466
numHidden 	5
numGenes 	48
seed 	1585744488265
random 	java.util.Random@76fb509a
popSize 	80
maxEvaluations 	20000
minGene 	-3.0
maxGene 	3.0
tournamentSize 	5
crossoverPoints 	1
mutateRate 	0.3
mutateChange 	1.0
mutateRatio 	0.5
mutateRateSmall 	0.1
mutateRateLarge 	0.8
wepMax 	1.0
wepMin 	0.2
expAccuracy 	6.0
minTravel 	0.0
maxTravel 	2.0
neuralNetworkClass 	class coursework.ExampleEvolutionaryAlgorithm
Training Set Training
Fitness 0.008558254515923203