6.736549552498094,4.446639569255887,2.555953875154275,-3.6922152227376874,-0.037598476289980365,3.597983224421735,2.396751305509653,3.342589188651957,8.564085788910866,-9.583685370272542,10.990248105819678,1.8441435830501165,12.50508900361444,2.357896249809198,-4.002911280055065,1.4294955597825547,-1.6599187018649948,-2.5775817734513202,15.046876321479552,-4.218181664821838,2.1459095114394864,4.064740588743179,0.4584192833501408,1.2318081785361672,3.671500215124779,-0.7883583558738478,7.39697298176697,1.1336316584063888,-0.23867452336663053,-0.6780637553901876,8.215732017430637,-6.534219703937723,2.358863224157771,0.1341921186868129,-2.9559405556735823,4.786802084415822,1.4554708204054938,-5.4603715116980975,-5.412324925904837,4.462986690910703,3.548781561475281,7.279040401876001,-5.5840314436609155,1.5641498847855662,-2.2080918745662244,0.4174340442335258,0.35654884976384826,0.012379295307798799
numHidden 	5
numGenes 	48
minGene 	-3.0
maxGene 	3.0
tournamentSize 	5
crossoverPoints 	2
popSize 	50
maxEvaluations 	20000
mutateRate 	0.3
mutateChange 	1.4
seed 	1584109799822
random 	java.util.Random@76fb509a
wepMax 	1.0
wepMin 	0.2
expAccuracy 	12.0
minTravel 	0.0
maxTravel 	2.0
neuralNetworkClass 	class coursework.ExampleEvolutionaryAlgorithm
Training Set Training
Fitness 0.007657645373636732