3.815119846620554,-5.689706231541898,-3.07854459406484,-5.549463579740632,9.932700658137371,2.1518325844566975,0.7953622485150293,-10.083640081104672,2.0181318253451,1.3493203487483365,-2.579163183847091,-0.2635531659646695,-1.2830662728404003,-6.34002405097865,14.249478480450108,-9.468983832151833,1.0963047071224947,-13.748086212303535,0.6432189745805603,12.16633698155851,7.476192454908167,11.611925328388782,-1.0938253395165054,1.6755268178258036,2.064201070636579,3.4014276780978316,5.588216737253084,0.5150542920575836,-0.8697697187491609,-0.435516837530433,-3.192360540007162,1.839467050952742,-12.799684821460534,-1.5038661466729804,0.12560852767312847,11.01229865692077,1.7635359501412315,4.589422392271346,-14.413745505149096,-5.8163909421459845,7.344178654115998,2.46532309477675,4.744075404802519,-11.557647750505181,-0.5156972315138022,-1.151150130459,-2.2781158813766926,6.930389019105199
numHidden 	5
numGenes 	48
minGene 	-3.0
maxGene 	3.0
tournamentSize 	5
crossoverPoints 	2
popSize 	50
maxEvaluations 	20000
mutateRate 	0.3
mutateChange 	1.4
seed 	1584109799822
random 	java.util.Random@76fb509a
wepMax 	1.0
wepMin 	0.2
expAccuracy 	12.0
minTravel 	0.0
maxTravel 	2.0
neuralNetworkClass 	class coursework.ExampleEvolutionaryAlgorithm
Training Set Training
Fitness 0.006215818591465292