-4.547450062158548,-6.4147474663136155,-5.697134136079878,-0.1067257207376362,-4.57337971522618,5.6408793348192585,-7.493226204564403,-3.669111730848637,10.348539449863326,10.791091576792384,0.7910614392975162,-9.384773690403861,-11.982510492646947,10.00008322954913,-13.68075832849786,6.45052191426835,-20.20634671609433,3.1416581764363003,-0.8803421448639122,-1.3183194338567277,-10.224849500537562,-0.01105609827246079,3.4924557727548993,-4.721215627119015,-5.437002187950955,9.045478239238573,1.289931043575871,-0.8890341731317473,6.023500729149797,0.21611813431099147,1.03965703584264,1.6199482202504232,5.924641159322478,-4.202592750467604,5.435071636668438,-10.856438344213833,-0.3610027810849279,8.229263406673727,-0.1240356329747958,3.202052333776377,-0.7231615745796351,5.817146358282843,-15.95662013877936,1.2327821840000084,7.76051956207459,5.419319208787655,-1.407773708532197,-6.198214845132817
numHidden 	5
numGenes 	48
minGene 	-3.0
maxGene 	3.0
tournamentSize 	5
crossoverPoints 	2
popSize 	50
maxEvaluations 	20000
mutateRate 	0.3
mutateChange 	1.6
seed 	1584111063210
random 	java.util.Random@76fb509a
wepMax 	1.0
wepMin 	0.2
expAccuracy 	12.0
minTravel 	0.0
maxTravel 	2.0
neuralNetworkClass 	class coursework.ExampleEvolutionaryAlgorithm
Training Set Training
Fitness 0.007951927827115767