12.804455459200023,-11.469742876837591,20.792557359861192,-1.094523399417916,-15.939338202652971,-20.75519120364094,-0.01153989451935751,-8.178582168426523,-25.926965607406885,-20.390522586676262,16.813788680821013,12.435432723024023,0.7338950424979765,17.873555933442084,-6.47615285250219,-31.479753345556567,-2.0231080951414238,-8.692171801718708,9.292619848415455,-19.405814797948228,-2.5710453440773495,-4.149839822508175,-0.896766445253725,27.448687270306095,-0.31573142072565413,0.9765802111272918,11.16306930641195,-0.38755782602905875,2.0140718340219816,0.4607699681753853,10.00088733216467,-3.457098533494657,-3.657335484256839,0.7902959268494117,-11.328210859589575,-2.545016654602699,4.809109517265165,-2.48907746297942,-14.964051958289327,11.84273342219322,-4.430569520414165,1.6950423982223213,-3.5097028970862736,5.49350541041213,-17.07054559493437,-14.170303185940705,11.192162395833076,-2.72876291396046
numHidden 	5
numGenes 	48
seed 	1586531489274
random 	java.util.Random@76fb509a
popSize 	20
maxEvaluations 	20000
minGene 	-3.0
maxGene 	3.0
tournamentSize 	5
crossoverPoints 	1
mutateRate 	0.4
mutateChange 	1.0
mutateRatio 	0.5
mutateRateSmall 	0.3
mutateRateLarge 	0.7
wepMax 	1.0
wepMin 	0.0
expAccuracy 	6.0
minTravel 	0.0
maxTravel 	30.0
neuralNetworkClass 	class coursework.MultiVerseOptimisation
Training Set Training
Fitness 0.006067377403895311