6.868094799742696,0.4447632896516453,-0.6761358673942844,-24.71846470656687,-6.584524449164209,-2.5989032498175235,-10.23584180684568,6.77945917111113,10.013355429338686,-4.121347893287017,9.699461190499953,-4.83958953554612,8.643424167049481,-4.68499375919518,0.9381724233765361,-10.02196855926965,-12.255398679285731,-9.191932554817555,-2.990018301702425,2.3889207113230624,-1.8515742908172264,-0.007591442599469984,-13.61710488985312,-3.18312699803117,-0.9937787554136901,0.464093180642979,-0.22025746114387343,-13.248863607964152,0.8707449653185066,-8.16820150381951,2.5273958123048232,-10.427987622088486,-8.301866398584362,2.6999315718848247,-0.8315773678519468,-16.401021021449438,-2.3954491243544025,-0.7571282974736687,-0.4878907763816156,-8.006523305698062,7.627501010967996,2.834343500919148,1.7011570626530457,2.2012436386589207,7.607894529027011,3.8719624413427436,-3.1611909145467973,1.3976501499763325
numHidden 	5
numGenes 	48
seed 	1586531489274
random 	java.util.Random@76fb509a
popSize 	20
maxEvaluations 	20000
minGene 	-3.0
maxGene 	3.0
tournamentSize 	5
crossoverPoints 	1
mutateRate 	0.4
mutateChange 	1.0
mutateRatio 	0.5
mutateRateSmall 	0.3
mutateRateLarge 	0.7
wepMax 	1.0
wepMin 	0.0
expAccuracy 	6.0
minTravel 	0.0
maxTravel 	30.0
neuralNetworkClass 	class coursework.MultiVerseOptimisation
Training Set Training
Fitness 0.007150723786157082