-9.928146473167235,3.2911111881554995,-4.614052407274574,-2.9481002218379206,-9.763495046181223,-0.7687630503478282,5.675721917541368,6.179659491308794,2.1312779679430887,-14.63531802738884,-1.9354932446852138,4.077958819711374,-1.544971095115115,-1.3649862382036602,-2.1487205999336703,9.586260290277613,-0.3479972152059567,-4.6070671453509044,-7.050970417424416,-3.1392019688454593,4.222710006692254,4.221339725284753,1.3806464963717697,-28.619450892519176,2.0886009801178647,-0.9728979048443556,1.3072875582976797,-2.220533589565654,1.092633185693722,0.5849765040200179,-3.3445947961012243,20.374284719113998,-4.845636776591378,1.3085036591014878,4.673330110728311,-6.883300518178244,-0.42423137033992253,-4.422781771947016,-3.6117299264961993,3.0765897009424195,3.9749516205862934,-0.06178360158717264,13.93122017759411,0.9813469279911917,-8.401619524846694,-5.5471613355775125,5.023829355869161,2.3053135411989856
numHidden 	5
numGenes 	48
seed 	1586531489274
random 	java.util.Random@76fb509a
popSize 	20
maxEvaluations 	20000
minGene 	-3.0
maxGene 	3.0
tournamentSize 	5
crossoverPoints 	1
mutateRate 	0.4
mutateChange 	1.0
mutateRatio 	0.5
mutateRateSmall 	0.3
mutateRateLarge 	0.7
wepMax 	1.0
wepMin 	0.0
expAccuracy 	6.0
minTravel 	0.0
maxTravel 	30.0
neuralNetworkClass 	class coursework.MultiVerseOptimisation
Training Set Training
Fitness 0.019066767768110417