3.906611263929611,10.262028872045859,-1.3724986665221455,-0.3001494208782835,8.84435036784913,6.450376501734338,-5.6876413011856854,5.6491300373077635,6.807742927010443,-0.13940012367405757,-3.816856113842811,17.071478444231726,-0.48102959151910796,0.40394271458909303,7.748317642211244,3.7161269396830976,-8.197331678566126,2.1878103328053724,9.78159843786229,3.4353525011810637,-7.87724149825156,-8.264908197498047,-0.8458153557231033,-0.08951921434996452,-1.0109721325694923,-5.038708350122096,1.859240043392519,1.4697361834130955,-1.8349319744358241,0.15391170459206518,10.644662199615086,2.7276318408667133,0.6099194377579579,-3.2251278938313996,-7.038480742105244,2.7454244175696876,2.138895276587586,-2.523112159094838,0.32418663101044415,0.02172301182188502,-4.803704931879606,10.242888961528923,-1.3277730597385677,-14.901680284891137,1.026571034272444,22.078418945175976,-4.436435845455561,4.503564858195901
numHidden 	5
numGenes 	48
seed 	1586531489274
random 	java.util.Random@76fb509a
popSize 	20
maxEvaluations 	20000
minGene 	-3.0
maxGene 	3.0
tournamentSize 	5
crossoverPoints 	1
mutateRate 	0.4
mutateChange 	1.0
mutateRatio 	0.5
mutateRateSmall 	0.3
mutateRateLarge 	0.7
wepMax 	1.0
wepMin 	0.0
expAccuracy 	6.0
minTravel 	0.0
maxTravel 	30.0
neuralNetworkClass 	class coursework.MultiVerseOptimisation
Training Set Training
Fitness 0.0949630793415338