-0.5096666669049769,-3.250632915771639,-4.148398640946115,-12.566924014410828,-8.080286224423034,-9.309941378982169,-0.709588558873987,1.8158390003929545,-3.378910950498696,-3.885942509466056,3.020786386018056,-17.35724499021258,2.7633125824737794,0.6276490106966555,-4.7684535295216035,-18.875604870725336,-6.657555145917496,9.433044100017524,-2.4634782445681678,7.588246411567463,-1.531926127781641,-1.5040803753491525,0.7186993931541171,-7.1314454182335805,-8.68046584313339,0.5372262842631172,-0.11611937524113472,6.521316635561892,6.82087012835608,21.774088924341186,-0.7653265896017085,-1.688883972603462,-19.93122239719224,-10.087876268501992,6.1550483095605095,-1.2232058029081845,-0.6592056300829723,-1.4868201437531887,3.353503301878103,-1.6947585422875986,6.224905827662303,-3.2233643381070425,-3.50669622309187,-5.305486155447482,-2.3583180857545134,0.9756693837965601,1.7372735865717668,6.695285890643071
numHidden 	5
numGenes 	48
seed 	1586531489274
random 	java.util.Random@76fb509a
popSize 	20
maxEvaluations 	20000
minGene 	-3.0
maxGene 	3.0
tournamentSize 	5
crossoverPoints 	1
mutateRate 	0.4
mutateChange 	1.0
mutateRatio 	0.5
mutateRateSmall 	0.3
mutateRateLarge 	0.7
wepMax 	1.0
wepMin 	0.0
expAccuracy 	6.0
minTravel 	0.0
maxTravel 	30.0
neuralNetworkClass 	class coursework.MultiVerseOptimisation
Training Set Training
Fitness 0.0057058636701370815