5.553528975304616,-13.243669904302655,-0.6727543116686897,-7.139140904187062,3.5393423108568136,3.900092178406754,8.609229605390272,18.203371749643722,-1.4807290853165447,8.367832354922118,-12.926042284650332,5.419225504893733,7.734530189931297,-7.108901907446398,8.378774334015544,5.438406561185215,3.411980241288281,6.297162500228373,5.0954508674956935,3.0112637832996128,-4.524573745531212,-4.717592215694404,-0.5509781071227655,1.3374731589848612,9.224635547098725,-2.3837812690845785,5.396246527013682,-0.1973129853881818,0.2513214223142161,6.787221960216194,-1.675789113982646,11.541634398774567,-4.209124758182997,5.851399039727664,-2.327099789845698,-5.9483662632338055,-6.994566741572381,4.013734048232251,12.414433923463323,-15.380065990427894,11.384730257456196,-4.202596684233822,2.039492148738618,15.429849135204886,0.16007800950164686,-4.518794876492928,-8.596073353175163,1.749520842017645
numHidden 	5
numGenes 	48
seed 	1586531489274
random 	java.util.Random@76fb509a
popSize 	20
maxEvaluations 	20000
minGene 	-3.0
maxGene 	3.0
tournamentSize 	5
crossoverPoints 	1
mutateRate 	0.4
mutateChange 	1.0
mutateRatio 	0.5
mutateRateSmall 	0.3
mutateRateLarge 	0.7
wepMax 	1.0
wepMin 	0.0
expAccuracy 	6.0
minTravel 	0.0
maxTravel 	30.0
neuralNetworkClass 	class coursework.MultiVerseOptimisation
Training Set Training
Fitness 0.008297482085472607