1.476703019748323,3.2383372292793027,-5.008176475625486,14.50670322754457,8.928654807869236,6.552183190507569,3.8180453913383103,1.3204660085461934,1.2111444543830436,5.123417926048476,-4.34401817895184,10.625814882833714,-0.5885390988254261,5.239044443472832,-2.706816670092985,5.207151632650734,0.5667054644756668,3.977904091656172,-9.42884248767698,-0.7635766477246335,1.4805213110061752,-1.7556322394808868,1.3871465544400747,-0.488978756412821,16.014778968301474,-0.4315385666817007,0.17117944578803856,-1.0189236973099094,13.156001275619301,4.516607095403396,-3.1596356945760897,0.5311857680299844,3.1392735291553304,17.804995329021992,-0.5449102300024884,2.031731050822896,0.8624884497569555,2.9326593540615926,6.608128219497173,3.096380266773704,-1.070081875815489,-0.17493004419242408,-0.6781196091732529,2.089315991093547,2.163058432341162,-7.589584240494667,0.7892628709180686,2.7068775073519475
numHidden 	5
numGenes 	48
seed 	1586531489274
random 	java.util.Random@76fb509a
popSize 	20
maxEvaluations 	20000
minGene 	-3.0
maxGene 	3.0
tournamentSize 	5
crossoverPoints 	1
mutateRate 	0.4
mutateChange 	1.0
mutateRatio 	0.5
mutateRateSmall 	0.3
mutateRateLarge 	0.7
wepMax 	1.0
wepMin 	0.0
expAccuracy 	6.0
minTravel 	0.0
maxTravel 	30.0
neuralNetworkClass 	class coursework.MultiVerseOptimisation
Training Set Training
Fitness 0.010545185067046253