-3.4744841922928975,15.745804624388573,3.2829776113910074,20.131665707134676,-0.6376509512493893,6.770606028356638,0.9532685480476656,17.954857911336553,-2.281996478497465,5.9101147655800705,-8.872796564056689,-12.145346869222532,0.026312339605623333,8.245199502792754,-4.807798509797866,-1.1985210308857464,28.42319922106779,24.254548424725147,4.473209373305969,8.121109345893663,-0.6045235713923287,-5.544643737615085,1.5184064745114605,-3.9709180216799176,7.646094473984686,0.14485415266199156,-6.967271102600418,-0.30728854427244,-3.307070441347482,2.0546911136433863,-13.548211776814721,21.58555108203832,-5.484448946230244,-4.30200241666033,-7.945017212031031,-3.2052069190057253,-1.0970160543824674,3.94255955370465,23.969342562602165,10.691702560694493,1.6504611989682505,0.0989701023483992,-1.1058773432694444,-11.634097631296214,-0.08406603512449136,-3.438922376868689,-0.059545189090351676,-4.147995522562453
numHidden 	5
numGenes 	48
seed 	1586531489274
random 	java.util.Random@76fb509a
popSize 	20
maxEvaluations 	20000
minGene 	-3.0
maxGene 	3.0
tournamentSize 	5
crossoverPoints 	1
mutateRate 	0.4
mutateChange 	1.0
mutateRatio 	0.5
mutateRateSmall 	0.3
mutateRateLarge 	0.7
wepMax 	1.0
wepMin 	0.0
expAccuracy 	6.0
minTravel 	0.0
maxTravel 	30.0
neuralNetworkClass 	class coursework.MultiVerseOptimisation
Training Set Training
Fitness 0.005984014118635755