-13.630290432901697,-3.3045521093093435,5.259727174069128,-17.175255478521418,4.4353258129166235,12.345158365998472,-8.566309492608436,-2.2624542997535766,22.638644068168787,-0.9226461273695568,-2.197599632128168,-4.022457481064583,13.808024611319553,-12.478175541723573,-7.391466949277405,-2.3647717098160332,-20.263361536092173,-10.247858937943583,1.2794484875466823,-3.297505069933949,-4.346689358822005,-2.5265902074492073,-7.342420245904299,0.027355871252163766,0.2866869557132616,7.757248527974357,0.8179794505915035,0.30243063718464447,-2.1329996968781018,-6.1981526788032895,-10.833922486490767,1.8222518283054865,2.1853477881093526,-3.224336625828711,-4.735492821517468,-9.339760041217321,7.618699675829006,-7.314967748156286,-1.6708765223727573,-19.363607145653255,-0.00962627517555123,11.67808902612761,4.848607051827331,-5.3633629165194,-3.5693057846391145,1.466501334503204,-5.724155100143069,7.283324567198465
numHidden 	5
numGenes 	48
seed 	1586531489274
random 	java.util.Random@76fb509a
popSize 	20
maxEvaluations 	20000
minGene 	-3.0
maxGene 	3.0
tournamentSize 	5
crossoverPoints 	1
mutateRate 	0.4
mutateChange 	1.0
mutateRatio 	0.5
mutateRateSmall 	0.3
mutateRateLarge 	0.7
wepMax 	1.0
wepMin 	0.0
expAccuracy 	6.0
minTravel 	0.0
maxTravel 	30.0
neuralNetworkClass 	class coursework.MultiVerseOptimisation
Training Set Training
Fitness 0.012072896128521316