23.25425451584697,8.660391708488955,7.91112394480159,-0.8442370650356725,-6.228355039583646,-22.917103904257274,-2.759019338635706,8.002360820652576,-6.50326080792861,16.189123801617185,-2.1708967719953,-2.9159214253939925,6.935666581298381,1.6481624541546234,-10.054358129254572,0.38271557781806875,-6.879439226515514,2.2225478646469403,-8.577263819417794,3.3104332625786936,1.575483518635148,9.483658638513642,-2.054721653544662,2.0281000944129044,-6.271598336926859,0.8754328115213114,-21.698059453348822,2.0800832930058712,-0.056103709169315404,-4.471781456673943,-4.2980095100228715,-16.573298680952952,5.42173909024882,-1.5521320909055865,-2.8110212175768954,1.915164932985377,6.6503257986711,0.7739023456535019,2.9249029242649422,1.351565359376276,3.4185688702062085,-9.226712500693449,-5.141009256498516,1.4947533683697467,-1.7800517252038268,-7.836699463438596,-11.890551273673191,-0.09460534434419307
numHidden 	5
numGenes 	48
seed 	1586531489274
random 	java.util.Random@76fb509a
popSize 	20
maxEvaluations 	20000
minGene 	-3.0
maxGene 	3.0
tournamentSize 	5
crossoverPoints 	1
mutateRate 	0.4
mutateChange 	1.0
mutateRatio 	0.5
mutateRateSmall 	0.3
mutateRateLarge 	0.7
wepMax 	1.0
wepMin 	0.0
expAccuracy 	6.0
minTravel 	0.0
maxTravel 	30.0
neuralNetworkClass 	class coursework.MultiVerseOptimisation
Training Set Training
Fitness 0.05462411672555628