-7.178763527819154,4.993151448312977,5.6379386776739615,-1.4259024398129474,19.553305937055107,1.0345760813259737,-3.5866626055821516,12.603133764175247,2.6761393088203795,9.981725389923806,12.18626618520605,10.446434172240691,-3.182209417813326,-5.209634089563169,8.748944415881411,6.606063159983973,2.0596331758468556,7.328029469105088,-3.911530561250402,10.213006920788347,0.719642908882369,0.14884683975589455,-2.4062325741071446,-2.234580854280632,2.0904931616141793,-12.82583474732545,-1.103778419469253,-2.08024692560395,0.4737464290713023,-0.23837305889168342,-1.8850162833722897,0.5122102523382959,-3.143786887267718,2.7650244868153564,-0.5292488199028932,-5.429393626367858,-1.1585935328208044,4.955454100491783,9.859256699706998,-6.43708019094211,11.518036546803836,-2.53836043625532,0.8654690465908154,-9.770174445728243,2.291360994427792,1.860567654385544,0.2191074040098867,2.347278967544624
numHidden 	5
numGenes 	48
seed 	1586531489274
random 	java.util.Random@76fb509a
popSize 	20
maxEvaluations 	20000
minGene 	-3.0
maxGene 	3.0
tournamentSize 	5
crossoverPoints 	1
mutateRate 	0.4
mutateChange 	1.0
mutateRatio 	0.5
mutateRateSmall 	0.3
mutateRateLarge 	0.7
wepMax 	1.0
wepMin 	0.0
expAccuracy 	6.0
minTravel 	0.0
maxTravel 	30.0
neuralNetworkClass 	class coursework.MultiVerseOptimisation
Training Set Training
Fitness 0.008517269339067905