-3.6640811797814905,12.136538820454213,-6.642943816413691,-13.0534989472682,-2.6930839369412927,4.1019090053523835,4.882288855566345,15.348548667049332,-4.9197991393532075,8.929514853774634,-1.5285689021630844,11.791751898557594,-7.994992603122439,-0.3817304749999511,6.914765347054237,-4.465516376543266,10.723728267982557,11.295020522579756,1.2126129728377568,8.13108475707197,26.38668057926348,3.699065850706249,-0.5371154337869649,-19.202890625271333,-10.287598839182001,-4.910668826272453,-0.16051337706146546,-0.30691247788814846,-4.529583552902314,-6.26420272786081,2.541674346069486,7.448416847285343,-0.4166155881668777,-7.080032432622391,-22.040805284300944,5.714240527433225,-21.160023123812262,-6.940179707616771,7.5251267361480485,2.200484651424121,-4.774134231233866,-8.5026031805604,-2.3420056230491317,-4.9695275019278125,11.241563906968008,-0.7049329410816086,-9.936793533562343,0.8839905761894793
numHidden 	5
numGenes 	48
seed 	1586531489274
random 	java.util.Random@76fb509a
popSize 	20
maxEvaluations 	20000
minGene 	-3.0
maxGene 	3.0
tournamentSize 	5
crossoverPoints 	1
mutateRate 	0.4
mutateChange 	1.0
mutateRatio 	0.5
mutateRateSmall 	0.3
mutateRateLarge 	0.7
wepMax 	1.0
wepMin 	0.0
expAccuracy 	6.0
minTravel 	0.0
maxTravel 	30.0
neuralNetworkClass 	class coursework.MultiVerseOptimisation
Training Set Training
Fitness 0.010959290648481241