14.269882600066452,4.297025690466851,-2.7257323482463622,-1.6020844239185015,2.1200887963618062,-4.4982047504238185,-14.62313703518076,3.9250047619573816,-20.248382861064034,2.4610597851474902,8.497806437476966,3.7033048968555455,6.629543114705138,-13.412868130061751,27.196997702524563,-9.408777955963675,12.921900245928722,3.19965108351741,-20.591286605055043,4.5063544937361675,-1.9042550083455314,6.336164217010235,-5.445203315388444,0.4187424341931421,15.072637532903828,0.26268422879241377,-8.00823748213386,-7.420124081321629,0.8242764059394253,-12.175664005741309,7.0642490818440775,-9.73262824444265,-12.67967664622599,-3.2668641136661702,-5.910653663157895,-15.03617724771229,5.806768185440304,0.9537932509933659,0.5092557008772859,-16.143243651164823,1.283675742697071,-15.534754603556252,-2.1206274076724747,-8.588071968262492,-3.4097128801221492,5.652077370464146,-15.731245096214112,-11.631283071039116
numHidden 	5
numGenes 	48
seed 	1586531489274
random 	java.util.Random@76fb509a
popSize 	20
maxEvaluations 	20000
minGene 	-3.0
maxGene 	3.0
tournamentSize 	5
crossoverPoints 	1
mutateRate 	0.4
mutateChange 	1.0
mutateRatio 	0.5
mutateRateSmall 	0.3
mutateRateLarge 	0.7
wepMax 	1.0
wepMin 	0.0
expAccuracy 	6.0
minTravel 	0.0
maxTravel 	30.0
neuralNetworkClass 	class coursework.MultiVerseOptimisation
Training Set Training
Fitness 0.006000335496819801