10.630423631736713,2.13353206649888,-12.6621193813878,-3.8067997817910664,-3.890226069236908,6.578027791772239,5.740759429280869,-2.366726433550787,-15.918747532782863,10.187403627799595,3.6525336385792,6.781443388664277,-14.780411410077246,-9.336346818349092,4.214139346217732,-0.629632159950305,-1.2622633783027981,12.578322307176975,-17.782979173121426,2.9576628694638227,4.39536681435352,6.464017657200402,2.812099273174474,0.6639577368788596,-4.1213120471142455,3.30690911119303,3.786158879323204,-0.12653706170064227,0.8967190111525858,6.228162202140692,-0.5819966829037662,-10.199881214536449,1.723654920051435,6.98427362994074,-1.2206166576593296,-0.5076040449508699,-4.949674764789855,7.005105501658506,5.824945000464252,-8.785682504518421,9.14503385124776,-10.082532696271107,-6.488346355133945,3.4829510125686394,4.020642326357278,5.447913787920627,0.9437529476204161,0.11237290133236089
numHidden 	5
numGenes 	48
minGene 	-3.0
maxGene 	3.0
tournamentSize 	5
crossoverPoints 	2
popSize 	50
maxEvaluations 	20000
mutateRate 	0.4
mutateChange 	1.2
seed 	1584065840195
random 	java.util.Random@76fb509a
wepMax 	1.0
wepMin 	0.2
expAccuracy 	12.0
minTravel 	0.0
maxTravel 	2.0
neuralNetworkClass 	class coursework.ExampleEvolutionaryAlgorithm
Training Set Training
Fitness 0.005823513664508018