0.3150646983033156,9.145467223609772,0.9318845540564207,6.174101619479669,-3.613129786921478,-9.397946722459054,1.0383362344300504,7.0361636962574945,-3.855938067071917,7.020195128789254,1.0674502926268705,-0.17898914101300134,4.703582363384288,7.053908922979745,-9.436883534977435,-21.32518613659207,-6.554425488040507,2.500067630512841,-1.7233606407487703,-3.568735734392037,-2.4002915536739167,-5.917134051681703,-1.0081065598228307,-1.7271090752042235,-4.720515092428485,0.8992003106703932,-2.513099156175776,-0.12414402237690059,2.564359212932657,-0.2116997425688978,1.5075164163786259,-1.9826444097758185,-11.23492906232469,-0.36863175491392886,-2.0688446747726585,-4.7361378934602,0.7806173385864346,-11.82808103190714,11.397447291065848,-0.6287595589147283,-6.134149302307164,0.22490318976512969,-3.152301787931213,-2.0762142687566305,0.17672835400636844,-1.3748401427977484,3.5747104816302615,0.42702952265673755
numHidden 	5
numGenes 	48
minGene 	-3.0
maxGene 	3.0
tournamentSize 	5
crossoverPoints 	2
popSize 	50
maxEvaluations 	20000
mutateRate 	0.4
mutateChange 	1.2
seed 	1584065840195
random 	java.util.Random@76fb509a
wepMax 	1.0
wepMin 	0.2
expAccuracy 	12.0
minTravel 	0.0
maxTravel 	2.0
neuralNetworkClass 	class coursework.ExampleEvolutionaryAlgorithm
Training Set Training
Fitness 0.00715724103545922