3.705516793974123,3.9431956557763286,-6.46314799413708,4.058271834223614,3.252820160631388,2.1645763524347394,-1.8970584805131834,6.206973995590729,-4.213686680217286,3.5124117595678728,3.7124712265870636,3.4091269364875583,-0.7970568167852687,3.6401843129236653,3.989167059514359,2.572672351235993,-7.251930086822554,3.871609351868167,-0.21044216618029488,-0.054602859545227034,-4.230425244041253,-1.4606480069382206,-1.9529506044841405,-0.7495848070474329,2.547669083102182,1.3039483981023006,0.14808591623051814,-1.6611817546336098,-4.791140810606489,-0.8563531317443465,1.0317482973758074,-4.156468944626998,4.874589952023523,2.614796477567035,-2.7535628912309456,-7.638660225454348,0.39212420573993434,0.7694041371770712,2.867932459853786,-1.7883832345803086,2.4613163839252623,1.1328802561060982,1.8141758308669598,-3.5488756702026105,4.711175797092918,-1.1304057986919478,0.6760922640900962,2.6426386941310698
numHidden 	5
numGenes 	48
seed 	1585614036890
random 	java.util.Random@76fb509a
popSize 	80
maxEvaluations 	20000
minGene 	-3.0
maxGene 	3.0
tournamentSize 	5
crossoverPoints 	1
mutateRate 	0.5
mutateChange 	0.5
mutateRatio 	0.5
mutateRateSmall 	0.1
mutateRateLarge 	0.8
wepMax 	1.0
wepMin 	0.2
expAccuracy 	6.0
minTravel 	0.0
maxTravel 	2.0
neuralNetworkClass 	class coursework.ExampleEvolutionaryAlgorithm
Training Set Training
Fitness 0.008455299556066262