-6.893428534907839,-1.8231679156177334,2.921734420563843,0.5070036760913164,-0.17542001049443012,2.8388300227058236,3.564563687562048,0.8166773357026269,-1.8365667661089242,1.7441275749782115,-6.168383495996263,2.6300524175446656,-1.301967387286468,2.547516820435095,1.174756013921674,2.5369317066712913,-3.6211211008469526,6.386632516539183,2.7863883579654907,0.8538740891892083,1.215747036178361,2.524697047251899,-0.20038497227956897,2.6987028118773457,-0.03378148141027992,-0.2419398611106276,2.1575046781815193,0.15996488718943258,-1.0508962818120047,0.11637006310835396,-0.45184949847544775,7.698510288745602,0.9037559073948453,4.010911058442413,-2.0762951031075403,-0.3059705444112115,1.7662645694043846,1.2540409589088428,2.0370568553289194,4.451205495278783,-0.8339321938340909,-0.18731391788517948,-2.4921705050220035,-4.031661720413878,4.726151082701948,-1.6334003138467006,2.2055768371039255,-0.7163539182084113
numHidden 	5
numGenes 	48
seed 	1585614036890
random 	java.util.Random@76fb509a
popSize 	80
maxEvaluations 	20000
minGene 	-3.0
maxGene 	3.0
tournamentSize 	5
crossoverPoints 	1
mutateRate 	0.5
mutateChange 	0.5
mutateRatio 	0.5
mutateRateSmall 	0.1
mutateRateLarge 	0.8
wepMax 	1.0
wepMin 	0.2
expAccuracy 	6.0
minTravel 	0.0
maxTravel 	2.0
neuralNetworkClass 	class coursework.ExampleEvolutionaryAlgorithm
Training Set Training
Fitness 0.006073143393991462