-1.1256953153454692,4.053968686168035,-2.4643945540863106,-1.4480333966782006,-0.17322685407839855,5.649109745854858,-0.21836925659553064,3.2331799111092936,2.2183917539860847,-3.3309179419657076,-4.755712059519883,6.596326207042476,1.3651506630572268,-3.7312524481098404,3.041727968071406,2.337496797463338,1.6756232177218937,0.7529740980204567,2.214700709951482,-6.655407318325225,-3.8146802618454307,0.4617242408339859,-1.1808644548872644,4.388751885148594,-2.562141435472201,-0.7062654270732134,0.11431951856326172,3.096339654139845,3.24965507764737,0.35908960969121395,-6.15750140457267,-0.566815087119263,5.267767789905226,4.247051164717236,-4.023518618566878,2.1931615569017957,-2.335779542947013,-0.4677539159920179,1.3877914144907146,-0.5172259909813273,0.7599022406478491,1.421946554791293,0.43315758367465307,-0.023243640708425772,-3.546098286197622,-3.8918307972943786,-0.23623625213549815,0.8904966100269069
numHidden 	5
numGenes 	48
seed 	1585614036890
random 	java.util.Random@76fb509a
popSize 	80
maxEvaluations 	20000
minGene 	-3.0
maxGene 	3.0
tournamentSize 	5
crossoverPoints 	1
mutateRate 	0.5
mutateChange 	0.5
mutateRatio 	0.5
mutateRateSmall 	0.1
mutateRateLarge 	0.8
wepMax 	1.0
wepMin 	0.2
expAccuracy 	6.0
minTravel 	0.0
maxTravel 	2.0
neuralNetworkClass 	class coursework.ExampleEvolutionaryAlgorithm
Training Set Training
Fitness 0.006592766838422474