-4.944584070969763,-2.562980683753898,-0.9384735013446384,1.9881858135598653,-2.0041112301269233,0.39801461330147436,0.9796451782077753,-3.0614075266037584,-5.462060208348332,1.9617818852810647,-3.73449184464976,-1.0558805644952245,4.891376663721861,-0.5206468146258132,-3.1383350142385105,-4.427179908861512,-0.10664923994134412,0.11813895257730334,-5.043902969342942,2.7211337661828052,-2.810261273697507,-3.384356923220575,4.25827011269291,1.4217496826688767,1.3174129571980149,-0.3463941082959594,-4.783963715454947,0.5097834824301495,1.1896081135953667,3.986060108670885,-2.092060174312678,-2.755382603304806,-1.5750016160783566,1.5543901952638022,-1.6955278337180686,1.6781141862687141,0.7638312693937728,0.10960216043720283,-3.76169937562367,-0.5592240012653091,3.3047004155683375,-4.489077575756559,2.9070741471793875,2.1319120979701713,-0.2986697904506723,-1.613341686708468,0.3368697789651227,2.7519479423998776
numHidden 	5
numGenes 	48
seed 	1585614036890
random 	java.util.Random@76fb509a
popSize 	80
maxEvaluations 	20000
minGene 	-3.0
maxGene 	3.0
tournamentSize 	5
crossoverPoints 	1
mutateRate 	0.5
mutateChange 	0.5
mutateRatio 	0.5
mutateRateSmall 	0.1
mutateRateLarge 	0.8
wepMax 	1.0
wepMin 	0.2
expAccuracy 	6.0
minTravel 	0.0
maxTravel 	2.0
neuralNetworkClass 	class coursework.ExampleEvolutionaryAlgorithm
Training Set Training
Fitness 0.10526756120693188