-4.722691077516997,1.0175491623946664,-3.3906936499007294,-1.0129477121879873,0.834519093090317,4.191864242438802,-0.7713114208289786,-4.5972252811884164,0.1091621698471843,5.291833720195814,-4.922582619233536,-0.47406696604349285,-2.1357969721849033,4.120290490256507,2.2955116917920373,9.381802936169837,-6.737073527869831,1.4667565833935927,-4.751674229144813,4.7994877950555335,-0.2800618658937237,-4.974639568835983,-5.099883904328463,-2.744811508566446,0.7322568426557519,0.007167945012849675,-1.6777051936174274,-3.6183415241605266,-2.0160655143918205,0.2651052155244167,-6.492115039599673,4.065533965701901,2.6347610910885906,2.7774219297069127,-0.12228536047310001,0.6423381648216244,-3.3673655711889476,2.2412883508774435,0.8429972882399293,2.7966768640036097,-2.640962938977088,3.891450741242214,-2.3535795087245575,-4.879947921205784,6.997328330835607,3.106258313588979,-0.31051817437760043,2.4941929446240243
numHidden 	5
numGenes 	48
seed 	1585614036890
random 	java.util.Random@76fb509a
popSize 	80
maxEvaluations 	20000
minGene 	-3.0
maxGene 	3.0
tournamentSize 	5
crossoverPoints 	1
mutateRate 	0.5
mutateChange 	0.5
mutateRatio 	0.5
mutateRateSmall 	0.1
mutateRateLarge 	0.8
wepMax 	1.0
wepMin 	0.2
expAccuracy 	6.0
minTravel 	0.0
maxTravel 	2.0
neuralNetworkClass 	class coursework.ExampleEvolutionaryAlgorithm
Training Set Training
Fitness 0.009427906657212501