1.5590967335213577,0.5233904431952126,2.4625408535580955,1.4350004903722393,5.1065533627330035,-5.327369588580406,4.907507878268014,-2.9948939215982944,-4.276400625000699,0.9761817463360227,0.8817348406244827,-1.8655342302759461,2.400347533273652,1.4611182381300543,3.8399395868145882,-4.741454392149921,1.2711057269061659,4.187409318760572,-3.936626017593272,-0.6569740503144859,4.713908440792584,4.626515729151096,-2.756814474810085,-4.834531157867991,-0.8808311783276022,0.7418041378910041,0.9099896720329452,0.7529968976635111,0.9291936668749812,-0.07718122688303497,3.392456230547035,-1.361235043774382,-2.7407059399565137,-3.631192371685523,-0.9595573574502896,2.137113527544808,0.30770368275142856,-0.8522382536696131,3.1884432937929468,1.5619047966606345,-4.154493770082604,-4.524417516347326,0.7628595235426814,-4.275350647454889,2.3492517504749624,0.7658548636786322,-0.44817361908493414,1.1235878992656154
numHidden 	5
numGenes 	48
seed 	1585614036890
random 	java.util.Random@76fb509a
popSize 	80
maxEvaluations 	20000
minGene 	-3.0
maxGene 	3.0
tournamentSize 	5
crossoverPoints 	1
mutateRate 	0.5
mutateChange 	0.5
mutateRatio 	0.5
mutateRateSmall 	0.1
mutateRateLarge 	0.8
wepMax 	1.0
wepMin 	0.2
expAccuracy 	6.0
minTravel 	0.0
maxTravel 	2.0
neuralNetworkClass 	class coursework.ExampleEvolutionaryAlgorithm
Training Set Training
Fitness 0.021989966899675823