-2.972179122249824,2.343374464398638,0.06503708978091272,-2.0512987470652915,2.4297527104573318,-0.35082651752047544,-1.4978506358698223,-5.335115387936165,5.64225677441854,0.12357645350471635,-5.5681445332976525,0.9523608392781453,2.9945357901202314,0.12171943484866565,-3.307002813157146,0.7935090317408022,-2.429196352020022,-8.987193341603305,1.1833083975228722,-0.40917161003222047,-1.2948510042904466,-0.38188679287141447,-0.24075716893779475,6.3326506291736795,-0.7720990732372939,-0.10062722369775434,-0.08233212372604193,0.4319368087931936,-4.013372700718664,3.545199060486061,-8.269201487456156,3.451235983876872,2.4832588935587174,6.030915123804966,-0.5821437961823501,-1.8016404689899996,1.474688781904506,-5.657594642275005,-7.963454161790731,-0.36368148129770184,1.5775596171896362,-2.1426614339122745,-1.4354477902390572,-1.3024534167219883,-1.1498398984017957,0.23964149047580108,2.174445570180996,0.9496613248851977
numHidden 	5
numGenes 	48
seed 	1585614036890
random 	java.util.Random@76fb509a
popSize 	80
maxEvaluations 	20000
minGene 	-3.0
maxGene 	3.0
tournamentSize 	5
crossoverPoints 	1
mutateRate 	0.5
mutateChange 	0.5
mutateRatio 	0.5
mutateRateSmall 	0.1
mutateRateLarge 	0.8
wepMax 	1.0
wepMin 	0.2
expAccuracy 	6.0
minTravel 	0.0
maxTravel 	2.0
neuralNetworkClass 	class coursework.ExampleEvolutionaryAlgorithm
Training Set Training
Fitness 0.011573477648164677