3.0010250638438034,4.345082778944977,4.009709189697828,-3.901614701828287,-1.4116498709230472,2.597902072232829,-2.471920172366956,0.30492750081622866,6.857122917924475,-0.677128748708931,-0.6392884795681546,-1.469801114991668,0.7779911811737241,-5.499458604745461,-4.4357508333826505,-2.4834497587765467,2.8439189498251247,-1.4928950309316766,5.357815554577119,-4.54558649975143,0.9508541464361171,5.277144804190439,-0.6865037240603646,-0.61754617887089,0.3809591253211728,-0.22669093805697305,-0.9301533689278272,0.8988885335076606,0.09061815357306857,-0.6316740076636167,0.11741980364177795,-3.9119258929466523,-0.4644087954774463,2.3191226438579937,0.7084166250756634,2.050883893466084,1.6037803674880502,-2.443316009846553,-1.0282007069567776,-1.7363158111864205,-0.12406119447571307,3.1757948498204858,-3.8880619331989816,4.189888901634729,-3.0060746428528873,-1.6964897153808822,3.677408356111571,-0.7562308606455446
numHidden 	5
numGenes 	48
seed 	1585614036890
random 	java.util.Random@76fb509a
popSize 	80
maxEvaluations 	20000
minGene 	-3.0
maxGene 	3.0
tournamentSize 	5
crossoverPoints 	1
mutateRate 	0.5
mutateChange 	0.5
mutateRatio 	0.5
mutateRateSmall 	0.1
mutateRateLarge 	0.8
wepMax 	1.0
wepMin 	0.2
expAccuracy 	6.0
minTravel 	0.0
maxTravel 	2.0
neuralNetworkClass 	class coursework.ExampleEvolutionaryAlgorithm
Training Set Training
Fitness 0.010584376247803808