-3.0769236895751826,1.4712238195439187,-2.1933089833604917,0.8543272724842703,0.42669497952464575,-0.5813926071570825,0.36501392428859303,-1.8476730349057249,-3.309515553731224,-2.8477656422307565,-5.214119087998085,-2.272279045160804,-0.9443196551345059,-1.8701687459251772,-3.0704666425487463,0.8976847253971751,-3.6689426807904146,-0.6453739099329265,3.233377816595789,-5.152951529388207,-1.496083002651935,-3.609421773762124,1.4258893438501685,-0.6948641934927879,-0.8588331238227012,-0.1399480013114376,-0.549275220180526,1.4343856664498071,-1.8093590913761366,0.09110784055010335,-1.3767963251327928,2.9758614166471373,1.3874391436081996,0.13432148953486767,-0.9215791846379933,-2.4067640796699568,-0.3990860832501735,0.6092750703294421,-0.2051362834613797,1.4408281969108385,1.2762989374584701,0.2685983291302714,-2.6104780750146714,1.7527485993368979,-2.369171491089448,1.2826732695725465,0.48007849793962887,-0.7908057223178915
numHidden 	5
numGenes 	48
seed 	1585614036890
random 	java.util.Random@76fb509a
popSize 	80
maxEvaluations 	20000
minGene 	-3.0
maxGene 	3.0
tournamentSize 	5
crossoverPoints 	1
mutateRate 	0.5
mutateChange 	0.5
mutateRatio 	0.5
mutateRateSmall 	0.1
mutateRateLarge 	0.8
wepMax 	1.0
wepMin 	0.2
expAccuracy 	6.0
minTravel 	0.0
maxTravel 	2.0
neuralNetworkClass 	class coursework.ExampleEvolutionaryAlgorithm
Training Set Training
Fitness 0.012624448995411168