1.9539467958674983,-5.900626971856504,-3.0622067790653675,-1.7178276743506702,1.3719011500825085,-7.481501785040479E-4,-2.5661670876909257,2.6567723130880836,3.2665276651734967,2.6911520091037247,3.514703392184132,-1.2240143048800411,0.39898503723084033,-1.6373188129870044,6.12481762711086,-0.331636079218363,0.16998784045393744,-2.3964424297417093,5.918953381253596,-0.09362844283620264,-2.0537848731807546,5.784476549329022,2.871424534731485,0.5462017292144892,0.031728669594374814,-1.5164333452359728,4.878409365374214,1.3072932658466603,-0.29366344066126526,0.349842195860012,-0.013928398704278422,0.13911426503105595,4.3282702237161335,0.36317025409305126,1.3257864760857143,1.7244666223276033,1.26674016742242,0.21871588122349284,1.7866850413002204,-3.5646347944904537,0.9436040643599188,5.4993806150682705,2.1881511333017385,-3.8381609772469814,2.7145578452889065,-2.8272075113570496,-0.6151734186337698,0.775801814426961
numHidden 	5
numGenes 	48
seed 	1585614036890
random 	java.util.Random@76fb509a
popSize 	80
maxEvaluations 	20000
minGene 	-3.0
maxGene 	3.0
tournamentSize 	5
crossoverPoints 	1
mutateRate 	0.5
mutateChange 	0.5
mutateRatio 	0.5
mutateRateSmall 	0.1
mutateRateLarge 	0.8
wepMax 	1.0
wepMin 	0.2
expAccuracy 	6.0
minTravel 	0.0
maxTravel 	2.0
neuralNetworkClass 	class coursework.ExampleEvolutionaryAlgorithm
Training Set Training
Fitness 0.010615588046157889