1.2257033858442612,11.15939951701243,3.5848692524206576,-8.47375526781388,4.5061098119847305,5.855933071845021,-1.4936824728619835,-1.5415213877568898,2.60802612909977,-7.694186371133714,-0.9726929501371555,4.889421534389262,0.9214478440828733,-1.8260008936504775,-4.63934408094247,2.8129061138588907,-1.762874397041675,-3.0170298277461556,0.26267822298123866,0.28000339548090347,-4.906515276318764,-0.8595461259663241,-0.46179143068622913,6.692100893578453,1.4818245188271295,1.1735047212964071,0.28881295125205037,-0.35303487217684626,6.254320826114143,-4.152635224614484,7.340979928332452,1.4223961428363587,8.807467547644356,9.584444460492769,-1.319755812724676,2.764258820540654,1.3833976569497497,-2.0488117751397246,0.11411091525623589,-0.8069583629385032,-2.5481905838866976,-5.571280481299597,-10.448439696779376,-7.912913100165651,-0.9652397797369615,2.5686618828328918,-4.7639028643637635,4.485493708619306
numHidden 	5
numGenes 	48
minGene 	-3.0
maxGene 	3.0
tournamentSize 	5
crossoverPoints 	3
popSize 	50
maxEvaluations 	20000
mutateRate 	0.5
mutateChange 	0.9
seed 	1584060597833
random 	java.util.Random@76fb509a
wepMax 	1.0
wepMin 	0.2
expAccuracy 	7.0
minTravel 	0.0
maxTravel 	3.0
neuralNetworkClass 	class coursework.ExampleEvolutionaryAlgorithm
Training Set Training
Fitness 0.03899357741789697