-1.738523406979262,-3.1446310558440755,-1.2513608975158395,3.0203632452404934,3.7009064151307607,0.6379104643791846,3.0693894329162994,1.3059232169039765,7.40151202736016,2.223552140026454,3.503491034020355,-4.2807724901936535,-0.27603497749933403,0.45401157565201533,3.2490118250039846,2.2878300349810514,-2.5011990179195758,-1.753238653221417,4.690736780103145,-3.0372816382927628,-6.0495876201449486,-3.4524101870367714,-0.12177833879861133,-2.0445087872983634,-1.8517528227602238,-1.770492210452879,0.02938318245454319,1.8141130273514259,-0.46670400787131383,-0.2993455425669227,-0.0043411014306746765,2.0630920574042695,3.4965183086333056,-5.508144234025517,1.0770938947752304,0.03462783908195366,-0.272543943991133,0.939621365735412,2.3347904464072275,3.1737924732042626,-0.3534887879521236,1.5344509505526047,1.6872467864063836,-2.671996968415518,2.43359573454716,1.2368705470445427,0.2934796117565277,1.995033884059529
numHidden 	5
numGenes 	48
seed 	1585610316478
random 	java.util.Random@76fb509a
popSize 	80
maxEvaluations 	20000
minGene 	-3.0
maxGene 	3.0
tournamentSize 	5
crossoverPoints 	1
mutateRate 	0.45
mutateChange 	0.5
mutateRatio 	0.5
mutateRateSmall 	0.1
mutateRateLarge 	0.8
wepMax 	1.0
wepMin 	0.2
expAccuracy 	6.0
minTravel 	0.0
maxTravel 	2.0
neuralNetworkClass 	class coursework.ExampleEvolutionaryAlgorithm
Training Set Training
Fitness 0.014515367764252649