6.700227948771104,-1.5035535424896844,-3.2336515384589735,-0.42285134538326696,-1.2954150267530862,0.9579483884415165,-0.1581771152921707,3.2288824841179995,-1.92684421489417,-3.594457156461028,4.093417310622733,2.640260042960918,-2.5652048145734847,1.5039232971278667,-2.3969931305502357,1.0089068490237265,-1.9322427784011884,4.103143257107469,-0.8230200110021579,0.3616606380214087,1.6218537785993647,-0.1939487000615987,-0.3474249751020011,1.801802913369662,-2.3873421329639735,-0.3556311763428983,-2.72982890334758,-0.7078095843152763,1.59459846817328,-2.9976907532990307,4.243485070532734,-2.145887869116166,3.237984826391462,-1.4896658246180148,0.24392077609239315,-4.018387243966109,1.1267923618178184,1.7703122035783956,6.0758632183766075,2.4284497974260635,-0.37665835461493735,-1.1504777685863363,1.3177627022026022,-1.6802300896313254,-2.3872029841874793,-2.0053916707784962,-0.3606063738434271,-1.2269835594842229
numHidden 	5
numGenes 	48
seed 	1585610316478
random 	java.util.Random@76fb509a
popSize 	80
maxEvaluations 	20000
minGene 	-3.0
maxGene 	3.0
tournamentSize 	5
crossoverPoints 	1
mutateRate 	0.45
mutateChange 	0.5
mutateRatio 	0.5
mutateRateSmall 	0.1
mutateRateLarge 	0.8
wepMax 	1.0
wepMin 	0.2
expAccuracy 	6.0
minTravel 	0.0
maxTravel 	2.0
neuralNetworkClass 	class coursework.ExampleEvolutionaryAlgorithm
Training Set Training
Fitness 0.013467115360306177