0.12045889548981759,-1.0859989508175092,-3.4144549852222097,4.062236167523136,-2.5062611002468485,-1.6471998636216938,-3.8751892985858216,1.2000970957693715,7.106503733694298,-1.7189143808865248,0.4009662868569954,-1.5565413862594308,-3.422007165232756,0.5205550358919031,-6.911810615200223,3.0101331128802817,-2.707520824646126,-0.039852370829594363,6.718922808582711,-1.2890301957137438,0.3001392054539176,-4.499068558533439,-0.06509330888526232,-0.9247199933819639,0.19978637032372992,-0.3340550614207336,1.8385729101372101,-0.05693569585206326,0.550526456211889,0.28484199457099657,1.697916129787302,6.569636580123641,0.3183748223257794,-1.143447952073788,0.5606863967481419,-1.4246544301861124,-3.4896342219773446,3.074025220245546,1.823986939550184,-0.45229230373645635,-2.0173370662097434,3.5634899165294653,-1.5169085698466533,3.2653712447760093,0.43066685646852276,2.146514605070692,1.9890502216902561,-0.7809760211328172
numHidden 	5
numGenes 	48
seed 	1585610316478
random 	java.util.Random@76fb509a
popSize 	80
maxEvaluations 	20000
minGene 	-3.0
maxGene 	3.0
tournamentSize 	5
crossoverPoints 	1
mutateRate 	0.45
mutateChange 	0.5
mutateRatio 	0.5
mutateRateSmall 	0.1
mutateRateLarge 	0.8
wepMax 	1.0
wepMin 	0.2
expAccuracy 	6.0
minTravel 	0.0
maxTravel 	2.0
neuralNetworkClass 	class coursework.ExampleEvolutionaryAlgorithm
Training Set Training
Fitness 0.0063719922241688475