-0.8054306121600181,-0.18082277718264872,0.9936912751050588,1.4980907563434531,-2.305608731894983,-3.1033864023699946,5.096377224049162,0.9682174582673708,0.0440982388375355,2.225304884564034,-0.3729729952982739,0.6217062243625691,-0.9325368384796247,1.2406922726617866,-4.126865628481754,1.2283859296773514,2.039593214848777,-1.9990214660800278,3.503514939839903,-3.4556182369827946,-3.516255085001876,-2.873569852680095,3.3043574177342654,0.5022580859450576,1.6131862225311702,-7.525515238897572,-0.3829405413773408,-1.0743239316331077,-3.1215482343397483,-0.0448074038210331,5.748281579856062,-0.6471713787272986,-0.6897688058543361,2.497615596804809,-2.301042212504854,4.607453563871371,2.784026002725529,-0.130890962863059,-1.5368027009425687,-3.4396049233987673,-2.3196444842788484,0.8870583945018833,5.5791751053510446,5.15065868422213,-1.0304025789208433,0.9240049091104163,-3.927029461013091,9.93221202404193E-4
numHidden 	5
numGenes 	48
seed 	1585610316478
random 	java.util.Random@76fb509a
popSize 	80
maxEvaluations 	20000
minGene 	-3.0
maxGene 	3.0
tournamentSize 	5
crossoverPoints 	1
mutateRate 	0.45
mutateChange 	0.5
mutateRatio 	0.5
mutateRateSmall 	0.1
mutateRateLarge 	0.8
wepMax 	1.0
wepMin 	0.2
expAccuracy 	6.0
minTravel 	0.0
maxTravel 	2.0
neuralNetworkClass 	class coursework.ExampleEvolutionaryAlgorithm
Training Set Training
Fitness 0.09388424624438292