1.742119112661304,3.7378568829864385,0.3369159007731053,-3.306043443253055,4.804780592050529,-3.2622252648163848,-0.26310520446177055,1.3057237752286603,-0.2436924292834668,-0.35321382578323846,3.742973746913435,1.103020274688344,2.1518882133636765,0.0031964207485000173,-2.7428706965221332,-4.19269182608226,3.1170157426356937,2.5625994942533694,0.6684433201574773,-2.32846068888918,0.38732312416942083,-1.3887976683288885,2.795789107708135,-2.834291660249085,1.2616033127182185,0.2516146157735939,0.23582665009117676,-0.7168650660657399,5.188659570063483,-5.277632344145406,2.6614604440900846,-2.1932707640012117,-2.371391089630097,3.073430100705926,-1.5973990411853247,1.701348825785562,3.094361927101837,-1.9104147912293872,1.380759436113956,-1.644378670882297,-1.407443163667733,2.0402661662600696,0.6006306045509211,1.2181774452057406,0.37262977364414773,2.5284280788489664,1.6260216803706022,-0.8598029808144911
numHidden 	5
numGenes 	48
seed 	1585610316478
random 	java.util.Random@76fb509a
popSize 	80
maxEvaluations 	20000
minGene 	-3.0
maxGene 	3.0
tournamentSize 	5
crossoverPoints 	1
mutateRate 	0.45
mutateChange 	0.5
mutateRatio 	0.5
mutateRateSmall 	0.1
mutateRateLarge 	0.8
wepMax 	1.0
wepMin 	0.2
expAccuracy 	6.0
minTravel 	0.0
maxTravel 	2.0
neuralNetworkClass 	class coursework.ExampleEvolutionaryAlgorithm
Training Set Training
Fitness 0.012014702128798828