-1.1273881410470121,0.28591450047906264,-2.862768431098917,-3.7052630061421503,2.157105497829181,-0.7478505494923535,-1.0027663336204946,-2.0521700315156206,2.958195401812869,-4.607497896452905,-1.176791641372069,-1.9052632921656403,-4.430130021783504,-1.492294252215519,4.847461402566142,1.846764669623104,-5.412040472078475,-3.780835169439171,3.527601851453656,-4.916761203173892,-4.237532542723164,1.5179718283445434,-0.7462476775068705,1.0389962716980046,-0.384489319715388,5.243324218730262,-0.9538840030592288,0.032921722073588455,2.4419082494013082,0.9264153957150221,-1.5587065064741727,1.087134730873744,1.567687725609991,-1.663533814228753,1.2916403023758773,-0.6600244777935207,-4.418547026548955,3.699552621921584,-2.433370379048213,-1.6986884901669503,1.8522711933407088,-2.506754619842291,-0.8084420920126174,-1.0844666687475275,-4.823334014632794,1.7339610272561172,-0.7886785049842486,3.6045512445307892
numHidden 	5
numGenes 	48
seed 	1585610316478
random 	java.util.Random@76fb509a
popSize 	80
maxEvaluations 	20000
minGene 	-3.0
maxGene 	3.0
tournamentSize 	5
crossoverPoints 	1
mutateRate 	0.45
mutateChange 	0.5
mutateRatio 	0.5
mutateRateSmall 	0.1
mutateRateLarge 	0.8
wepMax 	1.0
wepMin 	0.2
expAccuracy 	6.0
minTravel 	0.0
maxTravel 	2.0
neuralNetworkClass 	class coursework.ExampleEvolutionaryAlgorithm
Training Set Training
Fitness 0.00828850839380308