0.07573343543303146,3.8101171622386043,2.6414342594269464,0.8362722323037515,-6.400398436900588,7.6794104579868225,3.5525578728917377,4.013392486712565,1.226459404196103,1.606453105303312,-1.3939516856191378,1.3613892389520261,0.7432536328283108,1.4760365420033086,-5.055181149848069,7.020284808785545,-0.6475267578369586,1.4572644700952164,-2.952065643332698,0.6498121755105526,-1.757735605459743,-7.016163950452592,3.3116121531530984,-4.261713056619858,-1.1667671857499187,0.23278769974353875,1.9419557473883549,-4.11385135605058,3.8480897988990277,0.4737408933273479,-2.702690474570624,-1.4853449158967087,6.26434871368556,-0.7176793206964736,-1.102918948943235,-1.0443865640970444,-0.82415837718532,2.1982593835004876,1.2936102337937854,1.0174769668385713,0.7140902768529465,1.8178962045521896,-6.2093946856803655,4.862698961182793,0.8521742248196249,-0.19024189186905716,0.6985068769902707,-1.2094472906664455
numHidden 	5
numGenes 	48
seed 	1585610316478
random 	java.util.Random@76fb509a
popSize 	80
maxEvaluations 	20000
minGene 	-3.0
maxGene 	3.0
tournamentSize 	5
crossoverPoints 	1
mutateRate 	0.45
mutateChange 	0.5
mutateRatio 	0.5
mutateRateSmall 	0.1
mutateRateLarge 	0.8
wepMax 	1.0
wepMin 	0.2
expAccuracy 	6.0
minTravel 	0.0
maxTravel 	2.0
neuralNetworkClass 	class coursework.ExampleEvolutionaryAlgorithm
Training Set Training
Fitness 0.018738818959281346