-2.538625515150983,-3.868234716087702,0.4864399718500003,1.8452220913099495,-1.1597624513047649,-2.303427277018976,-4.70856108767858,2.5273489523123525,-3.0026036828157796,1.4597550704246585,-2.276602671497156,-0.6917188724600791,4.541742217468437,2.7826466369024034,-2.004100339052334,-2.816515272673037,2.4767337381354544,5.333636626471391,-5.435952202638589,-1.8598875674066893,-0.844196426141514,-1.7180327629580847,3.603580362170117,-0.029965762262432083,0.9244723534632708,0.16650268491674858,-1.3730007645512066,-0.13444468548599886,-0.06786634015453874,-0.9161614215845044,-4.107417040624922,2.370631217132284,-1.6301694690149715,2.4074552919949603,1.4394259670514966,0.4536970839370573,3.9743111587663043,-4.740796723974378,1.2749595007131873,-2.2150639437320025,-3.176841617554939,-4.087570804542956,-1.234230628179621,1.4866587574016008,-1.0468390927889681,0.3196077275546645,2.1923120064684642,-0.8412195431858067
numHidden 	5
numGenes 	48
seed 	1585610316478
random 	java.util.Random@76fb509a
popSize 	80
maxEvaluations 	20000
minGene 	-3.0
maxGene 	3.0
tournamentSize 	5
crossoverPoints 	1
mutateRate 	0.45
mutateChange 	0.5
mutateRatio 	0.5
mutateRateSmall 	0.1
mutateRateLarge 	0.8
wepMax 	1.0
wepMin 	0.2
expAccuracy 	6.0
minTravel 	0.0
maxTravel 	2.0
neuralNetworkClass 	class coursework.ExampleEvolutionaryAlgorithm
Training Set Training
Fitness 0.013058727392262824