1.5711797435490542,-2.3219873006822875,0.5982132293227762,-0.137591199225501,0.023625297461206785,-2.6023202251885618,-1.8193502327987492,-1.7319315233176011,-4.752775185128906,2.625385130625916,-1.5281166355228741,-0.48256639526537093,0.5999850152845632,-0.20325361897879723,2.7816006387188903,0.6024957271123128,0.09115832537541024,1.6229841977269404,-1.344469002138581,2.9527337088310244,-0.4895069322703183,-1.0047689350299622,4.2559924675272,3.0785718686768053,1.4718499185958906,-1.8263001092928923,-6.389792006076274,3.211953799514612,1.6053044763414253,-1.3648673893334626,1.2069765581009513,0.7508869005856154,2.5731947265211907,-0.5351942249673449,-1.685885385034183,-1.132310330451313,3.1745995735359225,0.9155632560164446,2.426657632788184,1.0880699766255857,1.2142108715233988,-3.9211146915677206,-1.2096631766070836,-0.015716023703044257,-0.6044493479941124,0.8506412946033981,3.9458159196711353,0.3503325637855075
numHidden 	5
numGenes 	48
seed 	1585610316478
random 	java.util.Random@76fb509a
popSize 	80
maxEvaluations 	20000
minGene 	-3.0
maxGene 	3.0
tournamentSize 	5
crossoverPoints 	1
mutateRate 	0.45
mutateChange 	0.5
mutateRatio 	0.5
mutateRateSmall 	0.1
mutateRateLarge 	0.8
wepMax 	1.0
wepMin 	0.2
expAccuracy 	6.0
minTravel 	0.0
maxTravel 	2.0
neuralNetworkClass 	class coursework.ExampleEvolutionaryAlgorithm
Training Set Training
Fitness 0.1267783671382009