2.9029732036570035,2.238224957006799,0.3414455957309013,2.7861145452612455,1.0968915399760375,-2.4110980364253445,-0.3537638156353733,4.067410061440432,-2.885249972326764,-0.21191666873306936,-1.0467127478749547,5.386036839387426,1.979934568790143,0.9536093328708262,3.297609145343719,6.145805663387136,-1.0542791218222662,6.858491055609113,-2.99935433728379,0.15773689481351205,-3.126068372852214,-0.901155366165951,1.0663732397987244,3.3919352395766333,-0.15560175063501291,0.3090431010133363,0.3124956384414328,0.2872462601096739,-1.1301974093767821,-1.3724467831253016,-3.333545538193378,1.3739993422537125,0.13739055026041225,1.4260348597977721,-2.4355898165813414,-1.250474097210613,2.258804702725524,-1.7631303719614606,4.443031220127163,1.8228651691799644,0.035553929343034696,-1.1431022827377033,6.821843537955814,-3.1007795268063605,2.6590073560670455,0.45396044840050376,-1.6372047196468733,0.04697504296108246
numHidden 	5
numGenes 	48
seed 	1585610316478
random 	java.util.Random@76fb509a
popSize 	80
maxEvaluations 	20000
minGene 	-3.0
maxGene 	3.0
tournamentSize 	5
crossoverPoints 	1
mutateRate 	0.45
mutateChange 	0.5
mutateRatio 	0.5
mutateRateSmall 	0.1
mutateRateLarge 	0.8
wepMax 	1.0
wepMin 	0.2
expAccuracy 	6.0
minTravel 	0.0
maxTravel 	2.0
neuralNetworkClass 	class coursework.ExampleEvolutionaryAlgorithm
Training Set Training
Fitness 0.009013172320957007