1.986259428070614,0.3445044074801702,-5.892739739417227,4.259134656511404,2.0453121402129053,-3.9891639721647953,0.4093956303069879,-1.830703859927941,1.5056479317094187,-4.9721976632777185,-2.508361067711852,-6.19718497921837,-5.240866373316084,0.628486740361099,-0.6758492607742728,-3.8167029850819674,5.819791104382179,-2.117649082351301,2.4899841960885407,-9.940714828294535,1.9735333739514296,2.858855182627801,-0.6737217606681236,3.8600946157087943,-0.4021039427164248,-2.5610302581263973,-0.47375466434755076,0.21799916576734457,4.3010123632766,0.19135530208860896,0.9058631180589534,5.955678435025579,-1.067139681302253,-2.0137176426568555,1.9147940212803887,1.8484419516596944,-4.48143785042334,3.806977832755594,-2.027183363346769,-0.2073529271156076,0.8887240360541853,0.9794027284478615,2.296081140333273,1.9236937246787331,-6.868253805844819,0.32018404145667745,3.296183948818727,-0.9162602580573509
numHidden 	5
numGenes 	48
seed 	1585610316478
random 	java.util.Random@76fb509a
popSize 	80
maxEvaluations 	20000
minGene 	-3.0
maxGene 	3.0
tournamentSize 	5
crossoverPoints 	1
mutateRate 	0.45
mutateChange 	0.5
mutateRatio 	0.5
mutateRateSmall 	0.1
mutateRateLarge 	0.8
wepMax 	1.0
wepMin 	0.2
expAccuracy 	6.0
minTravel 	0.0
maxTravel 	2.0
neuralNetworkClass 	class coursework.ExampleEvolutionaryAlgorithm
Training Set Training
Fitness 0.010047230210591264