-1.8701191884446735,2.61634500792408,-0.192905184936345,-2.359674432571617,-2.894865530491027,2.04351254329755,3.912441437372218,-1.2400252848109639,3.533910043189046,3.3796604234559062,-1.077500525351498,1.6048305490681773,-2.8284183868278454,-5.148315580152074,4.307749750259085,6.317416506284085,5.479642235998458,2.7559278682184036,3.676354486631359,0.9852136814232149,0.5507799776782614,-0.7842087685132224,3.3170693146366856,-0.7322729532785299,3.5260280969549136,-1.0562983292061467,0.7166557224571539,-1.4290536211688218,0.2763008949254466,-0.9285800077689639,0.1211590612069724,2.8006052142708775,0.8118434292666468,0.4265791624524482,-0.9389828044673649,4.209290657830337,0.8555319643992156,4.047216204906043,1.2449865141389176,-2.997501406716853,1.0978273512347592,1.3315007237303256,-1.4194228610090676,1.3205917408039411,1.5106520852207437,0.6931038783359025,1.0197191367207719,-0.5918365540379873
numHidden 	5
numGenes 	48
seed 	1585610316478
random 	java.util.Random@76fb509a
popSize 	80
maxEvaluations 	20000
minGene 	-3.0
maxGene 	3.0
tournamentSize 	5
crossoverPoints 	1
mutateRate 	0.45
mutateChange 	0.5
mutateRatio 	0.5
mutateRateSmall 	0.1
mutateRateLarge 	0.8
wepMax 	1.0
wepMin 	0.2
expAccuracy 	6.0
minTravel 	0.0
maxTravel 	2.0
neuralNetworkClass 	class coursework.ExampleEvolutionaryAlgorithm
Training Set Training
Fitness 0.010882965181894228