-2.4536717163373156,-0.4006376212062319,-3.05194641608362,-1.8533836799554484,4.431522708566961,-2.1277197605144753,-4.762869079748635,0.8034491721979204,2.3668632206538267,-3.3414115159013784,0.23665763965398412,-0.2361382407323429,1.226048916720912,-3.156643435497461,-2.554961770171446,0.7729904470102582,-1.9089712532636827,0.7291642723761551,-0.14713235426622262,3.391707641109373,0.37750573375038377,3.791212830476387,-3.6579716001010913,2.9627786470348223,-3.908460423850433,-5.526693357181325,-0.14200561951024326,-1.261737672860661,-0.5392206565632303,-2.739494853497565,1.3891934029637367,3.195550565003587,-0.1155281640443464,-2.238464486190918,4.2211107640654655,-4.150900606180735,-3.1757745799814576,-4.279040667538756,2.4854881931327673,4.9915193949762084,3.9325890927344185,-0.7293903259955039,-1.7031901298571226,-1.2514962578928928,1.626914832694891,-0.16910308732946966,1.0560500374959707,1.9876213031357644
numHidden 	5
numGenes 	48
seed 	1585603112737
random 	java.util.Random@76fb509a
popSize 	80
maxEvaluations 	20000
minGene 	-3.0
maxGene 	3.0
tournamentSize 	5
crossoverPoints 	1
mutateRate 	0.35
mutateChange 	0.5
mutateRatio 	0.5
mutateRateSmall 	0.1
mutateRateLarge 	0.8
wepMax 	1.0
wepMin 	0.2
expAccuracy 	6.0
minTravel 	0.0
maxTravel 	2.0
neuralNetworkClass 	class coursework.ExampleEvolutionaryAlgorithm
Training Set Training
Fitness 0.10175064300962902