-4.6998044786144515,-1.379633415887124,-2.1219571751332955,-1.8024305455265188,0.8450729183120043,-1.8600293650073336,1.7614501137441074,1.6192402654423983,-3.6856352700168102,-3.76276515543187,2.210974493272051,-2.440292498751411,-1.999834809731436,-4.044068184589399,6.516481140519936,3.177144491481034,4.842296552148212,0.10916766522195509,-1.9838468605923607,2.121403955366798,0.14190981023003602,1.142312689818369,-0.37015002056780943,0.4638092897135371,2.0799059472001957,-2.6490956224302566,0.19517414797307708,1.4391771397153938,-0.6688575480568035,4.365950646890818,3.4265134929688648,1.9196870766879561,1.052928156829541,-3.3817569854937037,2.934743452192839,2.0460753571024726,0.6415451959284835,2.0928982684483053,-2.795743630905598,-1.8650119594590127,2.453268474357161,-3.0275453752647525,3.0704691245997484,1.36218840251985,-0.82340952479439,-0.7585391828644994,-0.9250544329922659,1.7896723563549894
numHidden 	5
numGenes 	48
seed 	1585603112737
random 	java.util.Random@76fb509a
popSize 	80
maxEvaluations 	20000
minGene 	-3.0
maxGene 	3.0
tournamentSize 	5
crossoverPoints 	1
mutateRate 	0.35
mutateChange 	0.5
mutateRatio 	0.5
mutateRateSmall 	0.1
mutateRateLarge 	0.8
wepMax 	1.0
wepMin 	0.2
expAccuracy 	6.0
minTravel 	0.0
maxTravel 	2.0
neuralNetworkClass 	class coursework.ExampleEvolutionaryAlgorithm
Training Set Training
Fitness 0.011340284915729712