5.634249987954227,0.6684733832643301,-2.9177139924558633,-7.9821672654420475,2.9481581973999704,0.9970906072162,-0.11679791589654576,4.071992380612084,3.3712149185982243,-1.9393486555522435,2.9954507193416084,-1.5588688090162313,-1.5986291457918425,4.282561275613513,2.5822332421387637,2.8803681402934576,-0.7035805956869732,0.4822171851337793,1.7252438624847874,-4.671848772033014,0.5433888679620322,-1.9646520998636428,-3.8212831770129148,-1.7140819661919844,-0.26540947242665025,0.15493659809260807,1.6966164136174626,-0.006744786846026862,-3.804708087032842,-0.6455635452902806,3.4139271818230714,-2.8573897486413684,1.817053871943584,-0.08282968137863911,-0.5783299220742819,-1.5762628793046445,3.629233147721104,0.5751926416152033,2.56113219329351,-2.2279191585808853,2.137299320705046,2.960521087603974,-1.3043066107181094,-0.7678594260527278,-1.7870696480871917,1.0333066496733672,3.3767468181955405,3.3745212892679666
numHidden 	5
numGenes 	48
seed 	1585603112737
random 	java.util.Random@76fb509a
popSize 	80
maxEvaluations 	20000
minGene 	-3.0
maxGene 	3.0
tournamentSize 	5
crossoverPoints 	1
mutateRate 	0.35
mutateChange 	0.5
mutateRatio 	0.5
mutateRateSmall 	0.1
mutateRateLarge 	0.8
wepMax 	1.0
wepMin 	0.2
expAccuracy 	6.0
minTravel 	0.0
maxTravel 	2.0
neuralNetworkClass 	class coursework.ExampleEvolutionaryAlgorithm
Training Set Training
Fitness 0.03767070266069395