-2.537080436302296,4.043993645150688,1.3616341428246237,1.7758268048163153,0.9898032613656191,0.1253242826113683,-1.8619588518700283,3.602835751577321,2.677232189432498,4.9050217523200415,-2.0868171145775154,3.218751790574104,1.1089125462340934,1.5829037976073832,-1.3322546961341666,2.5989781888933505,0.22197418776889055,4.3014414033071215,-2.29080130416171,0.492963150643579,0.708190984388053,1.535257960257054,0.31061240259003053,1.9824454760930532,-1.0851160786314105,0.5269540694664105,1.45170629660897,0.352438456096829,6.462163573193536,-4.124883696221011,-0.9704312208373054,3.542796328505922,0.8971151728355289,3.6890779925204003,-4.130843272368583,-0.5543857234095997,0.7952516487021963,-2.626357342940206,2.8789935917480225,2.0535084415666987,-1.0096847944004654,-0.674230403477706,3.5606536944924345,-2.256351780917708,0.03993069559016149,-1.5296828974286414,1.153601556343629,-0.4158057089834013
numHidden 	5
numGenes 	48
seed 	1585603112737
random 	java.util.Random@76fb509a
popSize 	80
maxEvaluations 	20000
minGene 	-3.0
maxGene 	3.0
tournamentSize 	5
crossoverPoints 	1
mutateRate 	0.35
mutateChange 	0.5
mutateRatio 	0.5
mutateRateSmall 	0.1
mutateRateLarge 	0.8
wepMax 	1.0
wepMin 	0.2
expAccuracy 	6.0
minTravel 	0.0
maxTravel 	2.0
neuralNetworkClass 	class coursework.ExampleEvolutionaryAlgorithm
Training Set Training
Fitness 0.011952821362470615