2.4611418217822987,1.8431660264868608,-1.7006581786367088,-1.4077502393237173,6.227865535840735,-3.869410863512652,-4.242524075457029,0.7682465955207416,0.5625757577869983,1.2743574662078903,0.9019997491824157,0.22751969299486507,-1.3500641216019442,0.4516731044220794,6.822338724946501,-5.21020768948095,-5.1987081499668895,-1.6323997559845447,1.1490453006871097,1.5015301372382037,-1.8631465100215827,3.8202379709044454,1.7288766335593713,-2.331788090838149,0.43190698720318976,0.1508653005410796,0.6296673411672149,1.882971117391084,0.20241540608388142,-0.1710592287297772,-1.1126217618339442,-2.0870217094071704,-6.826937161389049,1.219770943219621,-1.7158946828506423,-6.207292107415236,-1.6100264760355625,4.315601480213962,-0.83661387791593,-0.4008035832561474,0.9082946580408426,0.26780109662319873,3.327002228499839,-5.944653441311319,0.724497191391265,-0.4060134322344693,-3.8528275313811338,4.650671278908324
numHidden 	5
numGenes 	48
seed 	1585603112737
random 	java.util.Random@76fb509a
popSize 	80
maxEvaluations 	20000
minGene 	-3.0
maxGene 	3.0
tournamentSize 	5
crossoverPoints 	1
mutateRate 	0.35
mutateChange 	0.5
mutateRatio 	0.5
mutateRateSmall 	0.1
mutateRateLarge 	0.8
wepMax 	1.0
wepMin 	0.2
expAccuracy 	6.0
minTravel 	0.0
maxTravel 	2.0
neuralNetworkClass 	class coursework.ExampleEvolutionaryAlgorithm
Training Set Training
Fitness 0.00794014060878753