-1.7533665075815215,-0.21335679677667851,-0.7894086717868962,3.2998067094637253,-3.483277681484413,-5.821582453796032,-1.69398011439056,0.869436890733561,2.5413212042019646,2.6422994351453934,-7.642429305057708,1.7246199785203609,-3.504614961048917,-2.4536358481484672,-0.8452549877722935,-1.5138401800706456,-1.5226654065794802,0.9527591094038854,2.939197501744954,4.3126117187465,0.939435380732073,1.694773806210872,-0.7782573179409873,0.2143491337204857,0.9941444265938513,-0.16505772472544455,3.5785113414485226,-3.69556851179291,-1.2728840132093442,0.1326344512937503,-3.2484251623295366,3.9293198678197836,-3.2605042180798076,0.8821176216063531,-5.617669996530908,-1.5803501581311008,-1.0270659897972028,-1.5673782893584614,2.668579244653401,1.6044374680191011,-1.348174807656663,1.6117568824358162,-4.260738027323441,3.9569327846653914,0.5222049296185105,-0.4811732629943082,2.5406885243371615,4.404301073654194
numHidden 	5
numGenes 	48
seed 	1585603112737
random 	java.util.Random@76fb509a
popSize 	80
maxEvaluations 	20000
minGene 	-3.0
maxGene 	3.0
tournamentSize 	5
crossoverPoints 	1
mutateRate 	0.35
mutateChange 	0.5
mutateRatio 	0.5
mutateRateSmall 	0.1
mutateRateLarge 	0.8
wepMax 	1.0
wepMin 	0.2
expAccuracy 	6.0
minTravel 	0.0
maxTravel 	2.0
neuralNetworkClass 	class coursework.ExampleEvolutionaryAlgorithm
Training Set Training
Fitness 0.011313935761738815