-2.425487374497461,2.2386967100760495,3.827931940305894,-4.56484751353435,-2.71318018799244,-1.7649131261582083,-3.565982293756346,2.6364516726623286,0.6145247613681004,-3.609962475390109,1.70236379422888,1.8028365605305412,-1.0557729183126616,0.34200159766650273,-4.050883888667818,-3.1303052777717917,-2.934541126438851,-3.4282474593524546,4.840463060255701,0.6075321048839104,0.9874428403993756,3.0697861811746687,3.6451541150040487,1.2109334124855882,2.642152684359486,1.7252454359161273,0.19346503612453114,2.002408442280391,-4.41593096875668,0.0387129862583766,-3.7221301906118223,4.620818442985069,-0.8811506300916108,5.734498543718032,-1.9271500300043138,-5.776409240983546,-0.04608027595788755,4.035234065054488,-0.8234311964520269,1.0802730357047325,2.4854755303554783,-1.438362070338093,-2.0951437623628495,6.265198027068599,-0.2584726067945726,3.007253777227729,-3.4067295161303317,1.7744704953332038
numHidden 	5
numGenes 	48
seed 	1585603112737
random 	java.util.Random@76fb509a
popSize 	80
maxEvaluations 	20000
minGene 	-3.0
maxGene 	3.0
tournamentSize 	5
crossoverPoints 	1
mutateRate 	0.35
mutateChange 	0.5
mutateRatio 	0.5
mutateRateSmall 	0.1
mutateRateLarge 	0.8
wepMax 	1.0
wepMin 	0.2
expAccuracy 	6.0
minTravel 	0.0
maxTravel 	2.0
neuralNetworkClass 	class coursework.ExampleEvolutionaryAlgorithm
Training Set Training
Fitness 0.05379368347978669