-3.870816491773895,-2.459175168323942,-2.056903456740081,-4.3897388527955865,-1.5350354606881318,-2.6361469975066134,0.006686110775514287,-1.2268406703414287,8.908800371404537,-0.3537858035708563,-4.392706177752885,-2.977637669145103,1.5491552958677666,-2.8234437167489563,5.40172136384453,-1.8193948225806462,2.2239774278559152,-2.8165007510014326,0.9665554628372885,2.091731304653129,0.2106930158080711,2.2848735676061027,1.7412006747302229,-2.4323300968248684,2.3170593471535392,-0.22589291705739178,-1.4555113152313766,-4.907711671451491,-0.1998128248632436,-4.385621634675253,-3.8996198822714003,1.0408760088119537,-4.274510716692712,-0.052684390090226074,3.0303799085375585,-0.5773073724129816,3.211830174884261,-2.478652802989689,-2.7460990489076385,-4.870300506440385,4.2666854502531795,2.002911276501429,0.9881705972761554,0.30978851256546136,1.3392366321347637,1.95554188521991,1.0077948677901425,-2.258649898056359
numHidden 	5
numGenes 	48
seed 	1585603112737
random 	java.util.Random@76fb509a
popSize 	80
maxEvaluations 	20000
minGene 	-3.0
maxGene 	3.0
tournamentSize 	5
crossoverPoints 	1
mutateRate 	0.35
mutateChange 	0.5
mutateRatio 	0.5
mutateRateSmall 	0.1
mutateRateLarge 	0.8
wepMax 	1.0
wepMin 	0.2
expAccuracy 	6.0
minTravel 	0.0
maxTravel 	2.0
neuralNetworkClass 	class coursework.ExampleEvolutionaryAlgorithm
Training Set Training
Fitness 0.015026666120802891