-0.1654556731411405,6.196187231632532,-1.7695972712270216,-2.5282198002610428,-0.5512416571823818,-2.2447912181064376,-1.1576092126731494,-3.481240870782307,-4.1460692915238235,-3.2133943026727843,-0.9511149146962772,4.831015572010852,0.04067133461921699,-0.20316183787306022,-4.676688256310779,1.4516104681556632,0.9793420935041267,3.896859595960036,-4.0925941719883,0.03583558418177707,2.9632443637509236,0.8473712108163605,-0.8150970850015905,4.247689081193128,0.09749708152750311,8.476436975811952,0.6916261993640079,0.6585949954997067,-0.5167265571268349,-6.0526345146339064,-1.2375037321112015,2.798544909261649,1.0627354958517063,8.13145597559767,1.7532908145781456,-4.685142685744376,-5.474705353815987,-4.453644299164684,-2.1732448398602573,0.7149254671841725,-4.1627350931959555,-5.206566636864152,0.8498487878973092,-2.469001807394808,0.9214266212592399,-3.4779533840115113,3.9203895953049064,-1.6996398716477872
numHidden 	5
numGenes 	48
seed 	1586521337203
random 	java.util.Random@76fb509a
popSize 	20
maxEvaluations 	20000
minGene 	-3.0
maxGene 	3.0
tournamentSize 	5
crossoverPoints 	1
mutateRate 	0.4
mutateChange 	1.0
mutateRatio 	0.5
mutateRateSmall 	0.3
mutateRateLarge 	0.7
wepMax 	1.0
wepMin 	0.0
expAccuracy 	6.0
minTravel 	0.0
maxTravel 	10.0
neuralNetworkClass 	class coursework.MultiVerseOptimisation
Training Set Training
Fitness 0.10369569875116087