-3.113517663720657,0.4779738189708597,-3.6812885697777795,-2.312195579062555,0.4601401605321601,-1.6406097773345083,-5.857606137590871,1.449307910833464,-1.3640132714738433,-0.9744424590661482,-3.0351558454803143,0.36007664011806495,-2.2697504878209576,-2.9034087115680505,-4.110373653780736,-2.690364360777566,2.5674531356893593,-4.096770324180276,2.3990100644386367,-0.3936207877163548,-0.18865889699102248,4.643780223682023,-1.749637539608589,1.4847821653622975,2.6954112035629194,0.5991757242701143,-2.1765811502746857,0.2739061575531863,0.5621735686673824,-5.693810986535339,-4.481728883743966,3.1788209660850795,-1.597758580816583,4.417344813774977,1.4365836761516337,-5.6429657671163245,-0.9914439941960512,7.340630512899534,0.041697985023499376,4.358529688553116,3.413669026424806,-0.24328752709164658,-1.308328006419021,1.7329131034999286,5.791921280845169,2.8475426383148887,-1.3074625305041718,1.1207082037827805
numHidden 	5
numGenes 	48
seed 	1586521337203
random 	java.util.Random@76fb509a
popSize 	20
maxEvaluations 	20000
minGene 	-3.0
maxGene 	3.0
tournamentSize 	5
crossoverPoints 	1
mutateRate 	0.4
mutateChange 	1.0
mutateRatio 	0.5
mutateRateSmall 	0.3
mutateRateLarge 	0.7
wepMax 	1.0
wepMin 	0.0
expAccuracy 	6.0
minTravel 	0.0
maxTravel 	10.0
neuralNetworkClass 	class coursework.MultiVerseOptimisation
Training Set Training
Fitness 0.008458942483174916