2.643751515048455,-6.92280816454901,1.9619422105698239,-7.103721765333107,-3.517995192058104,2.629356643783714,-1.2272211696868178,1.526375847155216,5.7997618361538645,1.4542454575879777,-0.4404591574722899,0.9769779262812961,1.994847016463979,-1.024551903657489,0.24068256113346775,2.4600915550552016,-0.8373564886503452,1.5059576211333348,5.661500698413011,-6.158146220954094,1.4189780039942264,2.6246804629930973,1.225585854147876,0.5836357269014351,4.373169622823319,1.645730890065896,-7.217333666601992,0.40646315650658577,0.6241110025484994,2.3277249525579258,-2.4488356289650595,-0.8440200172057425,-0.03668511071483431,1.1639442305575927,-1.2523094548635605,1.9358609854556583,0.32773544430023444,-9.012716361644062,-0.622835394623329,-2.70266501756721,1.7168052035835786,3.759618869944272,0.2039562165081986,-1.298301996369651,0.15704414409387604,2.256183580646868,4.371645376466965,0.1353863189754502
numHidden 	5
numGenes 	48
seed 	1586521337203
random 	java.util.Random@76fb509a
popSize 	20
maxEvaluations 	20000
minGene 	-3.0
maxGene 	3.0
tournamentSize 	5
crossoverPoints 	1
mutateRate 	0.4
mutateChange 	1.0
mutateRatio 	0.5
mutateRateSmall 	0.3
mutateRateLarge 	0.7
wepMax 	1.0
wepMin 	0.0
expAccuracy 	6.0
minTravel 	0.0
maxTravel 	10.0
neuralNetworkClass 	class coursework.MultiVerseOptimisation
Training Set Training
Fitness 0.016569410717193107