10.282201071948451,0.3806790296315501,0.08926573688955779,0.480990528508389,3.184948183050742,0.635441715724059,0.5303690496848026,-5.145940804354853,5.542537260196827,1.1254123894449288,10.970103159661813,3.1241997757730453,5.546225845579636,2.2008128908497566,1.9489600252417716,0.5494457589652012,2.801610032643934,-2.209453172978663,-0.9236731304693968,2.482906967212592,-2.8987465108686328,1.5690782937534171,1.2293560076920031,-2.0498934756817935,-0.047521372162931966,0.5829880133349044,-0.44326449020515213,0.40279967936533817,4.149741333621961,0.08266395681724543,0.0449708158668103,-0.9171973526761813,-0.24192854001253725,2.056110598764828,-5.808729605262455,5.35002419038309,1.9241893509005612,-0.48611704314507204,-5.911022120307523,-3.911614933271926,1.023095951736181,-0.9856252362535313,4.495868538466403,-1.5347014108779389,5.306845457856197,1.92217757835358,-1.904768243717597,4.336283014971787
numHidden 	5
numGenes 	48
seed 	1586521337203
random 	java.util.Random@76fb509a
popSize 	20
maxEvaluations 	20000
minGene 	-3.0
maxGene 	3.0
tournamentSize 	5
crossoverPoints 	1
mutateRate 	0.4
mutateChange 	1.0
mutateRatio 	0.5
mutateRateSmall 	0.3
mutateRateLarge 	0.7
wepMax 	1.0
wepMin 	0.0
expAccuracy 	6.0
minTravel 	0.0
maxTravel 	10.0
neuralNetworkClass 	class coursework.MultiVerseOptimisation
Training Set Training
Fitness 0.0094121542809201