-3.750053561171652,1.3764483609701723,3.9397720105243526,5.124109671706635,-6.406577775391116,-5.445785148026764,-1.4413938396847095,8.007612085710159,5.397907739032066,3.904244355949416,0.6583853041555958,1.2218617269613938,1.6559722898321627,2.728616738574351,-3.5345853763009427,-1.623240643107028,2.717961965247215,-2.500042368430716,6.142317969004089,3.129914470858095,-3.0956826037506135,1.8496364815277067,3.790889171169283,-2.3075469120732413,-0.9968931426246362,0.05421587044250907,-7.643212284477831,0.41605936430387885,0.8415337316175595,-0.22180017612841635,-2.103400930030183,2.9515822243887846,-0.736294965655192,4.475356089323492,-2.4653719758408217,-2.6153686721451095,2.630745816309307,-1.9728904959707092,1.2831699913455121,4.491836897415853,-4.445991765723926,-0.6631236401767897,-1.4550439246190832,-0.9719392741498789,3.496597153076455,-1.9075840066189353,1.5892334350386002,-2.3894568116775883
numHidden 	5
numGenes 	48
seed 	1586521337203
random 	java.util.Random@76fb509a
popSize 	20
maxEvaluations 	20000
minGene 	-3.0
maxGene 	3.0
tournamentSize 	5
crossoverPoints 	1
mutateRate 	0.4
mutateChange 	1.0
mutateRatio 	0.5
mutateRateSmall 	0.3
mutateRateLarge 	0.7
wepMax 	1.0
wepMin 	0.0
expAccuracy 	6.0
minTravel 	0.0
maxTravel 	10.0
neuralNetworkClass 	class coursework.MultiVerseOptimisation
Training Set Training
Fitness 0.008687262969398358