-2.910258941903815,-2.1234894539108335,-0.6708802371715662,-0.49841921809426987,1.6433665829261395,-0.017804093803766102,-6.026540218840483,-0.11692842295300764,-0.9637194525163334,-2.1625147398989175,-5.113987233427767,-2.424700159308525,-3.7667625875325705,-2.9955941336340515,6.952638888696432,-1.6820731317539166,-5.760304033068782,-2.4872348416150865,1.1280329219153498,-5.115410840682806,-2.1772815833321895,1.873221857973793,-3.8967345073473627,4.8210770743714555,-1.1638824720154237,-0.4667284335798187,-0.23100749691815198,0.6507560502282398,-4.059768267697618,0.7840038924750878,-4.3322254965722236,0.6732958633795167,0.9543845731246243,-3.7691633847836457,2.1979943316248094,-5.028332130012296,-1.846723418967753,0.6392962899000185,-3.9385548120170215,2.0227817522696028,1.5561177632122252,-2.768048477438643,1.5886639661954727,-3.0587314791897735,-1.9280041781882544,-1.6601133725349528,0.6124837613040897,-0.8067218595164737
numHidden 	5
numGenes 	48
seed 	1586521337203
random 	java.util.Random@76fb509a
popSize 	20
maxEvaluations 	20000
minGene 	-3.0
maxGene 	3.0
tournamentSize 	5
crossoverPoints 	1
mutateRate 	0.4
mutateChange 	1.0
mutateRatio 	0.5
mutateRateSmall 	0.3
mutateRateLarge 	0.7
wepMax 	1.0
wepMin 	0.0
expAccuracy 	6.0
minTravel 	0.0
maxTravel 	10.0
neuralNetworkClass 	class coursework.MultiVerseOptimisation
Training Set Training
Fitness 0.006500025197618882