2.242005026446587,-1.3382647941274979,3.630124442655935,-0.03559216023489904,-4.55828104039403,-7.9637381329664505,4.557998079076734,6.990814341702795,-1.0725878720069055,-0.6563196918381092,-0.009061149110745582,2.633290686674534,-2.7522551535529844,-5.81064729144072,-0.34473226603863094,-8.877696704936765,6.8819505167759845,0.7658367414976694,4.649954534502419,1.4716920967280602,0.9878129709061056,-5.700904319362128,2.677779775959845,0.769637582046794,-8.130895390237127,1.9552214655650246,2.1979945849606484,7.692336685851904,5.7600989000997345,2.0764647769789075,-5.669299804281471,-5.060152185126575,-0.8594749479151939,-0.717342631464483,-2.7848295509533476,-0.06613757823389599,2.234776164396942,0.7130759027794287,2.805651291296557,0.721747586013262,2.7142402596978834,0.07450156121821198,-4.9270822311849996,0.3443109721862841,0.04801598784963224,-0.9786033286474584,2.7081172468493,-2.0695732777117732
numHidden 	5
numGenes 	48
seed 	1586521337203
random 	java.util.Random@76fb509a
popSize 	20
maxEvaluations 	20000
minGene 	-3.0
maxGene 	3.0
tournamentSize 	5
crossoverPoints 	1
mutateRate 	0.4
mutateChange 	1.0
mutateRatio 	0.5
mutateRateSmall 	0.3
mutateRateLarge 	0.7
wepMax 	1.0
wepMin 	0.0
expAccuracy 	6.0
minTravel 	0.0
maxTravel 	10.0
neuralNetworkClass 	class coursework.MultiVerseOptimisation
Training Set Training
Fitness 0.04707859528597718