-1.9640353626404925,2.537092043671925,-2.3820203088210956,1.1589241441910734,-0.07103205558533705,1.382249091338295,0.6343387111755094,-3.418182352681971,-1.25310934803241,1.684516779073568,6.054730528693509,-4.716935459432684,-5.04475454876952,-1.020895920529671,-2.268665176677441,2.287183136330727,-2.9218499743395987,-1.7546919251119277,1.837512452141288,5.285923264711377,-1.1643773709931804,-2.7260602659130497,0.6315655569205171,-0.8864415311543252,0.9747101797576379,-3.9565746875645575,-3.8028320764339605,0.4013684678974759,-4.946162241812348,-0.12489828205511275,0.773267499682957,0.6641220901686243,1.4816909534733438,0.7496745452096826,4.322706148760894,-0.3164678503175644,-6.110332649830027,6.025923434711567,-1.2614122908864975,2.1868205683766657,-5.253031145779082,1.4881752873288836,-0.32924608556412904,-0.8970839255223153,3.2507793210663487,5.418301004245145,-3.3674277409363125,3.2530743230491566
numHidden 	5
numGenes 	48
seed 	1586521337203
random 	java.util.Random@76fb509a
popSize 	20
maxEvaluations 	20000
minGene 	-3.0
maxGene 	3.0
tournamentSize 	5
crossoverPoints 	1
mutateRate 	0.4
mutateChange 	1.0
mutateRatio 	0.5
mutateRateSmall 	0.3
mutateRateLarge 	0.7
wepMax 	1.0
wepMin 	0.0
expAccuracy 	6.0
minTravel 	0.0
maxTravel 	10.0
neuralNetworkClass 	class coursework.MultiVerseOptimisation
Training Set Training
Fitness 0.008943456691587977