-0.003891933264584531,-1.4695484756347015,4.408410420607196,2.6303537753800623,-1.9694084375292358,0.8542557236212124,0.7387195844293954,3.0021067782906683,-6.915495054046712,2.0724235899849157,-2.655061142412292,0.3217375157246273,3.84552034645888,-1.5835198668902575,-2.4491529527775753,-0.08100604261566671,0.3237918745682995,4.672159398395575,0.7279140352455751,0.7976884232057794,2.3541111000213317,1.5153585285175077,3.194719252736859,-3.4147455298123006,-2.561719928579613,4.829970150768924,3.5228141616968767,-2.7631245693552358,-1.7941612763568984,0.42219087019176843,5.0393936060666835,0.021483933611617104,1.299338904154501,1.1106672726179336,-0.08689382653726636,2.352103906629263,2.2247368963623133,-5.423668113758502,2.4731537423265504,0.8182336078878076,0.9488204616375396,1.422346661817975,1.8622748378408145,-0.5952379807002877,8.024672356575998,-3.6433826487844803,0.8424706804594437,1.2176695733513303
numHidden 	5
numGenes 	48
seed 	1586521337203
random 	java.util.Random@76fb509a
popSize 	20
maxEvaluations 	20000
minGene 	-3.0
maxGene 	3.0
tournamentSize 	5
crossoverPoints 	1
mutateRate 	0.4
mutateChange 	1.0
mutateRatio 	0.5
mutateRateSmall 	0.3
mutateRateLarge 	0.7
wepMax 	1.0
wepMin 	0.0
expAccuracy 	6.0
minTravel 	0.0
maxTravel 	10.0
neuralNetworkClass 	class coursework.MultiVerseOptimisation
Training Set Training
Fitness 0.04942194150447757