-2.5716635150517577,-3.3761347810277527,5.539231775857592,4.49020620393338,0.3253061782852373,1.553997435366642,-0.10974502888758855,-3.518475672025439,3.265176474911894,-5.0467709620507115,-3.641137080534347,1.1770310244230473,-2.4753006188473496,-0.912625308043091,1.0339527403900906,1.4048706037922982,2.1166315878861934,-2.077276824451376,2.9198201233210206,-0.7044457465469749,1.1498800541315057,1.8564087485600271,-1.3363914442725129,-0.30171135269061444,-1.252083450018184,0.15459849032208597,1.7668726426021115,0.7469930481373093,0.786804778867214,-0.3737257303636497,-2.0562311905140214,2.1217864452952995,4.026940538870539,0.9498061384478272,3.200758798388066,0.8344107245699472,0.6412252935014271,0.7553217069700738,-2.7406443116328805,0.9996397986647679,-3.1890977499031243,0.6269907709450856,0.9967083378836163,2.3690203622636647,-1.9925477374587197,-0.5552221789275735,-0.8262718068598643,-2.8217268229500356
numHidden 	5
numGenes 	48
seed 	1586521337203
random 	java.util.Random@76fb509a
popSize 	20
maxEvaluations 	20000
minGene 	-3.0
maxGene 	3.0
tournamentSize 	5
crossoverPoints 	1
mutateRate 	0.4
mutateChange 	1.0
mutateRatio 	0.5
mutateRateSmall 	0.3
mutateRateLarge 	0.7
wepMax 	1.0
wepMin 	0.0
expAccuracy 	6.0
minTravel 	0.0
maxTravel 	10.0
neuralNetworkClass 	class coursework.MultiVerseOptimisation
Training Set Training
Fitness 0.019025041156813347