-0.5827260037291025,7.220527429761552,-1.9134773694714924,3.5129149226526764,0.23488484995594588,-2.4126482404102707,-2.6947945527479873,1.6125314664560366,0.6663282978061006,-0.5026992206547725,-0.33810922373140123,1.4338558710650284,0.4503737209576858,6.142841872415758,5.182641362297524,-0.01617728361961847,-2.105477483592731,6.9231447890023565,-3.3260902451822116,2.1741758311562602,0.8296836071609146,-2.3278587733336504,2.5034529991115715,-1.19155980897102,2.9671803873179474,-0.14550515578504283,1.6712746404404935,-0.5123514099068799,0.10747087284703068,1.2789169486150234,-0.41174169816790845,2.6012928277998877,-4.275353731074995,-0.03605504888195955,0.11023641236057909,0.3953580637744397,-0.1349992207162553,3.364578229059828,2.911234453370838,2.1337144088384767,-0.7443980447291763,-0.2848619097367524,0.6633391198660786,-0.7086559533578054,-1.7465010372447967,-0.9070119616056933,0.6979018687288223,1.4663765787846332
numHidden 	5
numGenes 	48
seed 	1586521337203
random 	java.util.Random@76fb509a
popSize 	20
maxEvaluations 	20000
minGene 	-3.0
maxGene 	3.0
tournamentSize 	5
crossoverPoints 	1
mutateRate 	0.4
mutateChange 	1.0
mutateRatio 	0.5
mutateRateSmall 	0.3
mutateRateLarge 	0.7
wepMax 	1.0
wepMin 	0.0
expAccuracy 	6.0
minTravel 	0.0
maxTravel 	10.0
neuralNetworkClass 	class coursework.MultiVerseOptimisation
Training Set Training
Fitness 0.008008654497709003