-3.374934790326003,0.31122855369580893,2.747805721981099,0.08756535580852148,0.09904780382547175,1.2555425408562655,1.6819797880628058,0.019156933264540495,0.9383437999896439,4.820173532256693,-1.153261778316862,-1.5470913922498726,0.4925258370164687,-1.1985235391125544,-1.0847238432283135,-0.31631402859526814,-2.46934761177137,1.2291574174274857,-2.0521613076157985,0.3473987201280699,-3.0437136889413523,2.436657732538876,-3.240644256256604,-0.44856332526259657,0.7432410066196565,2.8020923894045713,-1.7336274906493336,0.42521741873736535,3.3941554105269325,-3.3451144884986035,0.7822252269477251,1.4404246364989992,-0.30219193821941237,2.7831286265120707,-0.34798271868234787,-2.7556657687591466,-0.3891184656657934,-3.0108029728633032,1.0582349320968734,1.990542977403491,-2.2818863039959285,4.833064446562394,2.613719320033825,2.8214247516767306,2.6382287262254858,-0.007120626198777972,2.348584431847227,-0.4901968953163793
numHidden 	5
numGenes 	48
seed 	1586521337203
random 	java.util.Random@76fb509a
popSize 	20
maxEvaluations 	20000
minGene 	-3.0
maxGene 	3.0
tournamentSize 	5
crossoverPoints 	1
mutateRate 	0.4
mutateChange 	1.0
mutateRatio 	0.5
mutateRateSmall 	0.3
mutateRateLarge 	0.7
wepMax 	1.0
wepMin 	0.0
expAccuracy 	6.0
minTravel 	0.0
maxTravel 	10.0
neuralNetworkClass 	class coursework.MultiVerseOptimisation
Training Set Training
Fitness 0.06878773753082346