6.458205010026874,-4.410922369422391,-4.789706690577628,-1.5860622312923518,1.1573934663626577,0.8020066401268519,2.888378006352041,12.799385920480322,6.465218267851866,-13.384020207512748,5.191378215107161,-3.632330552445387,0.3029603286395145,-1.0843314889200322,-3.3275429123614644,-0.21858512665143215,-2.1596433244914586,5.718870204363288,11.029895166496747,-7.188214538646301,0.7833004199792971,-2.9355236716230335,2.5289873503137787,1.807497497707994,2.2809932312292456,-0.7357540192984068,-8.059116770659092,-7.181662865874811,-0.49506961706914177,-1.3814806206865937,7.183143388317308,-1.0884829156746374,-0.09034718133194744,-3.4680393709540165,2.5940534937698474,11.782969786611343,-3.69114663926474,4.7397084144256825,0.5227832950755115,-0.411896821800726,4.3655319245437605,6.6895992213310596,-0.20132945634420288,-4.467872784552563,-12.183265195939459,-3.303493737395457,2.86954670259564,3.6014784215059112
numHidden 	5
numGenes 	48
minGene 	-3.0
maxGene 	3.0
tournamentSize 	5
crossoverPoints 	3
popSize 	50
maxEvaluations 	20000
mutateRate 	0.5
mutateChange 	0.9
seed 	1584052937431
random 	java.util.Random@76fb509a
wepMax 	1.0
wepMin 	0.2
expAccuracy 	6.0
neuralNetworkClass 	class coursework.ExampleEvolutionaryAlgorithm
Training Set Training
Fitness 0.00529134271299324