-1.385327556317508,-1.2985211288317406,-11.036564174551883,-2.603368747385846,-6.314732504955749,-2.8843416938959603,-13.73013411105104,0.6186916097766356,1.6565602705360194,-2.569743142673521,8.28844616341224,0.15057430403555166,-10.230931251258,-0.17436608364586503,8.503352300806995,9.82952272227235,-2.339334215894055,3.905301498512492,0.35267706374524505,-7.943929821348429,-1.0595650097844806,9.233992752920408,7.698201478227681,1.7138741579916168,-8.593444366187246,-3.0859089429041826,-3.792134298763344,-0.7656247463138058,7.1485269604191215,-0.0031789578715823536,5.090442236160101,9.444231770850394,-4.829830711346263,0.6141112893072482,10.181563044431275,-14.309598175616875,-9.1613484997734,10.751881552978883,-0.9824920063840987,10.522754994536504,-12.727294260246643,3.901162013084577,-1.7661300836704412,-14.506263443016943,-13.888880119561557,-7.242076830669106,3.724592538597348,-22.205945212150464
numHidden 	5
numGenes 	48
minGene 	-3.0
maxGene 	3.0
tournamentSize 	5
crossoverPoints 	3
popSize 	50
maxEvaluations 	20000
mutateRate 	0.5
mutateChange 	0.9
seed 	1584063298011
random 	java.util.Random@76fb509a
wepMax 	1.0
wepMin 	0.2
expAccuracy 	4.0
minTravel 	0.0
maxTravel 	3.0
neuralNetworkClass 	class coursework.ExampleEvolutionaryAlgorithm
Training Set Training
Fitness 0.021713579474237993