-4.129939633377389,8.815064717993943,8.533817756637303,1.7828099123511678,12.339237983960292,-5.455126674706549,-6.123005395180853,5.272852272827097,2.8862816007985974,0.6009330274744695,0.861105043411057,8.637957192161332,-2.2513305199813156,-17.411932732161727,10.040658299882882,-11.674024675311218,-3.1247294886256536,8.766650104897192,5.296595084631487,2.409473180572473,-0.7689423136591019,1.2156750842101478,-3.530448979778939,20.37436550784375,3.9102359452522344,6.795766534371129,1.1519188906096418,-4.9825026624926405,-5.40526069844305,-0.8774425709187726,3.088951204623886,0.2818493191735881,1.8556896818910582,8.472441400620188,-0.8769123716888759,-10.692804240533372,-3.5600472505592666,6.199345255140872,2.972622365548337,1.1873800637633407,7.882516710277265,-8.751528942774593,5.589435992414863,-2.8978916056389985,7.357399005823003,-9.750558771339588,0.5744200907389639,4.4427955439622995
numHidden 	5
numGenes 	48
minGene 	-3.0
maxGene 	3.0
tournamentSize 	5
crossoverPoints 	3
popSize 	50
maxEvaluations 	20000
mutateRate 	0.5
mutateChange 	0.9
seed 	1584063298011
random 	java.util.Random@76fb509a
wepMax 	1.0
wepMin 	0.2
expAccuracy 	4.0
minTravel 	0.0
maxTravel 	3.0
neuralNetworkClass 	class coursework.ExampleEvolutionaryAlgorithm
Training Set Training
Fitness 0.021095721708852905