-8.870005250383148,-4.511323179865802,7.018873029551725,-3.0127853913539946,-4.045909186626355,-4.537830150995596,0.6381417070880642,8.906189100859164,-5.617897078365647,2.7898217271777197,-3.638972727795906,-4.6152960747077625,3.813601569593531,-3.589675373343172,-6.099628881543149,-1.6841544206239922,-8.826075189558734,11.956939874232038,-4.066891328242172,1.5580022586325593,-6.043847562485803,-1.5566503497086106,0.8528305405617063,-12.543219631180499,-0.44282729809771704,6.906428485433141,1.1913421249427263,0.4364553561398583,2.817726866471279,-0.05223247179402568,4.50339038284552,0.5193479295702983,-1.3140800951300158,-11.083552004185186,-0.2167513262008911,-0.7479787576224339,4.256824063616013,-6.022611785039466,7.135904931900037,-4.055073906647994,-1.4470911763885097,-1.7189260844817094,-3.168548319989614,6.147358013078443,4.209639373103338,-2.1905384092836,3.7646393271783642,-0.7176763663799997
numHidden 	5
numGenes 	48
seed 	1586042423796
random 	java.util.Random@76fb509a
popSize 	80
maxEvaluations 	20000
minGene 	-3.0
maxGene 	3.0
tournamentSize 	5
crossoverPoints 	1
mutateRate 	0.7
mutateChange 	1.2
mutateRatio 	0.5
mutateRateSmall 	0.3
mutateRateLarge 	0.7
wepMax 	1.0
wepMin 	0.2
expAccuracy 	6.0
minTravel 	0.0
maxTravel 	2.0
neuralNetworkClass 	class coursework.QueenBeeEA
Training Set Training
Fitness 0.00945572572949074