-4.471152360299015,9.816286747534466,-0.03188695977255174,-6.43752378487572,8.823403799112373,-9.799685344004072,2.657011311518204,-10.37741403071481,1.929565309743887,-0.9805308206204553,-0.7027535596169447,4.750657423273907,4.016501245800295,-0.6296720279997816,6.362000964073109,-14.234658748757163,2.142155471209687,-6.462036744351241,-1.3885205723153862,-3.975319169315421,-1.9252612766396249,-0.17551294130559247,1.2192029631040022,5.1887929941921795,-1.0452147802307146,-0.1702176604689778,-0.3020486002071885,-0.654117027384403,7.193258904822389,5.225229406943413,3.648888898261095,-2.8448555221774843,-16.960991059185584,3.920063160178443,-8.216606819054988,-6.884836889339884,6.8717438403107245,2.4798920595495817,-3.633093169251981,8.529668701478577,-0.11447213107450827,0.12620307863973457,2.404619615950317,-0.23762079372894762,-5.569425340568353,-3.767968169258734,-1.819423925186345,-7.285936344204279
numHidden 	5
numGenes 	48
seed 	1586042423796
random 	java.util.Random@76fb509a
popSize 	80
maxEvaluations 	20000
minGene 	-3.0
maxGene 	3.0
tournamentSize 	5
crossoverPoints 	1
mutateRate 	0.7
mutateChange 	1.2
mutateRatio 	0.5
mutateRateSmall 	0.3
mutateRateLarge 	0.7
wepMax 	1.0
wepMin 	0.2
expAccuracy 	6.0
minTravel 	0.0
maxTravel 	2.0
neuralNetworkClass 	class coursework.QueenBeeEA
Training Set Training
Fitness 0.00983143981887544