1.3875436304048312,6.91583238715559,-9.658956637773263,5.634171052503288,-13.68526194185508,1.1909083889602614,-11.3750031769404,4.584067074591729,3.9538506485788893,1.7437038078017573,-1.8857586056456157,5.3761342735377555,1.8038534570152016,5.006642330879938,-11.351503117978352,4.471926622521991,-9.642640206777047,6.628277683438305,4.129973873710698,-3.6994319189704683,3.194219815321743,2.9637664915897117,-4.302973140940574,4.037520671134378,-1.7041827648149737,3.823029233160833,-0.4868205256170721,-2.9974307846048056,-0.5683148322625313,-8.812025591667753,-0.8943781464899028,-0.9900869256043852,-5.3357161779688465,9.375222933880229,2.551974538780377,-5.981182356283255,-0.3386339471498645,2.617506509023044,3.2314628622073878,-2.663033141585216,-12.245024996203604,6.015289661718363,-7.377969160796046,6.0559960781692075,-1.438781267039044,-7.037100913882439,8.062037358972661,5.416185010942923
numHidden 	5
numGenes 	48
seed 	1586042423796
random 	java.util.Random@76fb509a
popSize 	80
maxEvaluations 	20000
minGene 	-3.0
maxGene 	3.0
tournamentSize 	5
crossoverPoints 	1
mutateRate 	0.7
mutateChange 	1.2
mutateRatio 	0.5
mutateRateSmall 	0.3
mutateRateLarge 	0.7
wepMax 	1.0
wepMin 	0.2
expAccuracy 	6.0
minTravel 	0.0
maxTravel 	2.0
neuralNetworkClass 	class coursework.QueenBeeEA
Training Set Training
Fitness 0.02010335286889735