3.0723412562258057,-0.28816406227698543,-3.575913702931583,0.23111513062388545,-7.1540429383653725,-3.0841713392151062,-6.902938165391634,-0.0705536053217588,-8.244114600598095,-1.5325958903905905,-7.620267775438841,-7.819171398705789,5.0978750723217,1.1915168856331202,-5.6388794516926275,-1.6808503167263027,-3.444637407032425,-3.2017067941503248,-5.232765165191399,0.903091409287412,1.203303337626789,-1.581863491295621,-3.0587843901690546,5.3350870968797555,2.356454408594195,4.600140434635042,2.740195347306991,1.31521337186223,0.5143420398913627,0.17711923791324002,-0.6982521908080461,-0.7606236558379165,0.45475933808104196,-5.040453894381635,1.0319364406171452,-3.5461074594502264,1.614743777393625,1.1671783170002412,0.17764156795487018,1.0687929608137605,-5.127401448341038,-8.75887186813429,-3.045423423692376,8.80991893517214,-4.693370882698291,7.200627720760809,4.132801355404392,3.155107453568333
numHidden 	5
numGenes 	48
seed 	1586042423796
random 	java.util.Random@76fb509a
popSize 	80
maxEvaluations 	20000
minGene 	-3.0
maxGene 	3.0
tournamentSize 	5
crossoverPoints 	1
mutateRate 	0.7
mutateChange 	1.2
mutateRatio 	0.5
mutateRateSmall 	0.3
mutateRateLarge 	0.7
wepMax 	1.0
wepMin 	0.2
expAccuracy 	6.0
minTravel 	0.0
maxTravel 	2.0
neuralNetworkClass 	class coursework.QueenBeeEA
Training Set Training
Fitness 0.08132893860031731