-6.511889475693286,-1.0873670096037358,-2.913439349438918,0.6417584214025966,4.29465305115818,-3.3593638471010703,-7.2466791308339165,-7.415621475286428,3.7808234736731094,-5.719307821070238,-11.694956370589294,4.4462894894083345,-11.126103714707217,-0.5692842682914754,3.70576465598365,0.8757033654244755,8.465789105428481,-6.681978169566863,-3.608635278393674,-11.50052646793198,-2.4165856746605403,-4.872321394538077,0.3973343266644691,1.2087778518172494,-5.7223569918366985,0.5881285099329254,-1.5660063160756226,0.19648423971283924,3.2710563625267532,1.3853362909861533,-14.05853201520337,5.764289727594155,4.0666206485009395,5.145808346980991,-1.311765277911212,-5.309662422575888,-3.132346490133968,2.175290231052495,-4.987569991399865,-1.512899964489849,1.316571619008909,0.42438926963317836,5.035005432185658,-1.889306232470678,-5.458837202459908,1.8335527132925995,-1.6434832080435229,-2.649717581863337
numHidden 	5
numGenes 	48
seed 	1586042423796
random 	java.util.Random@76fb509a
popSize 	80
maxEvaluations 	20000
minGene 	-3.0
maxGene 	3.0
tournamentSize 	5
crossoverPoints 	1
mutateRate 	0.7
mutateChange 	1.2
mutateRatio 	0.5
mutateRateSmall 	0.3
mutateRateLarge 	0.7
wepMax 	1.0
wepMin 	0.2
expAccuracy 	6.0
minTravel 	0.0
maxTravel 	2.0
neuralNetworkClass 	class coursework.QueenBeeEA
Training Set Training
Fitness 0.008295753637134463