-8.007319498891102,-4.777149511309062,4.310819092995318,9.68039936386613,-0.9442088173538699,-4.43156981943015,-6.892384234411909,-7.874216874975306,3.901151757092709,7.759629379481129,3.434086170824533,8.681114697966462,-7.839859898320479,15.008313785931922,-2.470027643216033,0.14994523349312905,-8.980660132733714,0.4846227228290254,8.625958446541896,11.694086884857432,-10.450901112391486,-2.8588088616419567,-1.1480117806255585,-0.21759434857203308,1.047732041442922,-7.432468516802451,-7.3486719404699885,-2.91640943033945,-0.5198625715957217,-0.11267333716522998,-2.766585927868727,-1.6759590850821822,5.32420167986998,-8.448088397340959,0.5562521095534081,1.2981422116205732,7.225819745771832,4.167977621297374,2.0592066561474374,5.8941232042718354,-10.089549358181397,1.7320285718054695,-1.2061606563831389,0.05712930992451737,12.639637227730907,-1.911495719710029,-1.1960099718887005,8.255444025744893
numHidden 	5
numGenes 	48
seed 	1586042423796
random 	java.util.Random@76fb509a
popSize 	80
maxEvaluations 	20000
minGene 	-3.0
maxGene 	3.0
tournamentSize 	5
crossoverPoints 	1
mutateRate 	0.7
mutateChange 	1.2
mutateRatio 	0.5
mutateRateSmall 	0.3
mutateRateLarge 	0.7
wepMax 	1.0
wepMin 	0.2
expAccuracy 	6.0
minTravel 	0.0
maxTravel 	2.0
neuralNetworkClass 	class coursework.QueenBeeEA
Training Set Training
Fitness 0.007760217983570442