-2.7585262695972954,6.227070549194289,-7.370628307241241,6.364523814988117,-6.442727142741135,-6.264830194232699,-6.015431684134626,3.2419155715401384,-3.872973989314062,-2.5121992767157524,-0.2021427230350179,4.583618786456563,-3.6736710790169056,3.1330919524750076,1.1505323650493129,-6.99541411915389,1.6632671153105252,2.9419595442318656,-0.8769785718117264,0.6087738448004809,-2.171220514427538,4.532137461725127,2.118963434818534,-5.58033941641684,4.344839322760754,-0.001274147592396524,-3.305893801775187,-0.6473390635256839,3.5208963066787984,3.006945955999898,0.9783576159529688,-1.4416334497791488,-9.93314421528055,4.4948233088257314,3.0417423451957664,0.9647478122786077,-5.7211003433918375,5.318395588058182,1.5779085814581866,4.603500130727374,-4.327316489108103,0.38029805781315273,-4.9288546922475875,-7.3679303157854354,3.3039966624378474,3.0899197315313174,5.9537842829527365,-5.1171222298742585
numHidden 	5
numGenes 	48
seed 	1586042423796
random 	java.util.Random@76fb509a
popSize 	80
maxEvaluations 	20000
minGene 	-3.0
maxGene 	3.0
tournamentSize 	5
crossoverPoints 	1
mutateRate 	0.7
mutateChange 	1.2
mutateRatio 	0.5
mutateRateSmall 	0.3
mutateRateLarge 	0.7
wepMax 	1.0
wepMin 	0.2
expAccuracy 	6.0
minTravel 	0.0
maxTravel 	2.0
neuralNetworkClass 	class coursework.QueenBeeEA
Training Set Training
Fitness 0.018534018152933207