0.04951843324277272,5.0390604327561865,0.08323969404051779,18.5628815621106,-4.759837048467338,-1.311463450199548,-2.6605781615288704,1.6224883315407759,-4.458940097060672,-14.575171505321022,0.04830826712483427,15.288158924194617,0.4275371390767584,11.39984271581946,-0.4105679178977497,2.341705355346982,7.316223079461351,-6.751928885088921,-10.630285803913473,-3.4895708653299042,0.5871563847915175,3.295038271292203,1.618672369362199,-2.6905618058671643,5.782903280631663,3.941444648711693,-0.4180435427388798,4.0228174753990595,0.6827373637930088,0.8535814769171586,1.0452669154259555,-3.9304371228331467,-0.006465341751857867,5.151493851939036,-6.121633091991067,4.625241488334107,-3.254146587283997,-5.067312686655104,3.655349583734994,3.2885533708393355,-6.09499515746705,-4.4468860484854735,-2.8432186920392875,1.7126221791216258,-6.515221263000342,4.881074388966445,4.051284598667469,4.05999221696649
numHidden 	5
numGenes 	48
seed 	1586042423796
random 	java.util.Random@76fb509a
popSize 	80
maxEvaluations 	20000
minGene 	-3.0
maxGene 	3.0
tournamentSize 	5
crossoverPoints 	1
mutateRate 	0.7
mutateChange 	1.2
mutateRatio 	0.5
mutateRateSmall 	0.3
mutateRateLarge 	0.7
wepMax 	1.0
wepMin 	0.2
expAccuracy 	6.0
minTravel 	0.0
maxTravel 	2.0
neuralNetworkClass 	class coursework.QueenBeeEA
Training Set Training
Fitness 0.007501557472420338