5.1909318836245335,8.015465144943688,-4.410334589220579,-2.575242948336552,-1.8453162203004805,-6.6194129450250605,-0.6366057401908185,-1.5515523768206168,1.431285074417085,-7.100607259087549,2.311259866292468,10.660671396836513,-12.453679509609723,0.7566832296032477,3.1801139057292342,-6.156944123069765,5.141793036236358,-8.043502832214875,-8.610795077280045,-11.659697068099186,6.00173721581256,3.7027147528384905,-1.5175041893435026,4.305479160622986,-1.5877944315567103,-0.4430489433447058,-1.029166984570175,-0.5536070343649082,-0.08661341800715117,-0.2747449013870287,0.3095194487306716,-0.21761037104926872,-0.31795687739683975,7.98235925802873,-6.449369588087058,0.5919624415722633,-6.559065625378418,3.8063217316530036,4.086955916665578,-0.8574250519320918,1.9603462290551632,-3.319618577389634,-3.044888543167814,2.2092470654559664,-11.018962729063967,-2.5485180315425304,-0.920567825958645,-1.8829312523617094
numHidden 	5
numGenes 	48
seed 	1586042423796
random 	java.util.Random@76fb509a
popSize 	80
maxEvaluations 	20000
minGene 	-3.0
maxGene 	3.0
tournamentSize 	5
crossoverPoints 	1
mutateRate 	0.7
mutateChange 	1.2
mutateRatio 	0.5
mutateRateSmall 	0.3
mutateRateLarge 	0.7
wepMax 	1.0
wepMin 	0.2
expAccuracy 	6.0
minTravel 	0.0
maxTravel 	2.0
neuralNetworkClass 	class coursework.QueenBeeEA
Training Set Training
Fitness 0.009628425057447331