-0.45747814105349094,-4.8818293183499035,5.39503513259364,2.5080158221959934,9.544275505139282,5.789128611982913,-1.3286274516810483,-6.30159100047812,-2.6150718254209933,13.71090966913676,1.4830543083631549,-10.051057134509897,5.044255558041216,1.8212595477642177,-7.801187453473126,5.220872917901671,-7.308320321552704,-8.640892055170555,0.6501863454770895,-6.584002551803756,-0.11313042706587817,-0.26899371920895954,-1.1666529098611307,9.568631122383579,-6.001654728498469,3.4679882758298888,0.5092371777294473,0.3658268090016079,1.6232751233128504,6.313091224299992,-0.29210050220441675,-3.3499412241130786,4.384412573711684,-1.2972569018909856,5.311664714937731,-1.916637817939878,2.2621193586266797,-4.664558446780317,-7.288696517584436,0.5185507803897198,-4.583388248030837,-8.41850443092297,-7.110202657990976,-0.8275229087080718,3.650122421510594,6.677457242377425,6.61681948973402,2.0241132465727
numHidden 	5
numGenes 	48
seed 	1586042423796
random 	java.util.Random@76fb509a
popSize 	80
maxEvaluations 	20000
minGene 	-3.0
maxGene 	3.0
tournamentSize 	5
crossoverPoints 	1
mutateRate 	0.7
mutateChange 	1.2
mutateRatio 	0.5
mutateRateSmall 	0.3
mutateRateLarge 	0.7
wepMax 	1.0
wepMin 	0.2
expAccuracy 	6.0
minTravel 	0.0
maxTravel 	2.0
neuralNetworkClass 	class coursework.QueenBeeEA
Training Set Training
Fitness 0.009777795941218949