9.401634817587134,-0.49722021301016683,1.1333740902821277,1.3753558144358176,-2.5080255876535693,-1.9544214456716071,-1.1014469328567646,0.3364765002371093,-3.7728637332297517,-3.413267090177089,11.158390518143312,-0.3945334541479677,-6.414135655391063,-1.8696401777551455,5.306417857111469,2.167968758541461,-2.7128298950933676,7.303361256549594,-9.958973295732527,-9.231705181262361,0.6365851016269926,2.522251262014029,-4.945506988109404,-0.36509004751055807,-3.05220513515101,0.3887221802353935,6.255196453665408,-5.309274941298287,0.20143425296499018,0.8785827747720767,8.576555471896528,-7.6122614032207805,3.537282898343676,-2.2639512457664717,-0.6402558414515627,1.8570839472329157,1.8558024119859193,-1.5050861361534398,2.300894433013375,-1.6731413784358227,-1.7407339213427575,-7.784601574750883,3.6761652043573054,-2.541103331874419,-4.927002321021251,0.009512732707564364,0.7615642065191248,3.4958753790617534
numHidden 	5
numGenes 	48
seed 	1586042423796
random 	java.util.Random@76fb509a
popSize 	80
maxEvaluations 	20000
minGene 	-3.0
maxGene 	3.0
tournamentSize 	5
crossoverPoints 	1
mutateRate 	0.7
mutateChange 	1.2
mutateRatio 	0.5
mutateRateSmall 	0.3
mutateRateLarge 	0.7
wepMax 	1.0
wepMin 	0.2
expAccuracy 	6.0
minTravel 	0.0
maxTravel 	2.0
neuralNetworkClass 	class coursework.QueenBeeEA
Training Set Training
Fitness 0.009141226326650001