-4.101142708593924,-2.5871327622896185,-0.18265822432983247,4.416605407464968,5.179881987349482,-3.434731101737384,5.51085533737314,-4.004617281885801,-5.99642319084986,-10.728670241958094,-6.968341172302046,-8.181716470657264,-5.500120064497394,1.9564031447267627,5.97730457967344,-6.8530616306669705,0.9572694043769954,9.277942291693893,-3.5719721586013504,-10.021617747648643,-2.618122902684548,-8.294281918462296,0.19709660738965828,12.560596619777087,0.43001821809103236,0.7300813477520527,9.566075986373386,-2.2059554739183618,5.226111792150856,0.24035662456395412,1.7283739806342722,8.444698809878725,-6.607360609154792,-5.639941271274548,-2.9428517061020374,5.333509875120233,-4.6782414926084686,2.832191526969332,4.635489983232055,-1.6190386442720117,-1.2965608162096827,8.33461853942217,11.099854087611956,-1.8001972538015325,-7.1915197512866955,1.1142554136382732,2.8324202351666106,-6.235414418335447
numHidden 	5
numGenes 	48
seed 	1586042423796
random 	java.util.Random@76fb509a
popSize 	80
maxEvaluations 	20000
minGene 	-3.0
maxGene 	3.0
tournamentSize 	5
crossoverPoints 	1
mutateRate 	0.7
mutateChange 	1.2
mutateRatio 	0.5
mutateRateSmall 	0.3
mutateRateLarge 	0.7
wepMax 	1.0
wepMin 	0.2
expAccuracy 	6.0
minTravel 	0.0
maxTravel 	2.0
neuralNetworkClass 	class coursework.QueenBeeEA
Training Set Training
Fitness 0.013005213876001308