3.2554367152983703,-0.7306511642833562,-1.4743958311650256,-2.214354805096762,7.050326587431753,0.17840891827433802,4.835495435805347,11.358024008032602,-3.5641053829375267,1.786196914086138,3.977173695109384,0.9509571347067471,1.0598604677907553,-4.339368493662051,11.422747369264311,4.58503694375832,-1.83361199769323,13.177064019820492,-1.5142643072382536,1.1200951449117575,-0.2889348146180635,3.5789218302404118,-3.576455363903009,2.9000483809641455,-3.3270551823960224,-5.199259010418558,5.581559088182769,-2.004570770193772,4.884054287688516,-0.045383451799204,-4.072939546451834,2.1955538743144016,1.9629896341711197,-1.4829916595461416,0.21784233152870724,4.766424855511538,-2.248928633311851,-0.29143275417298264,7.316559201556437,6.719697902273951,2.8526408984718,-1.8461035792417568,-4.021368084782478,-8.894695160249782,1.4019631845989358,1.2028107588197143,0.1340333564663907,-0.3034721159520637
numHidden 	5
numGenes 	48
seed 	1585702690993
random 	java.util.Random@76fb509a
popSize 	80
maxEvaluations 	20000
minGene 	-3.0
maxGene 	3.0
tournamentSize 	5
crossoverPoints 	1
mutateRate 	0.4
mutateChange 	1.2
mutateRatio 	0.5
mutateRateSmall 	0.1
mutateRateLarge 	0.8
wepMax 	1.0
wepMin 	0.2
expAccuracy 	6.0
minTravel 	0.0
maxTravel 	2.0
neuralNetworkClass 	class coursework.ExampleEvolutionaryAlgorithm
Training Set Training
Fitness 0.096546448080813