0.19829839554726014,-2.6089782840390328,9.851995409987465,-0.3101310541268494,-3.5658181967718985,9.304826186388377,2.815898884595132,-1.0486042738790637,11.082681562823161,0.8696746606276264,0.19529838688043144,3.4863356937497088,12.53774184795192,1.0083566149332326,6.889258455508414,-7.102112311829162,4.140529616901545,1.7189590395576924,4.375526975016341,-9.603460833869653,-7.476080377649345,4.300232280116012,0.8821492922463412,-2.7712231157405762,-4.257606908320036,0.04399532755561886,-4.7149466910823525,0.8405301930593445,-1.0796158240733804,4.316765647201798,-7.305874989795862,-3.3056678621994804,4.936475409782787,-2.226599621395799,-0.597126689934663,-8.118925328974845,2.6111895838208152,-7.074951231208166,1.8769562655429326,-0.29448046906970626,-0.04815114974616952,8.465984326137333,-6.090809926333662,-5.422035582102061,-1.207070684476607,4.640063545613423,6.246183901676956,-3.3620946853820826
numHidden 	5
numGenes 	48
seed 	1585702690993
random 	java.util.Random@76fb509a
popSize 	80
maxEvaluations 	20000
minGene 	-3.0
maxGene 	3.0
tournamentSize 	5
crossoverPoints 	1
mutateRate 	0.4
mutateChange 	1.2
mutateRatio 	0.5
mutateRateSmall 	0.1
mutateRateLarge 	0.8
wepMax 	1.0
wepMin 	0.2
expAccuracy 	6.0
minTravel 	0.0
maxTravel 	2.0
neuralNetworkClass 	class coursework.ExampleEvolutionaryAlgorithm
Training Set Training
Fitness 0.015559762201762799