1.3368798794321342,-0.8166839966437618,-7.330064167657481,-2.507532660431117,-0.7304896982203746,8.215434337379095,11.371129737308243,-11.167223888190504,-10.597452984308454,-3.9405238170626316,5.932646088438383,-5.185210668070447,-3.0384593721518085,-9.257545861620876,-0.9021595013858035,5.089444697653566,5.802826768233848,-13.037315011284369,2.871478197981368,-0.3438977242034844,-2.674108428098638,2.2683923820587504,-2.179622322083408,-1.7979628084589472,3.5458838947727473,5.22730054798747,-0.8353858534852832,0.685748246511972,0.13778487459231692,1.66464670541974,-4.791899911025033,-0.041493862939838255,5.785231698337757,-8.39709565584066,1.0225927506976336,9.568168971252046,-10.12402516529806,12.37986025677076,-8.148088273680093,-9.673591776497439,6.282432524951019,3.3525581263862714,4.443388693483317,-3.0549076791868144,3.0497929081353545,-9.38702914463213,1.641299582581498,-2.540311801622888
numHidden 	5
numGenes 	48
seed 	1585702690993
random 	java.util.Random@76fb509a
popSize 	80
maxEvaluations 	20000
minGene 	-3.0
maxGene 	3.0
tournamentSize 	5
crossoverPoints 	1
mutateRate 	0.4
mutateChange 	1.2
mutateRatio 	0.5
mutateRateSmall 	0.1
mutateRateLarge 	0.8
wepMax 	1.0
wepMin 	0.2
expAccuracy 	6.0
minTravel 	0.0
maxTravel 	2.0
neuralNetworkClass 	class coursework.ExampleEvolutionaryAlgorithm
Training Set Training
Fitness 0.011556447920801037