8.463992734428626,3.49383423179475,2.4650118345509595,1.3857331781303548,-2.410289914616487,-4.669880139481903,0.07793069859096624,-3.4361315955829115,-7.811269338294227,2.938763320801381,8.679876198567115,1.3110445529432015,-3.2758362445372704,-3.8030037121361513,0.8719972710757384,-5.735112742237619,-1.403521731709387,1.2384041561016386,-11.638255000118447,2.470979544834457,-0.46044674495157434,-0.30152154129237063,-0.43604491337817963,-1.068967781676623,-5.375242088720848,-0.18734175986468626,-6.075945197953237,0.1733552272555685,0.392026164344635,-4.844967745857139,6.182746465923197,-10.538907817237899,-1.5790861779731704,1.7296655116522681,-4.411934056846907,-3.6489506690582854,3.2324940194950997,-0.8517189558206584,2.4760544856378415,-5.824904614344576,4.867483065501252,-7.423719056896803,-1.1531800555189957,3.8226260604220617,6.54093779603595,1.7950096369468123,-4.0998037253484565,3.5266140161429105
numHidden 	5
numGenes 	48
seed 	1585702690993
random 	java.util.Random@76fb509a
popSize 	80
maxEvaluations 	20000
minGene 	-3.0
maxGene 	3.0
tournamentSize 	5
crossoverPoints 	1
mutateRate 	0.4
mutateChange 	1.2
mutateRatio 	0.5
mutateRateSmall 	0.1
mutateRateLarge 	0.8
wepMax 	1.0
wepMin 	0.2
expAccuracy 	6.0
minTravel 	0.0
maxTravel 	2.0
neuralNetworkClass 	class coursework.ExampleEvolutionaryAlgorithm
Training Set Training
Fitness 0.0071337069948491875