5.1383394842508165,-6.031506533325132,-3.505494260033572,-2.101431032297638,-1.659620519358618,9.679494581110887,-3.760359843637171,4.971297357387999,6.669133842285874,1.1257202204023946,7.0366640239862095,7.901152395607272,-2.222725452469829,-0.8889096562571324,-7.1699638597852875,2.2446485488061625,0.9417385749127261,-1.4454106303052308,16.169543102356545,4.135267876758318,0.7719795344617923,4.303893405743972,9.497718227601707,1.211552245166222,-8.146094921360842,-0.6454814313114818,-8.89610873201006,5.884221597908397,-0.454983309703225,-4.777672279761283,7.381581816006123,-3.784027292897747,7.760876009259543,2.201222229437402,5.102672720248405,-2.0988837328374137,1.2888992436647146,8.002975575908241,0.46272486117518397,-0.44185548304156397,6.683675615045183,11.339554952453454,-2.4568778329238574,2.0546805226254863,-6.427123162331194,0.6586770782587705,-3.7229262761042676,-3.3057269959390876
numHidden 	5
numGenes 	48
seed 	1585702690993
random 	java.util.Random@76fb509a
popSize 	80
maxEvaluations 	20000
minGene 	-3.0
maxGene 	3.0
tournamentSize 	5
crossoverPoints 	1
mutateRate 	0.4
mutateChange 	1.2
mutateRatio 	0.5
mutateRateSmall 	0.1
mutateRateLarge 	0.8
wepMax 	1.0
wepMin 	0.2
expAccuracy 	6.0
minTravel 	0.0
maxTravel 	2.0
neuralNetworkClass 	class coursework.ExampleEvolutionaryAlgorithm
Training Set Training
Fitness 0.007517664783076306