4.487737371112447,-1.7143899553788904,-5.701349145284782,2.3043996024080124,-0.8459342972247462,-5.601070345042419,-7.864223053935683,4.619249707045596,6.914926580236357,-1.4610474502004576,5.425990977346002,-5.261592224385868,-4.817345886344996,9.248754998072835,6.0561968541057425,-10.415548982353073,-3.1348990720505268,12.50723253489757,5.198438759060008,2.4919055947411852,-0.8042801521164619,4.128759625820357,-1.6475379365891567,0.407361619960782,-0.878360359026307,0.4602139963141044,-0.5568250880388365,-0.9881820411184788,-0.4030967883184088,-3.3885281522706783,4.12500833226681,-6.881988595524148,-3.710321347240384,-0.9386719058749765,4.258668989355625,0.4827188432975217,2.0868936434043817,4.314459435972259,11.143557949790768,3.3277630539498237,-1.1021892070754253,5.455523490706932,6.316413737722937,4.948747447091587,-4.696234452758907,6.415585622704429,6.496181261649898,6.356066502905803
numHidden 	5
numGenes 	48
minGene 	-3.0
maxGene 	3.0
tournamentSize 	5
crossoverPoints 	3
popSize 	50
maxEvaluations 	20000
mutateRate 	0.5
mutateChange 	0.9
seed 	1583956252259
random 	java.util.Random@76fb509a
neuralNetworkClass 	class coursework.ExampleEvolutionaryAlgorithm
Training Set Training
Fitness 0.009595791618041485