-5.299574971549683,-1.6583118740937506,2.2964616395137902,-1.6655478434419129,4.733143251342606,-1.8666027357978268,8.097808771410424,4.459158775276782,7.222740939381274,-8.826589246533228,-4.3909602877033835,-0.13798639980708916,-0.24663786543613975,0.290238059910801,-4.414194496638771,1.5591112443579815,4.174707808553017,-2.414712358864684,6.516514151441817,3.571574221203791,3.899133711139742,4.853648317388908,-3.9371086158069435,-2.7793067808184158,-2.6825876443902734,-0.0381066147765281,1.1873968459708304,-2.8781316343744976,-0.9018222039373959,-1.3181690152811436,5.187378240897703,7.148213766408718,-2.362024210098365,2.7826461450778748,-0.6167692075010878,1.6653117940870366,-3.0862497737031607,-0.3338068641969544,2.8218795062348114,-2.8941630644198524,2.6300174197588944,8.38411431258821,-3.864070483804499,0.6224814296296989,2.6521095365070217,5.05170922687531,-0.5148662869179902,0.20267365883718003
numHidden 	5
numGenes 	48
minGene 	-3.0
maxGene 	3.0
tournamentSize 	5
crossoverPoints 	3
popSize 	50
maxEvaluations 	20000
mutateRate 	0.5
mutateChange 	0.9
seed 	1583956252259
random 	java.util.Random@76fb509a
neuralNetworkClass 	class coursework.ExampleEvolutionaryAlgorithm
Training Set Training
Fitness 0.09917582666413381