-1.2672146670460374,1.3629960871910507,-2.3197974133614436,-5.896960998228954,-3.840970485281735,-2.4501027867611027,3.496350970381412,0.6222876316515278,0.2717119887552572,-3.9132339632796094,0.5813118863186172,0.2558301803963458,-5.636944399508589,-2.582745577317855,-2.0017286848059945,-6.947604735716287,-1.695679683466239,2.397059332383117,0.17699689846937916,-3.620846460304459,-0.8549524552182788,-2.6138675256217727,0.033285994516904845,-0.6300768062384902,-0.21007090592639854,-0.02381239250609344,-2.445353414626935,0.632857429608655,-1.2903667999184145,-0.0013358845681669394,-3.2397329628854115,3.2033013319379986,-5.435376594738609,-1.6311515074036183,-2.250896747349117,-3.0826683481667807,-2.043870100452115,3.72284606897691,0.388612625100897,-3.392986532459806,3.638658994279601,3.7320215078869956,-4.178322036674584,3.73112955233763,-3.7445204651709956,-4.566190255628814,-1.1445485471808026,-1.125669434537553
numHidden 	5
numGenes 	48
seed 	1586518459380
random 	java.util.Random@76fb509a
popSize 	20
maxEvaluations 	20000
minGene 	-3.0
maxGene 	3.0
tournamentSize 	5
crossoverPoints 	1
mutateRate 	0.4
mutateChange 	1.0
mutateRatio 	0.5
mutateRateSmall 	0.3
mutateRateLarge 	0.7
wepMax 	1.0
wepMin 	0.0
expAccuracy 	6.0
minTravel 	0.0
maxTravel 	7.0
neuralNetworkClass 	class coursework.MultiVerseOptimisation
Training Set Training
Fitness 0.006543097422604101