-2.914534416757253,-4.401089944896457,0.9011295831842034,-1.3031258210346683,2.873617202957411,-0.7179302022745688,-1.2129530362582508,-2.2238883835604786,2.5991958318725215,2.270350368957057,-3.818830655866969,-1.7401536775150688,1.8889274484480043,1.8757784892608629,-2.7609581160136463,-0.7180064772748881,0.023162639778045422,4.021427176407964,1.9412142081933101,2.768619296987952,1.1262994146214467,0.37006045323655373,-2.9139193936502523,1.2923463649802993,-1.2246664593491188,-0.2573069491187174,-6.62247046727927,0.8524747748656837,-0.14492366879789267,-0.3392689328330269,-4.152769235271079,4.349316988814763,-0.787003367681388,0.1604857174265522,-3.0927704335841733,-0.690387944468011,0.47260818595763526,-1.162619785091479,0.7884175324656262,0.9223793660719801,1.3079369969637018,4.3462867407748,0.9666151549871375,1.1473072566849978,3.8521695882837577,-0.903713297013049,-3.3117592471089763,0.16106963450445105
numHidden 	5
numGenes 	48
seed 	1586518459380
random 	java.util.Random@76fb509a
popSize 	20
maxEvaluations 	20000
minGene 	-3.0
maxGene 	3.0
tournamentSize 	5
crossoverPoints 	1
mutateRate 	0.4
mutateChange 	1.0
mutateRatio 	0.5
mutateRateSmall 	0.3
mutateRateLarge 	0.7
wepMax 	1.0
wepMin 	0.0
expAccuracy 	6.0
minTravel 	0.0
maxTravel 	7.0
neuralNetworkClass 	class coursework.MultiVerseOptimisation
Training Set Training
Fitness 0.013509083025397956