7.1045803781897625,-0.26724696292527195,3.0106896420450986,-3.014738730296977,2.533945574735088,-3.9101895708149392,2.688945542234729,-7.454495005172461,-0.6863124489945179,1.8332241800892657,2.861162105382595,-0.34558116739307654,-4.169681331677147,-1.5315074754856859,4.118756113339127,-2.4723584898543596,5.362539433081833,-1.841202906828489,-2.3686169108169723,-1.0781649613039195,-1.233954273102333,0.3233448077219556,6.337792372166396,1.89097743467595,-3.498876979337927,-1.007425341446611,0.06610961601236133,2.4904176802614484,4.471048822123407,1.2315234348958568,9.02686670199571,2.3156175717539584,-2.065463620345403,-1.9825235543636335,1.006694943190484,7.296752203960221,-1.1210982719413143,0.27110802518188243,-0.9975265699806478,4.7991711199566645,7.381267231455232,1.0053820748231683,1.3338962471068119,-8.313938306415773,-1.137917162546188,3.27316629120945,-6.237117258213435,-1.8996960717504245
numHidden 	5
numGenes 	48
seed 	1586518459380
random 	java.util.Random@76fb509a
popSize 	20
maxEvaluations 	20000
minGene 	-3.0
maxGene 	3.0
tournamentSize 	5
crossoverPoints 	1
mutateRate 	0.4
mutateChange 	1.0
mutateRatio 	0.5
mutateRateSmall 	0.3
mutateRateLarge 	0.7
wepMax 	1.0
wepMin 	0.0
expAccuracy 	6.0
minTravel 	0.0
maxTravel 	7.0
neuralNetworkClass 	class coursework.MultiVerseOptimisation
Training Set Training
Fitness 0.011407192498497322