-2.2816446314468073,0.3473839752348794,1.5550030860163295,-5.189642681043847,3.5777185441100814,-1.9162399823324114,0.45079675269452124,7.555862778445763,-1.0239965103963942,1.2695088262658543,0.1387983789545384,-1.8195158342076647,0.1312981438102929,3.8787296178292605,1.8167210553326596,-2.9430535551418577,-0.01930555146328432,1.2195344601331213,-1.6818793465016468,-0.468043646658331,-2.160790705939232,-3.9089000270348406,-5.2591613026134425,-7.021458818147943,-2.1229704743684112,4.131324551026753,-2.6911329557398274,-1.195078698278535,0.1482431965327401,0.9153129001412763,3.0401701557034175,3.8818245487557874,0.7265005998517299,-1.3618059594601815,-0.32829426825104613,0.12801585632112886,1.4158883393573554,3.181183464743405,5.175561414270214,5.818075323951468,-0.31820814056936625,-0.3315202942076359,4.268990874646243,-2.286566303631727,1.1035030266800487,2.620293711803803,-1.0319220134341862,0.3585648076117714
numHidden 	5
numGenes 	48
seed 	1586518459380
random 	java.util.Random@76fb509a
popSize 	20
maxEvaluations 	20000
minGene 	-3.0
maxGene 	3.0
tournamentSize 	5
crossoverPoints 	1
mutateRate 	0.4
mutateChange 	1.0
mutateRatio 	0.5
mutateRateSmall 	0.3
mutateRateLarge 	0.7
wepMax 	1.0
wepMin 	0.0
expAccuracy 	6.0
minTravel 	0.0
maxTravel 	7.0
neuralNetworkClass 	class coursework.MultiVerseOptimisation
Training Set Training
Fitness 0.058056070521040525