0.9271279026071197,-2.1051702605321356,-4.704243655189312,-0.3204143162271581,-1.302166839930899,3.399027401284914,4.987065777406955,1.4701254218881425,2.981900100733981,-4.284009011121074,3.2013991766611367,-6.701962476804991,-1.9975078938157234,-0.2721097816102707,0.48884433086456,1.6338823374184264,-3.418310830887036,3.424642622554865,2.1723292612849363,0.018207327077551294,0.4346416911909981,-2.6728651225886932,1.9285037785478414,-6.357375378564881,-1.7154105373266892,-1.2756626535285853,2.049741951472633,-0.4855990225758632,2.3292910140606797,-3.7445800130054643,3.6992826651241466,1.910883632016312,-0.5180132941148716,3.455815527590594,1.5469312537921858,-0.7956778986835519,-3.969249051550874,5.1302238166277085,1.4073680273608284,-2.575957204601527,5.164245372645638,4.273929626564837,1.923938167208942,-1.8205102775554858,-1.1051102571654505,1.9441011446773226,1.8282728561697301,-1.625001604513612
numHidden 	5
numGenes 	48
seed 	1586518459380
random 	java.util.Random@76fb509a
popSize 	20
maxEvaluations 	20000
minGene 	-3.0
maxGene 	3.0
tournamentSize 	5
crossoverPoints 	1
mutateRate 	0.4
mutateChange 	1.0
mutateRatio 	0.5
mutateRateSmall 	0.3
mutateRateLarge 	0.7
wepMax 	1.0
wepMin 	0.0
expAccuracy 	6.0
minTravel 	0.0
maxTravel 	7.0
neuralNetworkClass 	class coursework.MultiVerseOptimisation
Training Set Training
Fitness 0.06493157350010585