0.09387427416642168,3.5392240025195174,-1.0637970077555354,2.1073257311462976,4.336638622351513,-4.284895470115757,2.7202450506724576,-1.7823691071795214,14.818279803947798,5.352943637159402,4.772484813950335,2.016982754210402,-0.150510247772842,-1.3221618636724877,-0.6268955718280957,-3.018659747314545,-0.0948510278837326,-3.228160256626159,0.9528789580136673,6.859512695750708,3.3094592195924966,3.374289410353191,-1.374906943240468,3.6169562829236224,-5.364911728612995,-0.045003388308900175,4.444888265413089,-5.8443856330876045,-6.947984074939217,0.20893022230448538,4.676047914508804,2.6002013926983136,-1.9822366761149766,3.2000836636053487,2.8634555070511225,3.9163501229250466,2.784824557206353,-1.5411446225165915,3.405142280451108,3.7001670453624875,6.814291008903348,4.138321687346702,1.7773394443976887,-2.2327831432363867,7.1027888330824664,2.8066004874585513,0.9326907831057143,2.0331794731374835
numHidden 	5
numGenes 	48
seed 	1586518459380
random 	java.util.Random@76fb509a
popSize 	20
maxEvaluations 	20000
minGene 	-3.0
maxGene 	3.0
tournamentSize 	5
crossoverPoints 	1
mutateRate 	0.4
mutateChange 	1.0
mutateRatio 	0.5
mutateRateSmall 	0.3
mutateRateLarge 	0.7
wepMax 	1.0
wepMin 	0.0
expAccuracy 	6.0
minTravel 	0.0
maxTravel 	7.0
neuralNetworkClass 	class coursework.MultiVerseOptimisation
Training Set Training
Fitness 0.04636016505001056