0.5434550655087276,-0.5529832642992838,-0.12359422560548093,-1.571356377661118,-1.7696742894399402,-2.159901464078504,-3.964353967998812,1.8306709569878,0.0551161411563727,-0.47351992846611807,1.5842354379923622,-5.351461665045194,-2.6843135346875946,2.2896176697779254,-2.583848970071772,-0.7984123249135696,-0.08953089748347387,1.9368432654301437,3.4289082846480934,4.5646366623928625,-2.830459981785195,1.0350368161446863,-1.759366822327022,-3.663826225313723,2.463919611913551,-2.4832668061382117,2.8644784055730432,0.8451348252805977,-2.305587363050554,1.3498733807900263,1.966027020495965,-0.9540179758375968,-2.7244977085397606,2.713352126440442,9.088549662033744,-1.3466470399559156,-1.759192898895018,-1.5820929725820454,1.054992393319367,0.22805464605193257,-1.3168736499370364,1.8319986457941315,1.7558038490244072,3.2206809443539197,0.8709423763149979,3.4746493422665257,-0.34767539730454033,-1.3170496137939274
numHidden 	5
numGenes 	48
seed 	1586518459380
random 	java.util.Random@76fb509a
popSize 	20
maxEvaluations 	20000
minGene 	-3.0
maxGene 	3.0
tournamentSize 	5
crossoverPoints 	1
mutateRate 	0.4
mutateChange 	1.0
mutateRatio 	0.5
mutateRateSmall 	0.3
mutateRateLarge 	0.7
wepMax 	1.0
wepMin 	0.0
expAccuracy 	6.0
minTravel 	0.0
maxTravel 	7.0
neuralNetworkClass 	class coursework.MultiVerseOptimisation
Training Set Training
Fitness 0.11249372728956433