-2.0367221650939777,2.001528534432786,-3.0995538738022543,-0.6743583013697984,3.019735991278275,1.885245875924762,1.9958122352845644,0.46220957467081386,1.5191124673935952,-5.480178969738348,2.276996865136903,3.471326600048488,0.8115113224211781,-0.126195202914879,0.7610887930156403,-1.6713438514643655,3.9591168021313154,-2.0224696064859335,0.05950441829653882,-3.205724163248519,-1.8945556759178022,0.9802901572751055,-0.8777358030926222,-0.7340277588495228,0.3568820165042453,-0.8518593303770741,-0.6522392222539992,-0.009190563216157657,3.6378424424227975,0.7523893367680984,-1.2800058086935977,-4.287610985983461,-2.046090956472287,2.940949554867077,-2.9224786581977913,3.1620942386624904,0.20354479474167525,-0.8358479044376195,0.12893976753887162,2.7156975474093348,-2.277584375453907,2.799679460838637,-1.1639436210211702,-4.7848330514645045,-8.670202645275523,-1.8315255602662772,0.2839177898832764,2.247067174737287
numHidden 	5
numGenes 	48
seed 	1586518459380
random 	java.util.Random@76fb509a
popSize 	20
maxEvaluations 	20000
minGene 	-3.0
maxGene 	3.0
tournamentSize 	5
crossoverPoints 	1
mutateRate 	0.4
mutateChange 	1.0
mutateRatio 	0.5
mutateRateSmall 	0.3
mutateRateLarge 	0.7
wepMax 	1.0
wepMin 	0.0
expAccuracy 	6.0
minTravel 	0.0
maxTravel 	7.0
neuralNetworkClass 	class coursework.MultiVerseOptimisation
Training Set Training
Fitness 0.006564141806355317