-5.158026560726608,-1.5168014254925855,0.06622282193187683,-2.791922204300673,-3.3419960254889944,1.9312974355828834,0.324523848066443,-2.5215209375975536,-3.666424305346792,-3.689622790117412,-1.4779010928779877,2.6510219279719442,0.12589237913224122,-0.6957840861755945,-2.522406799461209,2.95264391016069,0.321461320805457,-0.3601843073737158,1.8709689429961838,3.4552790388570154,-3.5771474068881957,0.6020016226179568,3.3559399760309385,2.913235905456239,2.3816858832620764,-1.9626990438676661,-3.264547209022578,-1.1364710958145015,3.174378593699273,0.26961055256444677,0.42349605459817385,-1.4668673055141026,-1.0452949230562487,-0.6150377365315185,0.7104481254957864,0.493512645220224,-0.032540110764775344,-1.1599765740146022,-5.205016931353197,1.3999234811504224,-1.491038035026595,0.022824877791888753,-1.767893928068063,2.6791811306332183,0.5135533884320476,-2.0977443545129626,2.616215434068706,-2.1204940546868265
numHidden 	5
numGenes 	48
seed 	1586518459380
random 	java.util.Random@76fb509a
popSize 	20
maxEvaluations 	20000
minGene 	-3.0
maxGene 	3.0
tournamentSize 	5
crossoverPoints 	1
mutateRate 	0.4
mutateChange 	1.0
mutateRatio 	0.5
mutateRateSmall 	0.3
mutateRateLarge 	0.7
wepMax 	1.0
wepMin 	0.0
expAccuracy 	6.0
minTravel 	0.0
maxTravel 	7.0
neuralNetworkClass 	class coursework.MultiVerseOptimisation
Training Set Training
Fitness 0.05154665914505833