-2.509648531429677,3.784921477552896,0.25849777978637467,6.465291087835493,4.2133796255975335,3.535704655789988,6.954871981710615,-4.433017557704996,0.463002267396363,-1.1647237443605678,-0.7133292732875864,3.318377189625062,-1.9853566298449998,3.9232442465891095,5.866616200314721,1.6248742800775287,-1.2677805973917404,-3.8762054719664953,0.1314089262292151,-1.7285828454159982,-1.064799091853197,-3.140267640466542,-0.032060580175612495,1.5057071813104868,-1.6450379827453743,-1.2498303724627664,0.9801672512619903,-0.2174877125707988,-2.6162749550529116,-0.16784209113232118,-0.744754044724009,0.1002900150525858,0.34757583147220816,0.26958253715085934,-2.838292010809711,-0.8368687071569851,-5.118478124434909,2.07372735906505,-4.353653363750776,2.8822295671097633,-0.8340775507161711,0.10454224780152666,0.48010901903575215,-3.2248311239705205,-1.6803168694458779,0.29634534488265873,0.03471462174513057,-1.0062169969634018
numHidden 	5
numGenes 	48
seed 	1586518459380
random 	java.util.Random@76fb509a
popSize 	20
maxEvaluations 	20000
minGene 	-3.0
maxGene 	3.0
tournamentSize 	5
crossoverPoints 	1
mutateRate 	0.4
mutateChange 	1.0
mutateRatio 	0.5
mutateRateSmall 	0.3
mutateRateLarge 	0.7
wepMax 	1.0
wepMin 	0.0
expAccuracy 	6.0
minTravel 	0.0
maxTravel 	7.0
neuralNetworkClass 	class coursework.MultiVerseOptimisation
Training Set Training
Fitness 0.010044324629833633