0.665004304916514,-1.0232788295199817,7.206861297738477,-1.9604585104087466,-0.14477822050683925,-3.9679188102629683,-2.2372050061120503,0.24060719655174598,0.886943342624307,-3.379131808110082,0.09212682880046581,-0.12740365073820217,5.0982344668512765,-2.5143128813014863,1.9831452646792138,-2.2342017685053617,0.743034951261139,0.8405619301065805,-3.2280085408778016,-0.6176987016887815,2.1155303502117078,4.7699914135268155,-0.025812054547133388,-1.2385700715877974,-1.82398502462527,0.129516675648777,3.6691002498319585,0.19152568962219751,-0.7816828277724839,1.8238331541342883,0.8586658305217836,-2.299838268745259,-5.478659863026865,-1.005250009113393,-2.2211957767757564,1.6780341077902414,1.7232358266279864,-5.69229175788138,-0.31255483880808277,-1.9692590091572209,-1.7069070407510285,1.510093830607418,-2.6910142374375163,-0.6445553150849919,-2.6533070155909035,1.506941654833891,2.5423555386824943,2.292432601837937
numHidden 	5
numGenes 	48
seed 	1586518459380
random 	java.util.Random@76fb509a
popSize 	20
maxEvaluations 	20000
minGene 	-3.0
maxGene 	3.0
tournamentSize 	5
crossoverPoints 	1
mutateRate 	0.4
mutateChange 	1.0
mutateRatio 	0.5
mutateRateSmall 	0.3
mutateRateLarge 	0.7
wepMax 	1.0
wepMin 	0.0
expAccuracy 	6.0
minTravel 	0.0
maxTravel 	7.0
neuralNetworkClass 	class coursework.MultiVerseOptimisation
Training Set Training
Fitness 0.008031475096261953