-2.5486483002209774,-3.2944334777090614,4.27104607716805,-2.0487878549265823,0.23487543230424268,-2.347664026543166,2.6238408757831624,0.529280078191967,-2.9395621029280816,0.6755082815290845,1.1694027144616204,-2.7665929552761455,2.6426463018445667,-1.7376726226707697,4.866766152604013,3.338778125883553,1.1810125974688506,4.213207863122371,0.5068308759875213,2.3531681444988823,1.781521598285454,-0.8542173324406545,1.5576131399048245,0.6741720014492755,-0.08772965268336017,0.012312339893433269,-0.2814461559089915,-0.2601880428111038,1.455112596942651,0.8827089989645993,2.1256502565740814,1.077545435712525,-0.37911049620569726,-5.752348955807912,4.797912554412662,3.518648507418956,1.801737703470602,-0.07054591476618083,3.65509281458788,-3.5686202769443156,-0.7204670632215938,-2.2237510741802256,-0.16340616052894888,-1.1186547625250252,3.9562889484207022,-0.01747602027406368,2.645535936886487,0.8865498526266512
numHidden 	5
numGenes 	48
seed 	1586518459380
random 	java.util.Random@76fb509a
popSize 	20
maxEvaluations 	20000
minGene 	-3.0
maxGene 	3.0
tournamentSize 	5
crossoverPoints 	1
mutateRate 	0.4
mutateChange 	1.0
mutateRatio 	0.5
mutateRateSmall 	0.3
mutateRateLarge 	0.7
wepMax 	1.0
wepMin 	0.0
expAccuracy 	6.0
minTravel 	0.0
maxTravel 	7.0
neuralNetworkClass 	class coursework.MultiVerseOptimisation
Training Set Training
Fitness 0.005332467834035564