-0.15613840343371546,1.0883229989264533,-0.9763531642344837,2.7515972083265705,-2.1681781047795488,2.463386739924504,4.5702027514613486E-4,-1.9760569005468354,3.5524152088842036,7.937310821173301,4.27623769708855,-7.658871258782347,-6.426252680809811,5.462350053232229,0.5504462707574596,0.7120666998688104,1.1663682278147762,4.4192091677068825,-1.9524493589281762,6.064532521773796,-2.2604665107929236,-0.9404447189354875,3.5137053422853346,-2.66760360738267,-3.1720052767314706,6.899304027348153,0.20323018272616253,-0.7583223032869755,-0.016298548706771453,-0.2616585327671183,-3.806728627478204,-3.66021287833389,2.416086497010315,-3.862727369465765,0.9085959495626739,3.244149405522044,0.16623655662756814,5.43633850145344,0.7657673629192933,1.5408821652716602,-5.445608899071148,0.048760211893239085,-5.22938762439863,-2.174774830048485,7.416109702183543,3.4944401797171785,4.833893242421173,-1.0878241364649672
numHidden 	5
numGenes 	48
seed 	1586472181710
random 	java.util.Random@76fb509a
popSize 	20
maxEvaluations 	20000
minGene 	-3.0
maxGene 	3.0
tournamentSize 	5
crossoverPoints 	1
mutateRate 	0.4
mutateChange 	1.0
mutateRatio 	0.5
mutateRateSmall 	0.3
mutateRateLarge 	0.7
wepMax 	1.0
wepMin 	0.8
expAccuracy 	6.0
minTravel 	0.0
maxTravel 	3.0
neuralNetworkClass 	class coursework.MultiVerseOptimisation
Training Set Training
Fitness 0.00566827867797711