0.895617426708918,0.0368875615015721,4.351136112237888,-0.48058939559562447,3.8294705366728996,2.8964624995478645,-4.04989891307504,2.004341543970628,-6.67587896817586,2.5935466859093457,-5.057244055402588,-4.268138189440044,4.360443290785837,6.757064413226324,0.6691593832339946,4.233084561528871,-6.90056300760284,0.6034499042385008,0.6892933912412997,-1.5248473669603908,-0.00761490534087942,-0.7597759666274897,0.11894344086540398,3.8426963176305473,-0.7810535475016829,0.1986880483293967,0.589002009719943,0.24673600750774669,5.4177057677458835,1.2784500048223661,-0.4565137186738565,4.656027171558209,4.246608150349768,-2.3531387232326604,-3.685058429520643,-6.141233308511026,5.563239663165396,-1.7264933906084547,1.268372726523278,-0.5738496485432578,-4.370049505871347,4.134166500951443,-1.281729998739763,-0.3186112219796284,2.245150587264518,0.96050116745668,4.523122278279306,-4.803500422454324
numHidden 	5
numGenes 	48
seed 	1586472181710
random 	java.util.Random@76fb509a
popSize 	20
maxEvaluations 	20000
minGene 	-3.0
maxGene 	3.0
tournamentSize 	5
crossoverPoints 	1
mutateRate 	0.4
mutateChange 	1.0
mutateRatio 	0.5
mutateRateSmall 	0.3
mutateRateLarge 	0.7
wepMax 	1.0
wepMin 	0.8
expAccuracy 	6.0
minTravel 	0.0
maxTravel 	3.0
neuralNetworkClass 	class coursework.MultiVerseOptimisation
Training Set Training
Fitness 0.004666668678970936