0.46644722123767085,3.370400712569185,3.3355054326365483,-3.044551539769358,5.830349707846208,4.410689931059979,-3.764704806749772,4.50202869200174,-2.3422316077763177,7.482584257683014,4.479126065754251,8.246275479432791,-4.24825853341868,-0.3606646285075366,6.3726237471399845,1.2749250070869502,-4.48604694632862,-2.6463519117299557,-2.1294428163247763,10.024431947213897,3.9387177578873915,-1.7501497847472356,-4.403886352576777,-3.511466122678059,-1.318874425820909,6.202876458009198,-0.3742107446943002,2.5656169740817636,-10.111993321455481,0.41757857929486336,2.647223186591648,0.9138948931646447,-7.967494896893381,3.942912625037037,-7.005770589877781,4.184952530564742,1.2714374802101684,-2.9811940701208828,3.454765352568283,6.8047893314297045,-2.1244165686604086,-1.3071541503339026,2.9002496230730865,0.3003941842481099,9.491059442701127,3.1774249513825445,-3.5929982941307843,1.2170218128792645
numHidden 	5
numGenes 	48
seed 	1586472181710
random 	java.util.Random@76fb509a
popSize 	20
maxEvaluations 	20000
minGene 	-3.0
maxGene 	3.0
tournamentSize 	5
crossoverPoints 	1
mutateRate 	0.4
mutateChange 	1.0
mutateRatio 	0.5
mutateRateSmall 	0.3
mutateRateLarge 	0.7
wepMax 	1.0
wepMin 	0.8
expAccuracy 	6.0
minTravel 	0.0
maxTravel 	3.0
neuralNetworkClass 	class coursework.MultiVerseOptimisation
Training Set Training
Fitness 0.006995825573716181