-3.2252809694110556,-1.3796806305227234,1.5890511955876458,7.662680506227,6.904706242786756,0.38708880489929276,-7.472533742764847,-7.140773825018989,6.94216863298622,-2.748768653475306,-5.3180413316790425,4.870191989700332,0.3477137805431571,5.408221402771933,1.0786042118337853,-7.726691695460442,3.9908457924599072,2.439426657121089,6.652393910244727,-1.776937730600092,-0.025469217677924785,3.668487782312508,-4.543395519957226,5.796696650084682,4.041122226890987,-2.0608589325465925,3.640412245010658,0.9715927971023707,-1.51357459091967,-0.18970324635443309,6.345421760091701,5.8167483691857065,-4.925302348170477,8.005672006482198,0.40109121842269546,-3.886572006282538,-5.250267068357963,0.7335575561895717,-0.8663029197525383,2.527069161108225,2.301715949355782,-0.9302767727704617,2.4282574509613246,-5.620346835587053,-2.385975542823213,10.004764128278955,3.086120172147059,0.7546302134846381
numHidden 	5
numGenes 	48
seed 	1586472181710
random 	java.util.Random@76fb509a
popSize 	20
maxEvaluations 	20000
minGene 	-3.0
maxGene 	3.0
tournamentSize 	5
crossoverPoints 	1
mutateRate 	0.4
mutateChange 	1.0
mutateRatio 	0.5
mutateRateSmall 	0.3
mutateRateLarge 	0.7
wepMax 	1.0
wepMin 	0.8
expAccuracy 	6.0
minTravel 	0.0
maxTravel 	3.0
neuralNetworkClass 	class coursework.MultiVerseOptimisation
Training Set Training
Fitness 0.0959857926003508