2.5668223649955206,5.926566168124409,-0.0065819661917574535,2.7558334949820975,-2.9284456446479923,-2.8023105040298844,1.4852866897786032,5.4068034570710966,0.9881583608484286,2.838604641958756,2.22208984300089,5.097913757878943,0.1386735218228283,-3.446426985925033,-1.5398013683344156,-3.990440364729321,3.865023694084161,-1.9021647621325843,-1.1732438653787036,-0.32154438460903806,0.7316555326088702,1.3932909624008667,-0.7344550495622023,-0.4013485596190167,4.879105758147696,0.3645700770364546,-0.8571245499308247,1.4391547507715483,1.8682113872251411,5.3844085879449946,4.342919786169589,-0.18225704969473877,-7.1958850245598045,-7.717779939729866,-4.7751309778439825,5.9506544463821545,9.270711556517515,-0.42205219091335056,7.421985052571663,2.723887383506503,-3.4329963517564983,-1.573138461808453,9.495441890761537,-0.2655385367208231,-1.0333050062747997,2.2799329022219474,3.071492828768645,-3.8576760345769525
numHidden 	5
numGenes 	48
seed 	1586472181710
random 	java.util.Random@76fb509a
popSize 	20
maxEvaluations 	20000
minGene 	-3.0
maxGene 	3.0
tournamentSize 	5
crossoverPoints 	1
mutateRate 	0.4
mutateChange 	1.0
mutateRatio 	0.5
mutateRateSmall 	0.3
mutateRateLarge 	0.7
wepMax 	1.0
wepMin 	0.8
expAccuracy 	6.0
minTravel 	0.0
maxTravel 	3.0
neuralNetworkClass 	class coursework.MultiVerseOptimisation
Training Set Training
Fitness 0.0964582174709499