-0.38324240230268886,-2.9519024081165153,2.201818709736317,-0.8737286160163155,-0.3522981842508958,0.7235972113561959,-0.24759722713450116,0.45631863464060357,-0.8974680074427066,-2.8903578603525926,2.9397590387691386,-1.2107156565129922,2.479502676602333,3.5636960861824827,-1.1179577727480257,5.329570232453212,3.0871787171089573,-1.949660143513513,-8.208446658425343,-7.11655659239086,-2.7985373384484586,0.257358446890763,4.335815910422922,-0.4917302688974704,-0.7122938235615227,4.427834851409451,-2.5994316407963436,-4.695781019514935,1.0390597490344364,0.5091579861781044,4.456591972410818,-4.298219261463989,1.9163626519843493,-1.8037609081943813,-0.6968233471644008,-2.5157972623212985,2.710624438880507,-6.0473407655024385,0.28091236121508806,-0.1903073508002761,5.867153911697189,-0.2928862757074152,-0.09348580001297417,0.1398326800559235,-7.6963239638719685,3.4531129711173745,4.930272283598275,-2.217775757434216
numHidden 	5
numGenes 	48
seed 	1586472181710
random 	java.util.Random@76fb509a
popSize 	20
maxEvaluations 	20000
minGene 	-3.0
maxGene 	3.0
tournamentSize 	5
crossoverPoints 	1
mutateRate 	0.4
mutateChange 	1.0
mutateRatio 	0.5
mutateRateSmall 	0.3
mutateRateLarge 	0.7
wepMax 	1.0
wepMin 	0.8
expAccuracy 	6.0
minTravel 	0.0
maxTravel 	3.0
neuralNetworkClass 	class coursework.MultiVerseOptimisation
Training Set Training
Fitness 0.11409723115835439