-3.0729254876229386,-2.421584075192812,-2.7762090822987626,-8.37161005907195,-2.24479082543818,7.516149082084889,-3.84030228747304,5.210796604153925,1.205072076190657,-1.2876888436731744,-2.896391832903055,-3.8367406688844974,3.4395401965269476,-3.623974276872458,4.294326112491738,-0.6845023744427441,-0.5686701076563078,1.6900623333338904,3.003545273705778,-8.317273468062062,5.379755331085601,0.700052010962772,-2.033742770022414,0.6052427328022477,-2.2785088379040137,3.5761123545529774,-0.01785759541121805,-1.3679243649427495,1.1499746665807826,-0.5011305964699291,4.071678900087154,0.18951021338768576,4.793669238654575,-4.037730105603345,14.690149920938664,-5.93113778210837,3.931661481578792,0.8814032089650105,9.859311121101934,-9.21515601596462,-4.8641621746982695,2.903209737974352,-3.500441967355055,2.7153979985659267,-6.269563800276431,4.796693902809587,5.350469431251866,-2.358600190299009
numHidden 	5
numGenes 	48
seed 	1586472181710
random 	java.util.Random@76fb509a
popSize 	20
maxEvaluations 	20000
minGene 	-3.0
maxGene 	3.0
tournamentSize 	5
crossoverPoints 	1
mutateRate 	0.4
mutateChange 	1.0
mutateRatio 	0.5
mutateRateSmall 	0.3
mutateRateLarge 	0.7
wepMax 	1.0
wepMin 	0.8
expAccuracy 	6.0
minTravel 	0.0
maxTravel 	3.0
neuralNetworkClass 	class coursework.MultiVerseOptimisation
Training Set Training
Fitness 0.006386005183510789