1.0415894729750057,1.8812769893101473,-11.623899383190972,-1.3322865574297773,1.0511420888411662,4.5271547245860235,-9.382296018211573,-0.396355838162353,0.347599940599108,-10.333162279756497,0.7194806364404575,0.6789530046845746,1.2806933763769337,3.6036944163107574,0.05324136338777331,-2.3339334963233074,2.297056523339013,-7.617966070128119,-8.070915920334885,-3.017340126846491,0.4516166600709076,-1.2661990753596586,-5.01971121748323,0.9033807920261608,11.273809288012771,0.18631380598135133,-10.957556256713668,-2.7073203688751737,-8.23766436501732,0.6834406385483713,6.743374963633873,-3.1445465403914654,0.5476478639693598,2.0501963160852745,-9.213851781868383,-4.2047977952052475,-1.0102719021898872,-2.1737775991958728,3.1482118160453916,2.960411055542243,-3.348627051352053,-0.23017772588862745,3.321445371061151,0.9279347516268893,-7.620626846671086,0.9291326681966985,7.078593107557757,-1.453393380674938
numHidden 	5
numGenes 	48
seed 	1586472181710
random 	java.util.Random@76fb509a
popSize 	20
maxEvaluations 	20000
minGene 	-3.0
maxGene 	3.0
tournamentSize 	5
crossoverPoints 	1
mutateRate 	0.4
mutateChange 	1.0
mutateRatio 	0.5
mutateRateSmall 	0.3
mutateRateLarge 	0.7
wepMax 	1.0
wepMin 	0.8
expAccuracy 	6.0
minTravel 	0.0
maxTravel 	3.0
neuralNetworkClass 	class coursework.MultiVerseOptimisation
Training Set Training
Fitness 0.11794176104956215