8.054622096160134,4.024634446282344,3.084441606133458,7.230465073573812,-5.892936056781148,5.682989070445119,-0.6041096729437335,6.104356689271585,-5.8733012709837,4.573632876491416,-1.803445486771281,-1.710035797098705,0.5546553605833924,-9.387330774740303,-1.2639285616439582,0.9518873379181388,3.0211428665872133,3.181635097839682,-6.56850992695015,-1.4956072502149438,0.8580615896179095,0.47916602636768896,-5.882401705060906,6.962589955903921,-6.301181456058684,2.330354967865612,-4.326002719148377,-0.6498268750030275,6.453018423852355,-0.15918576537956042,1.8258365182831395,-0.22971656422160466,-1.3974269323118755,-4.644349769782892,2.199421836049678,0.7313048045972846,0.5504251267678844,-7.137418605059224,6.3648211911683985,-3.852316890795573,3.0168421027632313,-0.9490262265619427,-7.507489264860814,-2.739624064571026,5.565451380385982,-2.6448357117157966,-4.697096580754692,8.99342524667586
numHidden 	5
numGenes 	48
seed 	1586472181710
random 	java.util.Random@76fb509a
popSize 	20
maxEvaluations 	20000
minGene 	-3.0
maxGene 	3.0
tournamentSize 	5
crossoverPoints 	1
mutateRate 	0.4
mutateChange 	1.0
mutateRatio 	0.5
mutateRateSmall 	0.3
mutateRateLarge 	0.7
wepMax 	1.0
wepMin 	0.8
expAccuracy 	6.0
minTravel 	0.0
maxTravel 	3.0
neuralNetworkClass 	class coursework.MultiVerseOptimisation
Training Set Training
Fitness 0.045943724150261336