-4.177694092912918,6.367130193138569,-1.0967654343053546,1.2125252287622217,-4.712213928071265,-1.2600377466015749,-4.572172534928225,-1.7154176852669047,6.061649740531109,7.095566355650848,-3.2111376802497347,4.155392483098021,-2.13727323471573,2.0856377822876895,-3.1029691367724763,1.6343619217136993,-0.3417561947927205,-0.5165012769793345,1.2820336855268852,-0.5188240004201393,2.3935921303285763,-8.63668910638785,-8.504838841192417,2.6333918375079235,-10.450350723190065,0.2188204473517876,-4.584656389683365,2.8894663734316754,-2.82764548696398,-0.6542602570686986,-4.31577950831194,6.873757660557288,-2.464988684113899,-4.651919709978779,-2.1024915141962537,-3.2822380220982255,-5.1481082812767545,-1.9693851674503355,5.855396645337909,4.441229610191849,-0.7105813469384474,6.2248403853662495,-3.6812664700282536,0.9968584500995429,4.329585138617935,1.5808216437648843,-2.039700477248884,0.8878814942746929
numHidden 	5
numGenes 	48
seed 	1586472181710
random 	java.util.Random@76fb509a
popSize 	20
maxEvaluations 	20000
minGene 	-3.0
maxGene 	3.0
tournamentSize 	5
crossoverPoints 	1
mutateRate 	0.4
mutateChange 	1.0
mutateRatio 	0.5
mutateRateSmall 	0.3
mutateRateLarge 	0.7
wepMax 	1.0
wepMin 	0.8
expAccuracy 	6.0
minTravel 	0.0
maxTravel 	3.0
neuralNetworkClass 	class coursework.MultiVerseOptimisation
Training Set Training
Fitness 0.03209987597380057