-6.066485923456856,-4.964207307619095,0.632758273728764,-0.5199495136387564,-0.2486960645618952,-0.5626800282390425,-2.889118358940718,8.388581382935293,3.5446429791730267,4.056785295777266,3.4633433083462446,-4.58943940702807,1.2386271326711418,-7.580073421234218,3.40929024396762,4.9779609747125395,-1.0764429280514252,-0.051488303750189424,5.077123652673427,-0.7188410585258824,-0.2781094284750951,0.3498921746421244,0.45826861772614524,0.9260350137797566,-2.3301170211945195,-0.09760560565482646,0.6879309335596835,0.8877042838673428,-1.1022280821620747,0.7631963766807335,-0.8420275250515257,1.2538298888791575,1.8519450110695264,-3.576346486262671,0.31248783830030336,-0.9831220977028345,-2.373046529021006,1.2349610992922067,2.9803906314931456,-6.722540029529787,0.9973144116878876,3.2864347071446813,-1.8850179246532606,-2.6795773299839807,0.32119101998407773,-0.1622198727203874,0.9203814224956428,0.677636877753869
numHidden 	5
numGenes 	48
seed 	1585783861421
random 	java.util.Random@76fb509a
popSize 	80
maxEvaluations 	20000
minGene 	-3.0
maxGene 	3.0
tournamentSize 	5
crossoverPoints 	1
mutateRate 	0.8
mutateChange 	1.0
mutateRatio 	0.5
mutateRateSmall 	0.1
mutateRateLarge 	0.8
wepMax 	1.0
wepMin 	0.2
expAccuracy 	6.0
minTravel 	0.0
maxTravel 	2.0
neuralNetworkClass 	class coursework.QueenBeeEA
Training Set Training
Fitness 0.005933708908780068