-4.378718883335292,4.539141688589094,-2.68240105258314,0.8465263776370913,-1.0731623891334179,2.7907690750396617,4.506199318417488,3.7151711655820465,2.0074725518357255,6.0848315146062255,-1.7497456862125897,2.1999450333105166,-1.7856596921525325,0.054335787628295495,3.714803401958722,-4.258218943973412,-3.9266663763694103,0.26763376175300735,-2.778303508177563,1.5626870271459024,-1.5026186475400731,-1.5977069456404482,-3.9553432604662424,-0.3759978561894286,2.4024253762914896,-1.1269072517021472,-1.761115068940991,-0.5983047805252557,2.221202267566694,7.486443287286338,-2.422391301044965,3.9642162394782217,-2.3184624757124324,4.322962916925912,-2.758066061922108,2.051010113515069,-3.3312814054689124,-1.41142735667674,4.61439261930984,2.5030625025972126,-4.742546660863126,4.40768212779826,-1.2550254365338347,3.861826234293237,-1.5265901971994174,-1.0480389240339951,0.15022533275307115,-0.40845800133223786
numHidden 	5
numGenes 	48
seed 	1585783861421
random 	java.util.Random@76fb509a
popSize 	80
maxEvaluations 	20000
minGene 	-3.0
maxGene 	3.0
tournamentSize 	5
crossoverPoints 	1
mutateRate 	0.8
mutateChange 	1.0
mutateRatio 	0.5
mutateRateSmall 	0.1
mutateRateLarge 	0.8
wepMax 	1.0
wepMin 	0.2
expAccuracy 	6.0
minTravel 	0.0
maxTravel 	2.0
neuralNetworkClass 	class coursework.QueenBeeEA
Training Set Training
Fitness 0.04199255349433576