-2.4772827043881165,-1.4231744272509408,1.3345427417547366,0.732310962849489,-3.4925125788920353,-7.455634549855468,-2.3186177757588085,0.06634145059761298,4.669517831004068,0.49176924155290624,-3.2332058611213608,-1.9061905713355012,-0.4933110635515918,1.1050042220381076,-7.3185377870469885,-3.2748888008070995,3.5725420003813593,2.273634145050557,9.901825662671063,0.3979070403675742,1.1472173011402447,-5.221597068771414,1.2702489094046339,2.854407727458165,1.0326598574812351,2.933345267498913,1.0553596849663016,2.5657689792534812,-0.8109117817360625,-0.5959759260928799,-0.8181520612460647,-1.226739903674571,-1.9268756734276336,-1.8128254465980245,1.094916514131309,3.966410910529122,-3.2356394375611783,1.6730285726280503,0.1809333787840126,4.31748876958958,0.44913564042354714,6.48303865123538,-5.0189262859948425,4.69723385327238,1.2611555549601334,-0.6487998946716083,0.6886667132145874,3.031297857263411
numHidden 	5
numGenes 	48
seed 	1585783861421
random 	java.util.Random@76fb509a
popSize 	80
maxEvaluations 	20000
minGene 	-3.0
maxGene 	3.0
tournamentSize 	5
crossoverPoints 	1
mutateRate 	0.8
mutateChange 	1.0
mutateRatio 	0.5
mutateRateSmall 	0.1
mutateRateLarge 	0.8
wepMax 	1.0
wepMin 	0.2
expAccuracy 	6.0
minTravel 	0.0
maxTravel 	2.0
neuralNetworkClass 	class coursework.QueenBeeEA
Training Set Training
Fitness 0.004959083993986998