3.236918549033616,4.957384845310071,-2.956067762880176,2.3784170733731624,-3.75092993993652,1.1323815295372555,6.914822235282197,3.0992007133522863,-4.2936004083735035,3.8164391328621097,4.512030526887216,0.9899038285102133,-2.412836460004785,4.220514107175373,-2.630074637740809,9.438464736317538,1.5455697042845733,-0.29041224541815236,-0.668068405697329,6.833631305091291,1.5376053937388159,-1.9339061185869273,4.207743482988775,0.6591971264932406,-5.414185728943959,-0.7527765697932209,-1.3810812450260945,-5.370793921300073,-0.276361482296112,-4.320981068264038,6.381917220983959,-0.890820107933032,3.1939684622803846,1.01883343387845,0.08818828510096477,0.6758496626714416,2.755846346326825,2.1439081736062935,2.2889631079467962,3.2127876431180047,-4.829938889320126,-1.1125075005514384,-0.12204851379534598,2.421763946096872,-4.741797524115759,5.8686582033758565,2.6346633211669976,-0.42752914812031984
numHidden 	5
numGenes 	48
seed 	1585783861421
random 	java.util.Random@76fb509a
popSize 	80
maxEvaluations 	20000
minGene 	-3.0
maxGene 	3.0
tournamentSize 	5
crossoverPoints 	1
mutateRate 	0.8
mutateChange 	1.0
mutateRatio 	0.5
mutateRateSmall 	0.1
mutateRateLarge 	0.8
wepMax 	1.0
wepMin 	0.2
expAccuracy 	6.0
minTravel 	0.0
maxTravel 	2.0
neuralNetworkClass 	class coursework.QueenBeeEA
Training Set Training
Fitness 0.006075208597422162