2.104347556386437,-2.907515312193873,3.969659049244468,1.972924984068301,-6.425393399281315,-3.425870531111876,5.91109852907704,-2.6039298253551424,3.1791327051191374,-3.180921968992437,1.0453391452790024,-1.8628583227852413,-0.7959551658553838,2.144297999001114,1.2141130129817093,4.48679432911467,5.4687023656137566,-4.942362657962046,2.848284973383213,-0.7831603492465662,1.523504829975734,-5.4861933235575115,1.9798917159434648,-1.4500671928319058,6.481744949886965,-1.7581792437865396,1.3053913932473282,-1.6178676475108622,0.01608317491021438,6.937058558642162,-4.630194398483099,-4.461507314396283,0.41190709915912205,-3.6777607499289395,-0.9266586551501659,4.713351610535248,-0.8231267828178317,-6.420554186582918,3.4141554211763525,7.56376284947199,0.466712236447707,5.934343235567016,0.5460619264508022,-1.5351836451893908,-1.760908451659537,-0.6106253904316663,1.924965829869866,7.676871208749387
numHidden 	5
numGenes 	48
seed 	1585783861421
random 	java.util.Random@76fb509a
popSize 	80
maxEvaluations 	20000
minGene 	-3.0
maxGene 	3.0
tournamentSize 	5
crossoverPoints 	1
mutateRate 	0.8
mutateChange 	1.0
mutateRatio 	0.5
mutateRateSmall 	0.1
mutateRateLarge 	0.8
wepMax 	1.0
wepMin 	0.2
expAccuracy 	6.0
minTravel 	0.0
maxTravel 	2.0
neuralNetworkClass 	class coursework.QueenBeeEA
Training Set Training
Fitness 0.07583586410009438