0.1691948787397468,1.6260206197597808,-2.0463928301152166,-2.9351093166016016,3.0004217927379706,6.806301840302716,2.5826749073526782,2.2833456265755814,0.9269734199566675,-1.7122604472456473,-3.219682899052584,2.583694871707062,3.9377131953738163,-5.795704139829866,6.541606862960276,6.634096961222329,-1.0473335728594702,7.905100798723588,-3.7138750090706,2.107154837745754,-0.565217744193049,-1.5887334657578966,1.0831095429584554,-2.056930628397022,-11.56396306164772,-0.15062838952373392,0.5742603097584293,2.6011190958368653,-0.08261585568570551,-1.7573063753320568,-7.267215195891005,-0.954524454703277,9.071334511965041,-0.6879858412600468,-5.865554297581414,-3.7912987915821166,3.6673687215044506,4.12602440622778,5.412175408640384,-5.333490626715424,1.8441702341625286,-3.3076953775495497,2.6341899003783436,2.435105863121377,5.001375249495974,-3.559076896704579,1.080710976005883,1.090815192062176
numHidden 	5
numGenes 	48
seed 	1585783861421
random 	java.util.Random@76fb509a
popSize 	80
maxEvaluations 	20000
minGene 	-3.0
maxGene 	3.0
tournamentSize 	5
crossoverPoints 	1
mutateRate 	0.8
mutateChange 	1.0
mutateRatio 	0.5
mutateRateSmall 	0.1
mutateRateLarge 	0.8
wepMax 	1.0
wepMin 	0.2
expAccuracy 	6.0
minTravel 	0.0
maxTravel 	2.0
neuralNetworkClass 	class coursework.QueenBeeEA
Training Set Training
Fitness 0.0069384511190704705