-0.7759718555427604,1.981872300917927,3.310424096724195,0.09016645828823933,2.927743636490626,0.1628161580712968,3.6642700871134375,2.2830214131800055,1.729320213302067,-3.291428380545093,0.14596290162981052,1.6625222861900628,3.2966264518067323,2.613148673057349,8.371358618096394,-0.45629820921280295,3.5651914980388923,-2.2856856113288675,1.9979744356564177,-1.5525644287240024,1.1249236015542339,0.622472164204205,-0.6795208607436134,0.11892978983813407,2.556613801265099,4.3499220419752875,-0.800815803072739,0.15814935755479897,1.2296872545288826,-0.9670011865271282,-1.6695703560188928,-1.7825404768852264,-2.4279433678384166,-1.0563187983232751,0.5051613060186853,5.999699603864368,1.2500942041180618,-7.947622952889576,1.9965672588129495,-1.4424668569903285,-0.1839561085880419,4.644158972363661,5.2482540300178115,-1.3521818410676465,-2.289157880425294,5.343292400665639,2.564712544684549,-0.048631201228950705
numHidden 	5
numGenes 	48
seed 	1585783861421
random 	java.util.Random@76fb509a
popSize 	80
maxEvaluations 	20000
minGene 	-3.0
maxGene 	3.0
tournamentSize 	5
crossoverPoints 	1
mutateRate 	0.8
mutateChange 	1.0
mutateRatio 	0.5
mutateRateSmall 	0.1
mutateRateLarge 	0.8
wepMax 	1.0
wepMin 	0.2
expAccuracy 	6.0
minTravel 	0.0
maxTravel 	2.0
neuralNetworkClass 	class coursework.QueenBeeEA
Training Set Training
Fitness 0.007968678591694965