-0.2277233858921779,1.3172206922529917,1.4891338376422363,-0.8458099807684878,1.2792035027088229,0.6610856618659366,3.555681370967525,-3.9213157764277966,-1.9915802552383424,-0.9310989613653229,-3.3447678211818754,2.7445716436342398,4.792983101056258,-1.5662910679520268,5.446375727279607,5.23470929688484,2.961899435544483,0.7847167899184049,-0.35822999267942013,-0.4872521794197926,-3.0151814189830404,0.6186646364500197,0.3208938368445484,-1.7357763656465375,0.0573295720216449,0.39732059596631597,-0.936801394578751,0.5893821253218894,0.39923821098226675,-0.14436603822978888,-1.9675438983166127,1.5564623356311014,3.73815297669318,-0.7171650330755925,-1.483392686388993,6.031770912580558,4.249636726473356,2.4489513242823833,-3.9789129970181154,-0.020529240637674473,-3.1750183311031495,-0.18682572455546387,-1.6414445804582085,-6.729213022580126,1.766178698841256,-2.3602191724033066,-2.594644401063439,5.267719490722446
numHidden 	5
numGenes 	48
seed 	1585783861421
random 	java.util.Random@76fb509a
popSize 	80
maxEvaluations 	20000
minGene 	-3.0
maxGene 	3.0
tournamentSize 	5
crossoverPoints 	1
mutateRate 	0.8
mutateChange 	1.0
mutateRatio 	0.5
mutateRateSmall 	0.1
mutateRateLarge 	0.8
wepMax 	1.0
wepMin 	0.2
expAccuracy 	6.0
minTravel 	0.0
maxTravel 	2.0
neuralNetworkClass 	class coursework.QueenBeeEA
Training Set Training
Fitness 0.005769232585219959