0.7957705658900727,-1.8597910593645843,2.5384503207034506,0.43671874724580384,1.6550169998805826,5.372984250504737,0.11480841971907907,0.970327437213812,3.6088215507248,4.944730702844766,1.1083083003836953,-3.080490479988181,4.749417862894965,1.8120331455730683,0.4079122826643724,6.286483626402821,-0.006971371559681749,-3.576871780186829,1.2601171621491316,1.5870712196273966,-0.8687922756522664,-0.006698994698493443,-1.7935430556596836,0.031107227352217937,-2.4422848219872115,-0.5040757231163919,0.3773426286392467,1.1280254236807608,-2.055101236261475,3.3435962119681566,1.8491411701193066,-0.5733233475662751,5.9843958321325434,-3.513876315291711,-0.10596315621739993,3.5197402282221084,1.2685137667859436,-3.58862685742991,0.3738338546036899,4.653243989504226,-1.214875937557955,0.16587296562404696,1.7690946065217208,0.5063159526580145,1.082897971780266,3.7570893242627497,0.8279918135182331,-0.2626479345244199
numHidden 	5
numGenes 	48
seed 	1585783861421
random 	java.util.Random@76fb509a
popSize 	80
maxEvaluations 	20000
minGene 	-3.0
maxGene 	3.0
tournamentSize 	5
crossoverPoints 	1
mutateRate 	0.8
mutateChange 	1.0
mutateRatio 	0.5
mutateRateSmall 	0.1
mutateRateLarge 	0.8
wepMax 	1.0
wepMin 	0.2
expAccuracy 	6.0
minTravel 	0.0
maxTravel 	2.0
neuralNetworkClass 	class coursework.QueenBeeEA
Training Set Training
Fitness 0.006827313583455697