1.578964923112653,3.070631681129348,1.2138850904020781,2.167144425616498,-3.0343062189942236,-1.5155185046624577,1.0296902121574814,0.8681749466747544,-3.2262206872219723,1.052232441235157,-3.7621389847806856,4.959691325859641,0.5050252453447373,1.5188247590209318,-0.7066396253678162,-0.3851701240300347,-2.137162088614231,0.3812386420087659,-1.529050650796889,2.4751544353657966,-1.7109308464116308,-2.7486514058234577,-2.657874197919139,1.1150181078734631,-1.8564997327479866,-0.2842796946829709,-0.3719400240943864,-3.2609841144508174,0.5416231253052279,-5.855216082169962,-1.2285989967448403,1.172871038614685,1.189327958113859,-2.7376719676987107,-5.237347183289055,3.278305541776026,2.1414408714536535,2.77286077844274,-0.8177623269770238,2.17831352250594,0.2762856152175912,-3.806006710508556,-5.371646486552774,-6.377395026986417,2.3311800512959744,4.578111955312811,-3.902785178213467,2.4538564271900967
numHidden 	5
numGenes 	48
seed 	1585783861421
random 	java.util.Random@76fb509a
popSize 	80
maxEvaluations 	20000
minGene 	-3.0
maxGene 	3.0
tournamentSize 	5
crossoverPoints 	1
mutateRate 	0.8
mutateChange 	1.0
mutateRatio 	0.5
mutateRateSmall 	0.1
mutateRateLarge 	0.8
wepMax 	1.0
wepMin 	0.2
expAccuracy 	6.0
minTravel 	0.0
maxTravel 	2.0
neuralNetworkClass 	class coursework.QueenBeeEA
Training Set Training
Fitness 0.09590209309449985