-0.7466116190244573,-0.2166737532363625,-3.213046589483158,0.1151449409386785,3.072841527949883,0.5529986556732467,3.5009717273154766,1.8551074738899844,4.761087935308452,1.3848254022155528,1.0994650079345916,-0.2654662372192208,-4.3273718000726795,0.19635404035043205,3.626703512524947,-4.508323675939611,5.433847782004563,-0.33099058234102835,4.593866403369314,4.982783686205653,0.1250039769415032,-2.2970185456138488,1.325175861195646,-0.18294115854409188,3.421657823418291,-6.45404497270955,0.7090070807328052,-1.0160081276054254,-0.2895112936226476,-1.1260385689123322,0.5938803654068285,-0.5368660179602344,1.0545247399799125,3.651403500923538,0.9648297722813115,1.8673240932265782,-2.740887120649452,4.46757950154255,0.6212860580388636,-2.70959457438555,-1.215277035177436,2.9384653193009043,6.208994291190742,-1.105811721383856,0.6294572013654527,-0.421808559485142,1.2044879863596054,1.5551790954964173
numHidden 	5
numGenes 	48
seed 	1586456012956
random 	java.util.Random@76fb509a
popSize 	20
maxEvaluations 	20000
minGene 	-3.0
maxGene 	3.0
tournamentSize 	5
crossoverPoints 	1
mutateRate 	0.4
mutateChange 	1.0
mutateRatio 	0.5
mutateRateSmall 	0.3
mutateRateLarge 	0.7
wepMax 	0.8
wepMin 	0.2
expAccuracy 	6.0
minTravel 	0.0
maxTravel 	3.0
neuralNetworkClass 	class coursework.MultiVerseOptimisation
Training Set Training
Fitness 0.0037752836562126003