-0.7233769313416537,-0.7465454207886753,1.460733783796156,2.1922734621465323,-2.362298574607147,3.412825843627606,-2.4350824385030467,-4.901177247989993,-1.4133902229365523,2.3783216035017776,-3.5686970862146405,-1.6875246824678631,1.461847885732786,3.1390484021115217,-1.9897768744503193,-2.2339381072210003,-3.197596465015984,-1.6962498169562141,-2.3464323470101807,-5.272339118742522,-1.4529944707095188,-0.44863332481621365,1.1493071647563922,2.556917382246424,3.4915705670431727,-2.73076839910677,-0.3134868058365807,0.4088661888229779,-1.5617755930082153,-1.4465254291446576,-2.7837671097776417,-3.558108016884666,1.384409215698348,-4.4751933557927,0.13234136068662686,-3.192149402567865,1.064932398550641,1.029341267528797,-5.439071589301788,1.8080174280393415,-5.310953925159411,-1.770169299924572,-0.7686349647519518,-2.609227886628586,-5.441872208252757,-3.4510760445367707,2.2575297537705383,0.06547824335143665
numHidden 	5
numGenes 	48
seed 	1586456012956
random 	java.util.Random@76fb509a
popSize 	20
maxEvaluations 	20000
minGene 	-3.0
maxGene 	3.0
tournamentSize 	5
crossoverPoints 	1
mutateRate 	0.4
mutateChange 	1.0
mutateRatio 	0.5
mutateRateSmall 	0.3
mutateRateLarge 	0.7
wepMax 	0.8
wepMin 	0.2
expAccuracy 	6.0
minTravel 	0.0
maxTravel 	3.0
neuralNetworkClass 	class coursework.MultiVerseOptimisation
Training Set Training
Fitness 0.027842581208872577