1.042975462041819,-0.7701562246072886,-5.494260688421394,-1.4157301664602626,1.97617346546986,-2.1405571873755864,-2.0656488739463814,-1.696262364386548,-5.357053979578743,-1.696862533026256,3.134550442587335,3.3149302515287786,0.05725339960363826,1.5782405825743844,5.674186131854937,0.8276871827410284,-1.8300704252608244,-2.830035147430804,-4.761485623573078,-5.09767478809807,1.9618388491142698,-3.449031276933918,-2.044173819847576,2.6750174265121203,-2.9485891531748782,0.2917871780359922,-2.6693788585340776,0.28180791458454757,0.599696306052455,1.0888312662119177,2.830119383901741,0.00725782670793906,-1.7382542171084854,0.022589942660075503,2.9797600663815595,-1.6154806485087776,-2.2166065681602767,0.8031604131671572,-1.391746922368162,-3.624241002075081,0.6366824389492728,-2.760888767672797,-0.7425992632633961,-3.4789960922412284,-1.4879850289876602,1.3976724954458126,4.552985454663013,1.7005541129852157
numHidden 	5
numGenes 	48
seed 	1586456012956
random 	java.util.Random@76fb509a
popSize 	20
maxEvaluations 	20000
minGene 	-3.0
maxGene 	3.0
tournamentSize 	5
crossoverPoints 	1
mutateRate 	0.4
mutateChange 	1.0
mutateRatio 	0.5
mutateRateSmall 	0.3
mutateRateLarge 	0.7
wepMax 	0.8
wepMin 	0.2
expAccuracy 	6.0
minTravel 	0.0
maxTravel 	3.0
neuralNetworkClass 	class coursework.MultiVerseOptimisation
Training Set Training
Fitness 0.005851879154648558