-1.5696485869750283,-0.7060576596594991,0.47412375027434217,5.071005029837321,-2.034344259464419,-2.311758204436281,1.5763927855961546,4.528938574912449,-3.958478750059035,6.7961779517453245,-0.7578686555047202,-1.5649572437703363,1.1812658163510175,3.620733655744189,-1.2790125092442666,-0.6705422913447616,5.124772258185969,0.23506765618093725,-2.3330370795359143,6.0582712525571,1.3948054874279234,-1.4222028699796676,0.7525128538934343,1.3481407607648226,0.22991114458470893,3.309827431240907,1.0021781090289825,-2.8266052392324603,0.7841848096108831,0.07353520994408363,-0.31681936696231566,1.6987548593649264,-1.1657495190127403,0.4610672103803222,1.6947160950745344,5.119327427239973,3.7041649879715313,-0.07833330123742774,1.4658869647306536,4.991584582832318,1.1515534915438324,-2.2373705174842695,1.4279044663534741,5.216486051985088,2.6125026445170834,0.4182911174896927,-1.227934461971007,-0.6786175123805498
numHidden 	5
numGenes 	48
seed 	1586456012956
random 	java.util.Random@76fb509a
popSize 	20
maxEvaluations 	20000
minGene 	-3.0
maxGene 	3.0
tournamentSize 	5
crossoverPoints 	1
mutateRate 	0.4
mutateChange 	1.0
mutateRatio 	0.5
mutateRateSmall 	0.3
mutateRateLarge 	0.7
wepMax 	0.8
wepMin 	0.2
expAccuracy 	6.0
minTravel 	0.0
maxTravel 	3.0
neuralNetworkClass 	class coursework.MultiVerseOptimisation
Training Set Training
Fitness 0.03394063375194209