2.5357209661424864,2.4071893795065056,-4.092526843323678,0.7616621907616513,2.0096457465564566,-0.2256715388302983,1.6163940590474009,0.12237280839125267,0.3539082437594209,-2.9510490968737306,-3.4457838933162175,5.119465037570692,-3.4610424244498383,-1.8107829818574317,2.633819135809867,3.4893139816197345,0.4399716479597874,-4.092741031803082,-1.1193581314360235,-4.2960432984394625,-2.2702831272141855,-0.8767619653382842,0.5613161571349353,2.5179792486072694,0.016986555062479505,-1.7418286701833667,-0.12327216204696943,-0.45511153593647113,3.053753419735593,1.429407204697,-3.166923830257594,-0.03868971962361802,-0.16373173573634697,0.15299251920994672,-2.2120459344074352,2.6601971892284686,-0.19210678160454034,3.0080032831016723,-1.2588661893758224,2.317308016952151,1.6466977530889526,-1.5507829965171591,2.2188445284582556,-4.5545268745204455,-5.50687110866285,1.9039189563681824,1.6860802202205558,4.38285092709393
numHidden 	5
numGenes 	48
seed 	1586456012956
random 	java.util.Random@76fb509a
popSize 	20
maxEvaluations 	20000
minGene 	-3.0
maxGene 	3.0
tournamentSize 	5
crossoverPoints 	1
mutateRate 	0.4
mutateChange 	1.0
mutateRatio 	0.5
mutateRateSmall 	0.3
mutateRateLarge 	0.7
wepMax 	0.8
wepMin 	0.2
expAccuracy 	6.0
minTravel 	0.0
maxTravel 	3.0
neuralNetworkClass 	class coursework.MultiVerseOptimisation
Training Set Training
Fitness 0.09482922273184025