0.8791076178154675,-2.012204376025856,-0.5572862096957253,0.627869061552065,-2.814721824203992,-3.2723248636279454,-2.5709338268878383,1.6497601827101709,-0.35303888869719025,1.8224726112677232,-1.4697161135072154,1.3392609377322304,-2.920021681837839,0.49837184741902585,-5.719709631278012,-3.226191997358671,-1.479655263912864,0.7837447504546673,3.050066483696697,-0.4028712387786777,0.3494570133128641,-1.1648117419940054,0.6464595470558719,0.6250088546226454,-2.941755354130072,0.00846623951396487,-0.0333009557788607,-1.3821222403834486,-0.06418306870269218,0.8859472404288242,0.9117034684423121,0.3746908458447363,-4.259002810494878,-1.2341473788668937,-0.8734837159182038,-1.0848474042509433,-0.8967303552006156,6.654888058437983,2.2990069865164235,2.7455041758241188,0.21257902663290024,-1.0801520751869103,-2.4823066824250657,0.881456922550345,0.7187291536940144,0.2573951830319202,3.0726095519939984,0.8851122350286448
numHidden 	5
numGenes 	48
seed 	1586456012956
random 	java.util.Random@76fb509a
popSize 	20
maxEvaluations 	20000
minGene 	-3.0
maxGene 	3.0
tournamentSize 	5
crossoverPoints 	1
mutateRate 	0.4
mutateChange 	1.0
mutateRatio 	0.5
mutateRateSmall 	0.3
mutateRateLarge 	0.7
wepMax 	0.8
wepMin 	0.2
expAccuracy 	6.0
minTravel 	0.0
maxTravel 	3.0
neuralNetworkClass 	class coursework.MultiVerseOptimisation
Training Set Training
Fitness 0.012545108936405674