-0.38109269550078256,0.09394641187891342,1.03433534544595,1.5354470204513253,-3.1926135957027553,-0.9266120898419453,2.6339830527652457,3.381614434506087,-2.0712145881930693,-1.5671176160099125,-0.2552662968619545,4.183127575545111,-0.03547418605313233,2.351014554806556,-4.460673463299367,-0.6281355754054687,1.217281877638395,3.9268610140313083,1.044790512773017,-0.24706593584033745,-1.9539531969772808,-2.974649265701886,-1.382287253316337,-1.0721510063906825,-5.072477604327586,-1.2502581539499757,-5.369198203015678,-0.3881183249845384,2.2997318082731,-3.165890481652856,-2.9031529190642376,-2.285413980755092,-0.5268253718215037,1.3658958219722375,0.3336909454571526,-1.9766905866888442,1.627848928566409,-0.11882367114355313,6.949919903913652,0.7977174920383251,1.5536817090225117,-2.4358575652856453,1.3205149703695649,4.160457858665254,2.8800641741089117,1.5320270715377518,3.671899531699875,0.017347578009945356
numHidden 	5
numGenes 	48
seed 	1586456012956
random 	java.util.Random@76fb509a
popSize 	20
maxEvaluations 	20000
minGene 	-3.0
maxGene 	3.0
tournamentSize 	5
crossoverPoints 	1
mutateRate 	0.4
mutateChange 	1.0
mutateRatio 	0.5
mutateRateSmall 	0.3
mutateRateLarge 	0.7
wepMax 	0.8
wepMin 	0.2
expAccuracy 	6.0
minTravel 	0.0
maxTravel 	3.0
neuralNetworkClass 	class coursework.MultiVerseOptimisation
Training Set Training
Fitness 0.11052109856765217