2.0451966594094557,-2.422471369470604,-0.5939388232548116,1.0882397401198822,-2.08350370548328,1.2919740410596527,3.5026259924583263,0.8948513550190106,1.9172155869347334,-0.1382194557584292,0.7986954238193801,-1.149678795230055,1.497830313586501,0.4463413279902155,-1.8280291220816842,2.064541892457348,2.3059378836216466,-2.0922895861104545,0.9929752140322046,-0.6942248027512509,-1.3477108719696607,-0.9000881342567096,1.977265435650662,1.1686174091824681,4.254215455513351,0.3757387075453837,-0.3616730696400729,0.7260554250504475,-1.3377840659202758,-3.2085771728059598,0.4618861038477451,-2.4624170381738764,2.130072670000716,0.009292575308180631,1.8354523706394463,2.175232346543162,-0.2842919411036829,-3.2196464726189626,-2.6000593490792756,1.2221054181398174,-1.372384536670747,3.0367560648842336,-4.201121590204238,-0.2196298349277943,-1.1460274575531746,2.1148069300622296,2.476598385894428,3.0029434607349406
numHidden 	5
numGenes 	48
seed 	1586456012956
random 	java.util.Random@76fb509a
popSize 	20
maxEvaluations 	20000
minGene 	-3.0
maxGene 	3.0
tournamentSize 	5
crossoverPoints 	1
mutateRate 	0.4
mutateChange 	1.0
mutateRatio 	0.5
mutateRateSmall 	0.3
mutateRateLarge 	0.7
wepMax 	0.8
wepMin 	0.2
expAccuracy 	6.0
minTravel 	0.0
maxTravel 	3.0
neuralNetworkClass 	class coursework.MultiVerseOptimisation
Training Set Training
Fitness 0.02348471098720249