-0.5209746511792921,0.5118638728405142,-0.6826286553909423,-1.3266221976891646,1.7262265278296685,-3.3557235507701124,-1.7296621671616608,-3.5976111022719137,4.441295003381895,1.8929342270654506,0.6273465534431234,1.91677088870862,3.4041517303285227,1.2252640904512535,2.853547210846524,0.6467751420750941,-4.135309020008699,1.0777299047218372,7.064574985804493,2.141927124494128,2.850436022172858,-1.7735396485441195,-0.5185332508389152,-1.4628314348468032,-1.1862250044167444,1.312115799531902,-2.7346249491098487,3.5447555258739003,0.7616144741114917,-0.06315135104291018,4.59654560799028,1.4855108178409808,-1.493493419344461,-3.8128540367265464,0.8099891650429374,2.5713760465920448,-1.9475494219185672,-5.412817093813277,-0.31705626728523756,-0.45476310850686247,1.3960130042378092,4.465382446799221,-1.5497414542439445,-2.340040158887634,0.4884883950464065,5.03985735684917,4.695286023217854,-0.059229313711162156
numHidden 	5
numGenes 	48
seed 	1586456012956
random 	java.util.Random@76fb509a
popSize 	20
maxEvaluations 	20000
minGene 	-3.0
maxGene 	3.0
tournamentSize 	5
crossoverPoints 	1
mutateRate 	0.4
mutateChange 	1.0
mutateRatio 	0.5
mutateRateSmall 	0.3
mutateRateLarge 	0.7
wepMax 	0.8
wepMin 	0.2
expAccuracy 	6.0
minTravel 	0.0
maxTravel 	3.0
neuralNetworkClass 	class coursework.MultiVerseOptimisation
Training Set Training
Fitness 0.09760108539560061