-0.03776225178946212,1.5832599948494965,-2.957629050037949,-0.9742158616169936,1.1184120049586812,4.466518415056313,2.042863963273353,2.25608310638131,-0.7264101390443692,1.376827906045773,-0.768199803973872,7.171815406317676,-1.667166042053791,-1.0891712639095275,-2.6744269644683643,4.27250577018079,1.5353381485999178,2.689804922328437,0.44397132719235505,-1.6492506857339932,-1.9683318271362473,0.5175528417872601,-0.820538424075011,-0.7898045890737446,3.6329622874526826,-0.3132467507478683,1.4096034918320466,1.5068321141082341,-3.7738188217262216,5.182372331841886,-0.4252436730548906,3.222682271734107,3.5025342291623134,3.5448092746894,-1.1192051743687113,-1.0840693827519916,-6.741382709212313,5.602095722504481,2.2766700618414504,4.097069085767333,0.7528427661703211,1.2319993336892874,3.44226066024968,2.588686297620046,-1.4055614357009696,3.7874077454694044,-1.052824226398439,1.434539276321344
numHidden 	5
numGenes 	48
seed 	1586456012956
random 	java.util.Random@76fb509a
popSize 	20
maxEvaluations 	20000
minGene 	-3.0
maxGene 	3.0
tournamentSize 	5
crossoverPoints 	1
mutateRate 	0.4
mutateChange 	1.0
mutateRatio 	0.5
mutateRateSmall 	0.3
mutateRateLarge 	0.7
wepMax 	0.8
wepMin 	0.2
expAccuracy 	6.0
minTravel 	0.0
maxTravel 	3.0
neuralNetworkClass 	class coursework.MultiVerseOptimisation
Training Set Training
Fitness 0.04861705250705767