11.622540441187938,9.659573092878798,11.835671506217324,30.341139518863912,-5.0065426308623096,9.086810682230709,24.520916639901102,-9.764154359006232,-18.873126384420576,-35.43644371359284,12.57349458324014,25.868763033629037,14.700545679121614,27.971514428701223,-12.697714309133525,-16.88087933142875,0.37242147112886614,-32.427184561147996,-4.2054742400289244,-28.86425432735757,24.97406837969757,2.8019886197909227,-15.152220067044292,9.60220867607474,12.37331773115727,-20.092824829510562,18.298695800913283,2.3355125068875044,0.4719768806932391,1.1062046894681914,17.898765421283013,5.9457077471305535,-7.049153703933683,-12.67005106492449,-13.087796531297945,-1.547662478119527,19.50871141059034,-22.682178269138923,2.1657138978509445,39.47179633210772,-18.00536171131944,0.8671247328008462,-2.5823430926248268,20.933775916587855,-36.812144793094895,-3.978934598610839,26.267897140872073,11.96751545399654
numHidden 	5
numGenes 	48
seed 	1586695467582
random 	java.util.Random@76fb509a
popSize 	20
maxEvaluations 	20000
minGene 	-3.0
maxGene 	3.0
tournamentSize 	5
crossoverPoints 	1
mutateRate 	0.4
mutateChange 	1.0
mutateRatio 	0.5
mutateRateSmall 	0.3
mutateRateLarge 	0.7
wepMax 	1.0
wepMin 	0.2
expAccuracy 	6.0
minTravel 	15.0
maxTravel 	20.0
neuralNetworkClass 	class coursework.MultiVerseOptimisation
Training Set Training
Fitness 0.007128692552989746