5.414654580836322,-2.0164264896976323,-13.946925451840485,-0.8646640797583014,18.083511299160087,-1.762990786672706,6.618253578711545,14.832266886753407,-36.34522679237829,16.027202266151882,0.040019509803968,0.14613001191447428,7.6351129462509615,11.110472905957831,8.884056460209113,-1.7421180083776089,21.04756243440322,-3.453333397912884,7.006719716973492,13.223299622793373,2.8814031987762587,8.95023391521106,11.048297573379305,16.747950510181855,2.943110897919196,5.692552487433222,-2.7171993987509198,4.867286411038689,-1.8903806031851587,-0.8705294576917884,13.050816080015522,6.673252859994947,4.528356015777454,21.024626529011666,17.248701646608282,22.507415966088924,-7.609242645826741,7.790110573985861,-7.082548399018617,18.27835831825032,-8.547867269305911,-7.1062607449973605,4.141142147635698,-22.305935933269048,6.789294276014317,-7.0038331296178615,-8.490585536031228,18.288334683632844
numHidden 	5
numGenes 	48
seed 	1586695467582
random 	java.util.Random@76fb509a
popSize 	20
maxEvaluations 	20000
minGene 	-3.0
maxGene 	3.0
tournamentSize 	5
crossoverPoints 	1
mutateRate 	0.4
mutateChange 	1.0
mutateRatio 	0.5
mutateRateSmall 	0.3
mutateRateLarge 	0.7
wepMax 	1.0
wepMin 	0.2
expAccuracy 	6.0
minTravel 	15.0
maxTravel 	20.0
neuralNetworkClass 	class coursework.MultiVerseOptimisation
Training Set Training
Fitness 0.008847146534041388