-3.6787408623478046,-9.458345626050143,6.771257988578311,-30.716992615858903,-3.5022711867346366,22.47204373392308,9.461728857653286,-6.111185871480932,-9.851824988291844,27.89052869643856,-26.07834891811077,-10.669603322049774,8.85523917736004,-23.03220198528014,-3.264014474861653,14.06537238479885,-27.2860659816175,5.6281954230359466,1.677943211985515,20.466757935856144,3.967263897787994,0.29413650774008776,-11.744096530874476,5.63506384678914,1.2782785560798529,-21.070127663920534,7.843395590286079,-15.964108037268982,0.6111210845564726,-0.6810119003811397,-12.510260883909867,3.700861562664318,11.338132833128292,-11.471820967289494,5.8824161165017514,-7.680134852455126,15.428554072216473,4.913387490786703,-16.539188563267146,-16.394140380707245,19.417067530758914,11.940431999937731,-5.987951581071879,-6.703735674694936,19.784197758387553,23.277307117661202,-11.00571839190177,-4.139434318587886
numHidden 	5
numGenes 	48
seed 	1586695467582
random 	java.util.Random@76fb509a
popSize 	20
maxEvaluations 	20000
minGene 	-3.0
maxGene 	3.0
tournamentSize 	5
crossoverPoints 	1
mutateRate 	0.4
mutateChange 	1.0
mutateRatio 	0.5
mutateRateSmall 	0.3
mutateRateLarge 	0.7
wepMax 	1.0
wepMin 	0.2
expAccuracy 	6.0
minTravel 	15.0
maxTravel 	20.0
neuralNetworkClass 	class coursework.MultiVerseOptimisation
Training Set Training
Fitness 0.012026206739115919