-5.956449994419113,-12.971046886174282,0.8825309858764196,30.207106151618568,16.836597912853055,26.8478729636608,-20.10690207153137,-15.50128944911501,34.63740414906071,-43.31940831925035,24.298407535885097,-71.84400103481813,-5.62056918782697,32.75211755434547,2.4290899521537805,16.708486274418913,-20.29745427566458,3.8297402158039797,-5.678093321300559,-49.95291613646378,9.35486316684246,-9.12156591448852,29.522148467304735,-9.280570518376175,0.6149726541906883,-13.069619324791917,3.12594983704853,-7.976201899049342,0.9819572915748362,-0.03402711246889241,11.520181685882955,-0.8451265901031338,9.807002188566583,-10.740826249538532,3.9276131257300158,-1.3138811794905538,3.753141262614975,-1.6694529689369038,13.078859071051783,4.769200243638761,-11.666162729068414,0.6144477430730002,-14.362157892094089,4.55961572665287,-32.34266859072229,13.01865916529701,-3.270786032360222,5.342160814277381
numHidden 	5
numGenes 	48
seed 	1586695467582
random 	java.util.Random@76fb509a
popSize 	20
maxEvaluations 	20000
minGene 	-3.0
maxGene 	3.0
tournamentSize 	5
crossoverPoints 	1
mutateRate 	0.4
mutateChange 	1.0
mutateRatio 	0.5
mutateRateSmall 	0.3
mutateRateLarge 	0.7
wepMax 	1.0
wepMin 	0.2
expAccuracy 	6.0
minTravel 	15.0
maxTravel 	20.0
neuralNetworkClass 	class coursework.MultiVerseOptimisation
Training Set Training
Fitness 0.00567900116058462