-24.276350105575276,-26.81448862361372,42.037089469795205,-23.908935136682192,3.3784097764332697,-0.9734035444147272,20.482193215616665,34.8748829375283,40.18761252000674,25.561854205839392,-39.83936303900834,-25.073530194790052,25.343134959347424,-10.442120075590875,5.187087157634749,-7.147991696772304,31.100625275241327,-63.541992004159034,44.986846709287626,4.016267620993643,-2.767581309444582,8.406012755590288,-21.0360425228041,8.082893749692444,22.578611879397833,-0.050170073489572184,5.198768437517846,25.3644529947394,-2.2761935572442153,-30.476938637962284,-58.7742715749966,32.042162913446994,5.343399802576365,5.6680514994284446,-11.543133250678054,13.912695434097596,-7.110209262932359,-15.65590600749638,-0.7607408990370528,-22.551754040855105,-4.91772009803805,36.82752986429645,25.85425330678214,-0.3770615164052721,-14.535731225447618,6.796114336546159,17.46410671106271,-5.735277711021685
numHidden 	5
numGenes 	48
seed 	1586695467582
random 	java.util.Random@76fb509a
popSize 	20
maxEvaluations 	20000
minGene 	-3.0
maxGene 	3.0
tournamentSize 	5
crossoverPoints 	1
mutateRate 	0.4
mutateChange 	1.0
mutateRatio 	0.5
mutateRateSmall 	0.3
mutateRateLarge 	0.7
wepMax 	1.0
wepMin 	0.2
expAccuracy 	6.0
minTravel 	15.0
maxTravel 	20.0
neuralNetworkClass 	class coursework.MultiVerseOptimisation
Training Set Training
Fitness 0.008873985367706956