-4.529611558804728,-10.694325515540239,5.926215666648878,23.180606578412036,-2.251590022545844,-8.984186116444661,-8.690625004600768,-11.919388069374072,-0.11707600450521824,-6.390470832074003,-0.5564348693565917,-28.030515318738576,3.4468730744600258,23.438634522293555,2.850766125959372,-6.565169477957831,4.863163859748324,-6.348957356074586,19.8983993132366,26.06340219759804,5.200158485465439,9.956726225438608,-1.2368200829032046,10.930516483949418,5.214902405604986,-1.1645825118828088,-3.0853228988059627,0.8953798569996276,-2.088106135274181,1.3609265144334768,6.970683106761355,-12.29051601336181,-22.358480167862798,3.133435156466837,36.42028565645183,0.7521305538769435,7.533684330231118,1.0814626168917463,-32.977362847421524,23.986958156439623,-3.216782290157872,1.8029271166612848,-2.9554214534411254,-1.0246343975828558,2.3840925227895604,0.2940219277590493,1.9854132697698017,-0.3079803099453161
numHidden 	5
numGenes 	48
seed 	1586695467582
random 	java.util.Random@76fb509a
popSize 	20
maxEvaluations 	20000
minGene 	-3.0
maxGene 	3.0
tournamentSize 	5
crossoverPoints 	1
mutateRate 	0.4
mutateChange 	1.0
mutateRatio 	0.5
mutateRateSmall 	0.3
mutateRateLarge 	0.7
wepMax 	1.0
wepMin 	0.2
expAccuracy 	6.0
minTravel 	15.0
maxTravel 	20.0
neuralNetworkClass 	class coursework.MultiVerseOptimisation
Training Set Training
Fitness 0.006721068364366169