12.080854961705173,8.385184270370734,-27.632654300732288,8.908379827061582,-11.016769017456468,18.764089765049224,25.860120373579598,1.1408587380940687,31.05226661324942,10.112777345962197,-2.724654786213508,-14.742460908097982,-12.3407415688399,31.285643823819463,-2.6370841783527603,-0.6954247474279622,26.532645585966073,-0.44367240499793037,-11.65029424392788,0.13968930655012937,-4.216643848945519,-15.590420471166727,-27.450176442954252,-52.5036674711736,-15.817885196180551,11.551773401172817,-13.30063837145916,26.52772525959658,4.947205884748819,-1.5805829241891505,-0.7523743262959038,29.565342898341438,17.322394358195417,4.839977591856269,2.869915885736366,8.991711301210684,10.19071243926299,16.117311641887863,9.077453969105587,-8.762142101410008,30.568939834948562,13.28878463719547,-31.86636245872364,10.70771849483329,19.93327020312051,-9.339088732367058,6.50221439705386,-1.7391670015111265
numHidden 	5
numGenes 	48
seed 	1586695467582
random 	java.util.Random@76fb509a
popSize 	20
maxEvaluations 	20000
minGene 	-3.0
maxGene 	3.0
tournamentSize 	5
crossoverPoints 	1
mutateRate 	0.4
mutateChange 	1.0
mutateRatio 	0.5
mutateRateSmall 	0.3
mutateRateLarge 	0.7
wepMax 	1.0
wepMin 	0.2
expAccuracy 	6.0
minTravel 	15.0
maxTravel 	20.0
neuralNetworkClass 	class coursework.MultiVerseOptimisation
Training Set Training
Fitness 0.08972958064473195