2.5565860065214987,42.477613480045235,2.6608833784935335,-1.8908552931752491,-10.655259093469871,-7.192381601525171,9.425985824458648,0.46615487052513044,-31.465388817433634,20.8043405342664,-1.2339299540965074,30.52037088318592,26.54143003263541,-3.8059471158937512,22.65155508725132,-5.253552638546236,-18.445774106598808,20.935526597078614,-34.262329006313976,13.120026563714157,14.096929128366735,-3.7142006915085997,2.4126069941699737,-1.079268373589577,-3.589909547148833,-10.099672881751943,0.9784760780742088,-3.082464193900549,0.2781759471435461,-32.714569793732814,17.465491456620295,-6.156108718894493,-2.562620103679098,39.44968553060495,-34.91529935097088,-11.66377874719299,13.973595484672037,16.83357403104233,1.0727685638579554,4.2315597449711815,21.183955219735044,-50.32983030596616,-10.622593921069871,-1.0889282775374625,-9.042490499337859,-4.132284953509945,-10.530337729621126,-15.78754254313505
numHidden 	5
numGenes 	48
seed 	1586695467582
random 	java.util.Random@76fb509a
popSize 	20
maxEvaluations 	20000
minGene 	-3.0
maxGene 	3.0
tournamentSize 	5
crossoverPoints 	1
mutateRate 	0.4
mutateChange 	1.0
mutateRatio 	0.5
mutateRateSmall 	0.3
mutateRateLarge 	0.7
wepMax 	1.0
wepMin 	0.2
expAccuracy 	6.0
minTravel 	15.0
maxTravel 	20.0
neuralNetworkClass 	class coursework.MultiVerseOptimisation
Training Set Training
Fitness 0.00461226678037982