35.82591967760696,23.91003467673102,19.514186697163833,36.93442121258871,31.334492227968877,-12.843159211451104,-5.439010559490447,-38.045126548409115,-21.750678869824366,12.6052845773524,-23.72818791939205,-0.02643113608552567,15.312595419783829,-10.020381581879867,14.9759699606576,-30.904737761896463,7.579950190203657,-36.0253180330213,15.581569122541334,20.387221928294352,-34.83809939607079,-30.048930452996647,-0.5297843704668538,-5.859142621387738,0.2870946127899484,-8.729422666433,-17.135902892181846,0.2142327989612021,26.68596858646178,-0.010601994017392955,-13.068528669191744,22.272212805642944,6.7341156741651975,-13.20016860986263,-6.944681530063862,4.488372039380257,47.661910190294726,-7.846518212253489,-27.166208836936093,-14.934153417099834,-7.0473076164219135,-12.127064539725495,5.439591999485437,-22.4932918904766,16.2909108931269,-4.21555338307666,6.202401511295205,10.5879288224716
numHidden 	5
numGenes 	48
seed 	1586695467582
random 	java.util.Random@76fb509a
popSize 	20
maxEvaluations 	20000
minGene 	-3.0
maxGene 	3.0
tournamentSize 	5
crossoverPoints 	1
mutateRate 	0.4
mutateChange 	1.0
mutateRatio 	0.5
mutateRateSmall 	0.3
mutateRateLarge 	0.7
wepMax 	1.0
wepMin 	0.2
expAccuracy 	6.0
minTravel 	15.0
maxTravel 	20.0
neuralNetworkClass 	class coursework.MultiVerseOptimisation
Training Set Training
Fitness 0.006847357786428663