8.269998987240177,-8.712089968739148,-37.61191362422253,36.52087031849153,-15.065182519452106,46.62901250298943,-22.926543309375642,10.035456433078553,9.641480049894462,20.444608734249197,-16.20338261119935,-0.09871241117439505,-6.877627691687649,23.57401175111388,-62.30750210595799,41.07410364214787,-4.987314006782708,0.13870280475278873,-33.60687159805768,-5.99129970565589,8.332840268629063,-18.873028789531425,-8.062186651753612,-30.980271839977352,-5.442131786710866,-0.7028647668198359,57.858923688628344,34.31229020674173,5.9411792306773865,3.1629423369459047,-21.10059870767947,-1.852404399770252,22.433341890611334,38.55947541863951,24.819966473442932,-14.74064711234466,-25.07123263473868,-56.90464898665884,11.65734533022294,17.798763382756853,-28.418786225010034,-3.4621315334621423,-27.547978492905777,38.00252723820117,3.026277057492488,1.6479782546974537,22.720859392675244,-12.618729947172902
numHidden 	5
numGenes 	48
seed 	1586695467582
random 	java.util.Random@76fb509a
popSize 	20
maxEvaluations 	20000
minGene 	-3.0
maxGene 	3.0
tournamentSize 	5
crossoverPoints 	1
mutateRate 	0.4
mutateChange 	1.0
mutateRatio 	0.5
mutateRateSmall 	0.3
mutateRateLarge 	0.7
wepMax 	1.0
wepMin 	0.2
expAccuracy 	6.0
minTravel 	15.0
maxTravel 	20.0
neuralNetworkClass 	class coursework.MultiVerseOptimisation
Training Set Training
Fitness 0.009943664017326553