50.21380527900701,8.085096007349721,1.903286072174285,29.50579163441729,3.4114527676977526,28.77253946561028,19.70140764211904,16.531439898216945,-4.7275484495449565,42.03084336741144,8.521538611116956,15.597492696052884,21.462445199469023,22.666824254977595,-2.2359435902879516,-30.155935251157786,-23.105524781784197,-37.0194742632058,-0.8873389587235148,28.25713200077993,-27.198954272816593,2.3700373575719773,-4.028903235370344,28.577449301566517,-23.789994428153943,0.24264382205762358,-6.856041762508186,2.7046457404388966,-12.938185271084057,-0.5432280400903897,-4.790244733565009,-29.360986342943992,-14.065555413568921,-19.714753279719964,-26.109516575056695,25.260393848578182,32.563776436276825,-13.945219379040617,6.9763458275687045,39.494502199843524,18.10677960410485,-9.916603411335373,44.37596764012902,-27.70831843655879,42.84703138011055,12.048726519704859,32.69464867103534,0.32852664886280164
numHidden 	5
numGenes 	48
seed 	1586695467582
random 	java.util.Random@76fb509a
popSize 	20
maxEvaluations 	20000
minGene 	-3.0
maxGene 	3.0
tournamentSize 	5
crossoverPoints 	1
mutateRate 	0.4
mutateChange 	1.0
mutateRatio 	0.5
mutateRateSmall 	0.3
mutateRateLarge 	0.7
wepMax 	1.0
wepMin 	0.2
expAccuracy 	6.0
minTravel 	15.0
maxTravel 	20.0
neuralNetworkClass 	class coursework.MultiVerseOptimisation
Training Set Training
Fitness 0.03069727412380852