-2.8420465910365498,7.326795201437815,-1.3344490975656291,-0.1521941535958644,5.353348340874638,-5.131096621096424,3.597996810166935,-8.425667572461272,3.807298272596873,-3.9759229217358545,1.6586763722406048,5.010875891376176,0.8065110801239402,-0.21496776381003302,-7.6834014447339705,1.6202328492694473,6.89192164037532,0.542564101819105,10.534070368604246,-9.769965400456885,-1.7662046081893794,0.3923385500011446,1.651733376123822,0.6275291680559775,-6.048585298619317,-3.083758924965702,-0.9126783717381989,2.6195352883184544,-0.08683963764934277,-4.876376431697656,3.3861152092019284,3.8618728192786747,-2.8595044656272615,8.674665792456622,-4.28535820359703,1.095706758016684,-1.0302453128123021,1.226300904504407,-4.628462807107088,4.318308675368748,-1.100925917905176,5.456849087766602,-4.196957465756939,0.6257748509548244,1.8448174563301007,4.659462746730779,0.560536159870283,4.093823845712053
numHidden 	5
numGenes 	48
seed 	1585663861436
random 	java.util.Random@76fb509a
popSize 	80
maxEvaluations 	20000
minGene 	-3.0
maxGene 	3.0
tournamentSize 	5
crossoverPoints 	1
mutateRate 	0.4
mutateChange 	0.9
mutateRatio 	0.5
mutateRateSmall 	0.1
mutateRateLarge 	0.8
wepMax 	1.0
wepMin 	0.2
expAccuracy 	6.0
minTravel 	0.0
maxTravel 	2.0
neuralNetworkClass 	class coursework.ExampleEvolutionaryAlgorithm
Training Set Training
Fitness 0.006360602204271395