-4.202317484294294,4.709022622045728,-2.7120306656742987,5.310494884756225,-0.5299806340036896,-8.038078887638742,-4.294570259724818,-3.0300670255938296,-2.017936400396708,1.9414012130695575,2.394602403532753,8.010171525469696,-6.448571468524669,0.8540273203280816,-1.4742397923956876,-1.4085200371383384,-3.3523133919715886,-6.436270030940227,-1.7492214210453454,-3.486212194046923,6.95068502031367,-0.7138489928236725,-1.0162296321302255,3.069674914485752,-1.5569879829431095,2.0327342668507904,-0.11264552817405704,0.5332109794198815,0.9703312236525431,-1.408384992298441,1.2334792559308418,-1.0529132238038565,0.0914936692399555,4.914922594910674,-3.912115740075783,-6.758839693838934,-5.870865054384235,5.299999349743429,-1.9740625284179534,2.320463858201877,-1.9296627027622608,-4.7957440077948075,-5.555245811232954,2.191286052674672,-2.879442953145638,-4.763234118282345,1.3887354738308253,0.24033536386142706
numHidden 	5
numGenes 	48
seed 	1585663861436
random 	java.util.Random@76fb509a
popSize 	80
maxEvaluations 	20000
minGene 	-3.0
maxGene 	3.0
tournamentSize 	5
crossoverPoints 	1
mutateRate 	0.4
mutateChange 	0.9
mutateRatio 	0.5
mutateRateSmall 	0.1
mutateRateLarge 	0.8
wepMax 	1.0
wepMin 	0.2
expAccuracy 	6.0
minTravel 	0.0
maxTravel 	2.0
neuralNetworkClass 	class coursework.ExampleEvolutionaryAlgorithm
Training Set Training
Fitness 0.009116843172217242