-0.7263650123232377,-5.524635965645114,4.9436682770594595,2.2101517614904767,-1.5097522641698378,4.332831383125273,3.7581238922510543,6.700489454793358,-6.545793349006742,6.339886394041957,0.37598202827249927,-9.768033484531074,11.322035118169444,-2.057938502332672,-5.931370467279406,5.742667720593791,12.179021938921887,4.464128872818379,2.588857663626138,7.29758528799561,-4.384000916973006,1.306191108092698,2.0603338414057415,-6.0846957633973675,-8.567080101807841,-1.669778354500557,-0.39402651346022277,0.14355411374575655,1.1007545296821721,-1.9268250022382714,-3.8824085643542543,6.906674847027803,2.418510358280211,-2.4258730670841984,4.818023952964834,6.729658543122243,4.00830813321991,-6.341808174635826,6.999771493644938,0.4460789602445806,-1.8283175037815558,2.5540055935412873,3.3683331252696944,-8.353339085999794,-3.3475762691181488,-3.281174820397139,-4.562722499141294,-3.3096324688735126
numHidden 	5
numGenes 	48
seed 	1585663861436
random 	java.util.Random@76fb509a
popSize 	80
maxEvaluations 	20000
minGene 	-3.0
maxGene 	3.0
tournamentSize 	5
crossoverPoints 	1
mutateRate 	0.4
mutateChange 	0.9
mutateRatio 	0.5
mutateRateSmall 	0.1
mutateRateLarge 	0.8
wepMax 	1.0
wepMin 	0.2
expAccuracy 	6.0
minTravel 	0.0
maxTravel 	2.0
neuralNetworkClass 	class coursework.ExampleEvolutionaryAlgorithm
Training Set Training
Fitness 0.005769292642218766