0.07129883698524853,0.0894022908070371,-4.944996197777941,1.2879810763808837,3.9489917344953995,1.1423447797626833,-10.015265332870207,-3.3571784669676066,-4.336888972866919,2.636888398498686,-2.420077750378894,-1.8668119571369934,0.10567485569167834,-5.150518598460733,2.480729980165874,-5.898053202286599,-6.505645607938772,2.490389214369868,4.111364535938906,-2.9625556498220322,-0.9767836164443272,0.2575711270083486,-2.1837055133866787,0.3215553013914233,-0.7767317034763648,-0.8464310637665972,-0.14844269481969918,3.533857568861149,4.918551105911097,-0.08072562854308551,-5.235280422723335,-0.35106901038900673,-1.8864509570877819,-1.641281180645266,-2.8752661660806695,-6.280555283930549,-3.5196211240291064,-2.8650983005666846,-1.8915722762919587,0.3317897874541397,-5.422362960495305,4.164613748661704,5.943199123006121,-7.58183021375312,2.04308981184943,-0.9683506673455667,6.622517569843621,-5.665162025770828
numHidden 	5
numGenes 	48
seed 	1585663861436
random 	java.util.Random@76fb509a
popSize 	80
maxEvaluations 	20000
minGene 	-3.0
maxGene 	3.0
tournamentSize 	5
crossoverPoints 	1
mutateRate 	0.4
mutateChange 	0.9
mutateRatio 	0.5
mutateRateSmall 	0.1
mutateRateLarge 	0.8
wepMax 	1.0
wepMin 	0.2
expAccuracy 	6.0
minTravel 	0.0
maxTravel 	2.0
neuralNetworkClass 	class coursework.ExampleEvolutionaryAlgorithm
Training Set Training
Fitness 0.00889996648419849