5.19634597863661,-3.4853189225329895,4.042471883245431,-1.7976245044856642,3.7712496524840944,4.1042419420618925,2.8887780117976427,8.027385383333906,4.689771847297419,7.167321366354116,5.804856130450593,-11.771988205419655,4.380772791031393,-2.28839719734633,1.1975752233079797,-0.27862987303448683,-2.3517564790598966,-0.08341426457586532,7.413288056832277,-1.1731386698116704,-1.04737045678695,-1.5834881741464124,-0.9881042656317417,0.7017373155387887,-6.691552288106822,0.8549951893466509,-0.5027354264200243,4.224209332350042,-0.06133503629567327,-6.661464437773833,4.39501018430712,-6.86152379690317,-1.1692100725841101,-0.38455997891721416,1.569050385392373,-1.7072701377589712,-2.2158913715251436,2.0989386751471186,0.7009534141239157,-6.572461426796794,2.657381882894562,9.845781352086828,1.9502338032133948,0.9893032343821767,3.338516990427434,2.930963036042505,0.04773203305358087,1.4118407845564973
numHidden 	5
numGenes 	48
seed 	1585663861436
random 	java.util.Random@76fb509a
popSize 	80
maxEvaluations 	20000
minGene 	-3.0
maxGene 	3.0
tournamentSize 	5
crossoverPoints 	1
mutateRate 	0.4
mutateChange 	0.9
mutateRatio 	0.5
mutateRateSmall 	0.1
mutateRateLarge 	0.8
wepMax 	1.0
wepMin 	0.2
expAccuracy 	6.0
minTravel 	0.0
maxTravel 	2.0
neuralNetworkClass 	class coursework.ExampleEvolutionaryAlgorithm
Training Set Training
Fitness 0.0116264506593945