-1.222339544485353,1.0910421506090326,6.314799109978124,1.5789680894878368,5.786313247969183,7.100261861735012,2.824383437361556,-0.3616490844782597,-1.0763348175828487,0.05543328768081446,-3.231101350653106,2.491957515993734,10.899734236592058,2.259279328744059,2.003245681151159,7.431168070690745,7.356051258668264,-0.6462035930373505,-3.766059706188758,-0.16438759420594518,1.3546768359408277,0.8349080813080499,-1.5015932409635955,0.1546646982114942,-2.620778759433207,-0.44174575721500486,-0.48264083437145167,0.5876808614002859,2.210924007962741,-4.714986403317123,-3.682732289024535,-0.07450479285747957,10.178621519821919,2.987724896483649,-1.1638340227447639,1.991933627266913,5.399140611685753,-6.168532160684187,-1.1778339775397146,-1.9399853920368089,-4.121367591013952,1.0234404826238963,5.354437903602898,0.49106874157578095,1.7511300281388147,4.160632240993389,6.351349635118274,4.009889345678177
numHidden 	5
numGenes 	48
seed 	1585663861436
random 	java.util.Random@76fb509a
popSize 	80
maxEvaluations 	20000
minGene 	-3.0
maxGene 	3.0
tournamentSize 	5
crossoverPoints 	1
mutateRate 	0.4
mutateChange 	0.9
mutateRatio 	0.5
mutateRateSmall 	0.1
mutateRateLarge 	0.8
wepMax 	1.0
wepMin 	0.2
expAccuracy 	6.0
minTravel 	0.0
maxTravel 	2.0
neuralNetworkClass 	class coursework.ExampleEvolutionaryAlgorithm
Training Set Training
Fitness 0.009686799356463369