2.3676792227142793,-10.227386246181766,1.2490075923010067,0.4283384722041518,-0.236028041454716,9.742584684378468,-6.554755038443641,4.274452311210015,-0.2262837185781572,1.864651755266372,0.7886533857605793,-10.032298522565492,-2.333406582881916,-2.983749399606399,-5.248255308294089,7.501112337195672,-2.8115177998302423,-1.5536399516694122,0.6609271744170816,2.355104531231701,-5.157426173542114,1.672972191234039,10.227916960129432,-0.5576336599850257,4.641259129859367,0.2504660876893293,0.6197508214647399,6.492468181742755,3.5639597840388926,0.5014100620120353,-1.547019565903828,-0.242160278378434,8.16005399506839,-4.080467098367911,10.660747862377962,5.286744657620233,-1.300048798616428,5.57484874639535,-4.188556155027703,-3.643839666521864,-0.12642402828539168,2.1996062445732134,1.5893913196618348,0.41781162607471933,5.495825450110677,3.156977787493988,-3.225366854043702,-2.5397616324458907
numHidden 	5
numGenes 	48
seed 	1585663861436
random 	java.util.Random@76fb509a
popSize 	80
maxEvaluations 	20000
minGene 	-3.0
maxGene 	3.0
tournamentSize 	5
crossoverPoints 	1
mutateRate 	0.4
mutateChange 	0.9
mutateRatio 	0.5
mutateRateSmall 	0.1
mutateRateLarge 	0.8
wepMax 	1.0
wepMin 	0.2
expAccuracy 	6.0
minTravel 	0.0
maxTravel 	2.0
neuralNetworkClass 	class coursework.ExampleEvolutionaryAlgorithm
Training Set Training
Fitness 0.02557891528226764