-1.172418256359868,-0.5577099054801627,0.15474632978339853,-1.8553628880590207,-5.2985634358850335,-4.170201523772542,2.0797912905179476,5.835307942826715,-0.12723595623943518,-0.5966861001912658,-2.0569123825177624,-4.28580014888458,0.44169236728237693,1.8064287118380513,-7.577843715963692,-6.717470133094955,-1.2570398077218177,-5.12216772901657,3.5168221163582416,0.09391486619160871,-0.05443714136069011,-0.7159244602451492,-3.1059764661952864,8.32698540421498,0.6933066595785141,0.1574306915758681,-4.406601377635745,-0.08731676222127516,-5.722012482597967,0.14138676925217508,2.1986780535129165,3.319449067102988,-4.010745409594716,1.1035752452864518,2.609315454698949,-0.2241712183458059,-1.9145646426859422,-5.591259421905891,0.9306572235863392,5.9955743040648475,-0.6879820653633091,0.8986656294041387,-10.59788151534839,4.793361351746538,1.9144085891636546,7.017762997102764,0.021510007032027545,0.8738353200012621
numHidden 	5
numGenes 	48
seed 	1585663861436
random 	java.util.Random@76fb509a
popSize 	80
maxEvaluations 	20000
minGene 	-3.0
maxGene 	3.0
tournamentSize 	5
crossoverPoints 	1
mutateRate 	0.4
mutateChange 	0.9
mutateRatio 	0.5
mutateRateSmall 	0.1
mutateRateLarge 	0.8
wepMax 	1.0
wepMin 	0.2
expAccuracy 	6.0
minTravel 	0.0
maxTravel 	2.0
neuralNetworkClass 	class coursework.ExampleEvolutionaryAlgorithm
Training Set Training
Fitness 0.008923070684938047