4.345868712651878,-3.3497133659614113,-1.1893392917294046,0.3355494625144745,-6.3727473451388885,6.911129428724229,2.9806964476751148,1.812666271752476,-6.029206097407865,-1.9976959893771378,-2.610621613497994,4.406364951563076,-1.4662851199677798,-0.27784538546433324,-6.9300241405585545,8.286573403028799,-1.0816559776435262,-4.40385639857369,-3.621969249803614,-4.088238745932489,-1.1462148536860628,-3.7487782736689326,-3.388506746254254,-0.3835919020197289,-1.4758660012351594,-0.16323371419060073,-5.865642624448705,0.6218648179243144,0.4386874717105508,0.35774715690248715,0.9920125324235286,1.9774803071354499,2.859514922664615,-3.422417400907007,0.34520864579192767,-0.5005872734951422,-3.940817824005368,-0.5225622875157806,2.9256946397068617,1.5725925497393884,-2.8236594090077562,-6.874481343498385,-3.1697329146090047,6.516849382639457,3.8693149930187185,-1.9857885454017454,-0.07886190390580583,-0.8087363145792409
numHidden 	5
numGenes 	48
seed 	1585663861436
random 	java.util.Random@76fb509a
popSize 	80
maxEvaluations 	20000
minGene 	-3.0
maxGene 	3.0
tournamentSize 	5
crossoverPoints 	1
mutateRate 	0.4
mutateChange 	0.9
mutateRatio 	0.5
mutateRateSmall 	0.1
mutateRateLarge 	0.8
wepMax 	1.0
wepMin 	0.2
expAccuracy 	6.0
minTravel 	0.0
maxTravel 	2.0
neuralNetworkClass 	class coursework.ExampleEvolutionaryAlgorithm
Training Set Training
Fitness 0.01037267317713953