6.682971413071435,-3.168662474828301,3.20920895274697,-4.632793056457909,-0.38290746611833515,5.930291557779735,-1.4511847692293984,-9.271551784266228,3.5085208459201955,-1.194125032542798,4.801331750920484,5.181164616446178,3.477647547907262,-3.300061716423101,1.3542395815499195,6.812973872595906,-5.957474174269867,-6.048928921127382,-3.454904387537494,-6.951377693594799,-1.3901266427866843,10.437416556873963,4.725620066545101,-0.23164199429024124,-1.2351179998380468,-0.9570247296679258,-5.313132287932615,-0.28589417173146514,4.752670746522056,3.1549181212532327,2.722130592035982,-10.14977121323951,6.732522421738298,1.830371295906907,1.735079376513165,-0.6141052536314197,4.810654564273492,-3.5448762880493976,-5.480988732779549,4.69380268245805,-3.7306172109566815,-2.97818319586655,-4.338926639607977,-7.761309903210434,-1.7887512671514991,4.125241797101053,5.185480764330642,7.426603923779713
numHidden 	5
numGenes 	48
seed 	1585663861436
random 	java.util.Random@76fb509a
popSize 	80
maxEvaluations 	20000
minGene 	-3.0
maxGene 	3.0
tournamentSize 	5
crossoverPoints 	1
mutateRate 	0.4
mutateChange 	0.9
mutateRatio 	0.5
mutateRateSmall 	0.1
mutateRateLarge 	0.8
wepMax 	1.0
wepMin 	0.2
expAccuracy 	6.0
minTravel 	0.0
maxTravel 	2.0
neuralNetworkClass 	class coursework.ExampleEvolutionaryAlgorithm
Training Set Training
Fitness 0.025038193492817908