11.050788930203804,-3.7579872425362035,4.020399344674656,2.297539955285032,0.5995846078404286,-4.0082273758369364,-4.6865782499458595,3.178773875750892,-1.985770185276535,-6.40628434755622,7.963767256876294,1.756320772388212,2.3964346841070094,-0.7952613322900185,0.06923144751161847,-4.151393513231472,-3.9412706385884717,-3.923895216497137,0.2838102032108155,-6.742576756207468,1.353265175280899,-2.3505584098742816,-4.2605094540969075,-1.1271736833841168,2.6013551742951284,0.016617638078848973,3.8368867650729834,6.238105566006547,-3.296042337311215,-0.11146751296428714,2.07496747453226,-3.5143289476746506,0.2346888379980181,-1.6274343283046662,-0.16413069526992963,-2.533969906097717,1.1884935491585749,2.0190745137314714,-3.576674737534422,-3.2101383335627935,0.4578879836347317,-4.774220456308375,-0.6202645896958366,-2.6851501021056765,-7.158023458018416,-2.442579803521527,1.0751821611249146,-0.042322381070435844
numHidden 	5
numGenes 	48
seed 	1585663861436
random 	java.util.Random@76fb509a
popSize 	80
maxEvaluations 	20000
minGene 	-3.0
maxGene 	3.0
tournamentSize 	5
crossoverPoints 	1
mutateRate 	0.4
mutateChange 	0.9
mutateRatio 	0.5
mutateRateSmall 	0.1
mutateRateLarge 	0.8
wepMax 	1.0
wepMin 	0.2
expAccuracy 	6.0
minTravel 	0.0
maxTravel 	2.0
neuralNetworkClass 	class coursework.ExampleEvolutionaryAlgorithm
Training Set Training
Fitness 0.038630894522151626