-1.220377566198668,-4.233232453998845,0.3711392563926762,2.492492874633041,-2.4089606463714572,7.482990066842106,-5.745017272778759,2.160950778445611,0.7439791758713111,9.60252444925229,3.6141466940831557,-2.735698820996314,-3.1637478437890976,1.6335233046578246,-3.820906576659783,-7.697926143914756,2.566152869505987,0.23465382605005514,9.209246942191413,7.3923653133492895,-1.0364483594489018,3.7846500035185,-0.7926833500854763,1.8816917846287664,-1.973146631458548,3.1412378917473283,-0.017408934332023618,-6.652724788951626,-0.5614833661407043,0.025889499613920508,1.64223965287638,-4.757615055542935,1.5271306912339142,-0.6163924176969421,6.146061233864438,-5.275626242419035,-0.5933961852144176,-3.055312831426146,0.822223332008979,6.603033587185136,3.4819466738458025,-0.09544451338273352,-7.8624077720118475,-1.160541518416267,7.231825244226212,1.2461225816437929,2.671425277359522,-1.6733295118939417
numHidden 	5
numGenes 	48
seed 	1585663861436
random 	java.util.Random@76fb509a
popSize 	80
maxEvaluations 	20000
minGene 	-3.0
maxGene 	3.0
tournamentSize 	5
crossoverPoints 	1
mutateRate 	0.4
mutateChange 	0.9
mutateRatio 	0.5
mutateRateSmall 	0.1
mutateRateLarge 	0.8
wepMax 	1.0
wepMin 	0.2
expAccuracy 	6.0
minTravel 	0.0
maxTravel 	2.0
neuralNetworkClass 	class coursework.ExampleEvolutionaryAlgorithm
Training Set Training
Fitness 0.00916076998122598