3.366105621188619,-7.016382894635461,-3.800484962582276,1.4688889391064626,0.41916861267341066,3.5547442161107243,2.7560136788935634,-5.75504381205706,-6.918142796890717,-6.609337867207987,0.4560104283975086,-4.906006630007388,-4.086472389151313,-1.2336893678630165,3.40661789662618,-5.802443828288057,0.4002727392132561,0.9389296616242859,-6.4748334975942345,-10.622083720120717,4.92317094966817,0.6373278288955699,0.6889128572264136,-0.9254662377686458,6.613332616612898,-3.4449866619681693,-0.3860394090086614,-2.607411578565623,0.11569422151788977,-2.5618978173998306,0.601855428582379,-0.9761950039185567,-1.8124110088796064,-10.486909984911797,5.013796606002298,-0.5115271987959353,-0.33168829773358866,9.895821438001027,-3.8791186415834167,1.5335124971532537,2.5048607312702593,-10.551096687234285,3.6621556561595017,-2.61380186418015,-0.2950042532166819,0.404106521330446,7.299370359118459,-6.387301733393883
numHidden 	5
numGenes 	48
seed 	1586038225523
random 	java.util.Random@76fb509a
popSize 	80
maxEvaluations 	20000
minGene 	-3.0
maxGene 	3.0
tournamentSize 	5
crossoverPoints 	1
mutateRate 	0.8
mutateChange 	1.0
mutateRatio 	0.5
mutateRateSmall 	0.3
mutateRateLarge 	0.8
wepMax 	1.0
wepMin 	0.2
expAccuracy 	6.0
minTravel 	0.0
maxTravel 	2.0
neuralNetworkClass 	class coursework.QueenBeeEA
Training Set Training
Fitness 0.008355274195953076