-5.150989209425173,-3.962194746998297,-3.0479498998031183,4.519248478722154,-11.651110911675026,8.781027436200358,-4.4501263574354075,1.3636164072862575,-1.8418539040836963,-3.4135987150751275,-0.4682513207641241,-5.354063930968938,-1.8979864783991527,0.544132914595242,-7.102739796595469,7.729887255775006,1.2433492423925299,2.8757434684487544,3.65964673836178,-0.021608227878399777,0.08075103693304087,4.25647720523309,-3.1873519247460553,-4.167836678800285,-0.8754116341916971,-0.6019472258915339,-2.2272186674851895,2.561629063067339,-3.727917585586434,0.7777738533746632,2.058603534203579,0.351725987556633,10.145340399952655,-2.047876145964134,4.673189616856312,-0.5059226388025575,0.6937951253217616,2.849067768199437,4.037230994667488,4.3944172056972315,-1.7941197847435681,-4.062937302381423,-7.745507717761821,1.4280175744501769,0.05595005762707217,3.887223883961613,-0.37044560562086204,-4.423717936395077
numHidden 	5
numGenes 	48
seed 	1586038225523
random 	java.util.Random@76fb509a
popSize 	80
maxEvaluations 	20000
minGene 	-3.0
maxGene 	3.0
tournamentSize 	5
crossoverPoints 	1
mutateRate 	0.8
mutateChange 	1.0
mutateRatio 	0.5
mutateRateSmall 	0.3
mutateRateLarge 	0.8
wepMax 	1.0
wepMin 	0.2
expAccuracy 	6.0
minTravel 	0.0
maxTravel 	2.0
neuralNetworkClass 	class coursework.QueenBeeEA
Training Set Training
Fitness 0.015619286207807764