-2.0156867664794658,1.7422057025246032,-2.184341016558398,5.64146462250028,-6.288591831280712,2.57878547622345,-1.2207240025456296,-11.996795999891795,1.214680069031596,-2.6037978778892104,-5.477915122401161,-0.30585529161780034,-2.26100671724764,3.850407933142595,-3.8229923265021384,-1.261115357133436,-10.309057804608805,-5.657238348523937,-2.3597259144403715,-6.651486195804878,-7.421864294983468,-3.640583332075737,4.9252226930804355,-4.368985721377757,-2.799570136580382,-0.5439154791339806,6.472864553420293,0.3289116976619413,0.978502060629932,0.6963396341369963,-0.17612949850402515,1.45347948600687,6.502365157479879,-0.0900131532005366,5.792902014956598,1.5021963711813058,6.681168510457869,5.539516295558563,-11.104984006065472,6.4515163825332635,-3.899390721766724,-2.8162999645745717,-9.45981270023301,-2.721769190353931,1.2599837403757386,-1.6654526111080532,-3.726827376522099,7.1678000617100555
numHidden 	5
numGenes 	48
seed 	1586038225523
random 	java.util.Random@76fb509a
popSize 	80
maxEvaluations 	20000
minGene 	-3.0
maxGene 	3.0
tournamentSize 	5
crossoverPoints 	1
mutateRate 	0.8
mutateChange 	1.0
mutateRatio 	0.5
mutateRateSmall 	0.3
mutateRateLarge 	0.8
wepMax 	1.0
wepMin 	0.2
expAccuracy 	6.0
minTravel 	0.0
maxTravel 	2.0
neuralNetworkClass 	class coursework.QueenBeeEA
Training Set Training
Fitness 0.02658081695343289