3.786605462006886,-1.560031077603039,7.347238120785274,-3.3092287827379177,1.0956291820905864,-1.8236707695944698,-11.124726555973968,4.623570938985603,3.6033607518560595,-7.589817134835087,5.779660437137496,0.746847473437799,-4.4406716124941665,-6.226477172492319,9.310371054453903,4.330767254905599,-10.271190794413997,4.061543666332631,-4.753957653676515,-2.7078243727905327,1.436268032170421,0.12027431100426078,4.178335863692194,1.778807542606497,4.085621921003295,-0.42827181508407275,0.5530719013960566,-9.945341072248247,-10.164174116538742,2.402754336558007,5.2781642579995145,-3.616770920103999,-2.651867115527705,3.9398508438585864,4.6270835073018155,-12.551371782583706,0.702558908341901,1.5789424262762228,1.8373961567800652,-2.960458773133916,-4.974591109076508,2.6803447891778207,-4.05965257009889,-3.851747312993357,2.2413596107909735,0.2868364863484216,-2.305376339411662,6.159271829423995
numHidden 	5
numGenes 	48
seed 	1586038225523
random 	java.util.Random@76fb509a
popSize 	80
maxEvaluations 	20000
minGene 	-3.0
maxGene 	3.0
tournamentSize 	5
crossoverPoints 	1
mutateRate 	0.8
mutateChange 	1.0
mutateRatio 	0.5
mutateRateSmall 	0.3
mutateRateLarge 	0.8
wepMax 	1.0
wepMin 	0.2
expAccuracy 	6.0
minTravel 	0.0
maxTravel 	2.0
neuralNetworkClass 	class coursework.QueenBeeEA
Training Set Training
Fitness 0.009989284387206492