1.9038964125211706,-5.610134129104096,1.3763537730050768,-0.5641706948144876,6.639592812848331,-13.88443077924622,-4.398178105466887,-0.902860141808703,-1.563941401750764,-4.15248680180699,4.230033143728266,-5.525181152992011,-3.1968196951989896,1.0509067949794622,3.260964711285035,-13.906138772018622,-8.193237257093259,-2.4302351845832453,-6.469404604815091,2.683473114579248,-1.1501306225081862,-1.082380912205645,-3.876478992200493,-1.9545760818440936,-1.1205257633188443,0.18562208529405044,-0.12761539877051842,-0.7284358930918575,3.3525409759450326,-0.429823213067424,3.0253613540275204,-1.0562964811599427,-3.676331441935641,-6.014517557943127,5.809325471022427,-3.791371332306719,-5.625747669771168,2.9026325875900243,0.2495284947897991,-4.154368653478093,-0.7998941561329493,-2.01374354535335,7.445315119073989,-6.325969017214686,3.2842394407950017,3.675617831929424,-0.178653757407349,2.6888143162594975
numHidden 	5
numGenes 	48
seed 	1586038225523
random 	java.util.Random@76fb509a
popSize 	80
maxEvaluations 	20000
minGene 	-3.0
maxGene 	3.0
tournamentSize 	5
crossoverPoints 	1
mutateRate 	0.8
mutateChange 	1.0
mutateRatio 	0.5
mutateRateSmall 	0.3
mutateRateLarge 	0.8
wepMax 	1.0
wepMin 	0.2
expAccuracy 	6.0
minTravel 	0.0
maxTravel 	2.0
neuralNetworkClass 	class coursework.QueenBeeEA
Training Set Training
Fitness 0.0074671271272013125