7.30036480969859,7.8821966496568745,1.2129923959558706,2.5382043052951593,-4.075505291233613,4.487092211898273,-0.6417383985734846,7.7702107121164286,-4.095275713586227,-4.6496677747277335,3.9482748103535554,9.198349521063804,4.8290260884413385,1.9479510585229596,3.0246135598485866,10.028750526581298,0.9762187316243018,2.780615963743114,-7.40301579942637,2.6610580685468435,1.706608238266282,0.6353781507205012,-1.775730604100577,-2.052473669633737,-2.0851252182798383,5.791870780747833,-1.1579074225501476,0.7299729712723302,0.6359361363929064,-1.4079227052955297,1.7855840373532326,3.462969900992235,-1.5128632353895846,4.143015934628672,-1.9556582930063886,1.0632322823774216,0.629633306003492,-2.34977667500268,3.4849113619030794,7.568305055980209,-6.43917323522731,-2.4652260491050653,2.8493852753670197,4.75806820082332,0.8238845934540571,0.9114861017793086,-0.37259642794132475,1.747602218058943
numHidden 	5
numGenes 	48
seed 	1586038225523
random 	java.util.Random@76fb509a
popSize 	80
maxEvaluations 	20000
minGene 	-3.0
maxGene 	3.0
tournamentSize 	5
crossoverPoints 	1
mutateRate 	0.8
mutateChange 	1.0
mutateRatio 	0.5
mutateRateSmall 	0.3
mutateRateLarge 	0.8
wepMax 	1.0
wepMin 	0.2
expAccuracy 	6.0
minTravel 	0.0
maxTravel 	2.0
neuralNetworkClass 	class coursework.QueenBeeEA
Training Set Training
Fitness 0.010519349474678238