8.665938900835865,9.219084840305422,1.7942419912018228,-1.7350907142390897,7.99461181407793,-2.550035081353447,-0.4422569977990447,-5.401459753603675,10.0323107322849,-0.9173529835965804,-1.7867959112398317,5.990392396411998,-1.9106983038606797,-1.2763797098801195,1.2710428657462156,-0.2696691784388614,5.548859872153006,-5.958022053630631,8.016114616889737,-3.7210357366506903,-0.5968431787169299,2.2241087886426363,3.448243202818582,0.21481546704713717,-2.471234304327712,-6.691926536577229,-0.4988910960799702,-5.555420681780483,-0.982588446900571,4.549948280139971,-6.2282806514043445,-3.7123165529388658,-3.678340476077878,5.636420922214578,-7.8304158400082695,-0.981939186722455,6.518054546536616,6.602222272632279,-5.234048359514348,0.7518757862315679,0.23608511370418128,8.175327718050644,6.425899921613691,-4.16840995578257,-4.060158215451215,-4.546458806860234,3.742981084942426,-0.038244468124553954
numHidden 	5
numGenes 	48
seed 	1586038225523
random 	java.util.Random@76fb509a
popSize 	80
maxEvaluations 	20000
minGene 	-3.0
maxGene 	3.0
tournamentSize 	5
crossoverPoints 	1
mutateRate 	0.8
mutateChange 	1.0
mutateRatio 	0.5
mutateRateSmall 	0.3
mutateRateLarge 	0.8
wepMax 	1.0
wepMin 	0.2
expAccuracy 	6.0
minTravel 	0.0
maxTravel 	2.0
neuralNetworkClass 	class coursework.QueenBeeEA
Training Set Training
Fitness 0.013567314455199934