0.2489708589024442,-0.4226986746127892,-3.0523417811061595,0.24238679298175203,6.349368267311415,-4.646588646711941,2.6970465593101682,-3.6159280889726,-3.4211003453492514,-1.1179087124274805,0.3105550922690803,-0.2794597231067586,0.6190619659119476,-3.1121465906715002,9.241253974254324,-3.3540592591552905,7.118561673920116,1.7964512384639164,4.599906273739978,-3.039455438171255,-0.4960717253548541,2.044582139499603,1.7601342849994834,7.425409267321591,-1.7635057017002342,0.14069990459258275,0.012319816140928808,-2.784786463630689,2.9540140548070997,0.44408336435703744,5.592129939526216,5.61665750465804,-4.618828902950176,-0.6094775885724921,0.8834948085841319,3.9590054267097043,0.1361262815873947,1.2396509989166038,-1.0260965672976914,-1.2524117314703558,1.1982732619348475,-0.13918426291393882,5.060717276637234,-5.552944338849468,0.8541999473737136,-0.29452770027747643,0.01961300673193289,-2.0842127826743995
numHidden 	5
numGenes 	48
seed 	1586038225523
random 	java.util.Random@76fb509a
popSize 	80
maxEvaluations 	20000
minGene 	-3.0
maxGene 	3.0
tournamentSize 	5
crossoverPoints 	1
mutateRate 	0.8
mutateChange 	1.0
mutateRatio 	0.5
mutateRateSmall 	0.3
mutateRateLarge 	0.8
wepMax 	1.0
wepMin 	0.2
expAccuracy 	6.0
minTravel 	0.0
maxTravel 	2.0
neuralNetworkClass 	class coursework.QueenBeeEA
Training Set Training
Fitness 0.011496404827435204