1.04691648399987,6.058302175099993,0.8081909915491883,-1.8274535127270033,0.9245786163892742,-1.7713612859126169,4.246049066709817,6.383881957814333,7.471363459749146,-1.4418774830878331,-0.8720827368547175,9.668350363167328,4.872377758159905,-2.8911600765879077,3.0254158598206944,4.470498118959643,5.726110902636088,-0.10032808511217883,11.973423989239418,2.4507560191467173,-10.595924528291526,-3.628686098973396,-1.6810401507035984,1.1218433019262748,-1.0472205488473127,1.649204540890695,0.6846000131414698,-3.0452212064708277,-0.49994481970132476,-0.5884644712954215,-4.232133215152194,1.4326195216900741,-0.9408690477068822,6.559098134498888,-4.4082825859941055,1.5385264104782257,7.764898539886008,-1.0714678690341195,-1.5621144774274967,-2.7266784650412266,1.6024904827509676,11.690455676692228,2.9886476410034044,0.5888145173787809,2.8497397303187597,-1.3715389458202107,0.9740739450081266,3.434996867668641
numHidden 	5
numGenes 	48
seed 	1586038225523
random 	java.util.Random@76fb509a
popSize 	80
maxEvaluations 	20000
minGene 	-3.0
maxGene 	3.0
tournamentSize 	5
crossoverPoints 	1
mutateRate 	0.8
mutateChange 	1.0
mutateRatio 	0.5
mutateRateSmall 	0.3
mutateRateLarge 	0.8
wepMax 	1.0
wepMin 	0.2
expAccuracy 	6.0
minTravel 	0.0
maxTravel 	2.0
neuralNetworkClass 	class coursework.QueenBeeEA
Training Set Training
Fitness 0.006701318848060318