8.607364198849385,-4.479704661256694,0.488083210143901,-3.6168698004041895,-5.721486575262166,7.670918888650843,9.26551503325919,-6.771632949901441,-4.459722812904884,-2.6344575875591776,-4.623265984710825,-5.154791633964091,-0.7787004828292887,-6.546338480867909,-5.678027096363272,0.4833450695890056,7.079991787695479,-0.5773828828882932,-2.1215303656363194,-11.727046085771878,-0.2707995033841373,0.7579478724555153,0.880402653984131,3.9934808685403524,-2.4796127890547783,3.3629141940510534,-1.0873967863248977,0.5732753441118992,0.9495112390076896,0.7105165421888682,4.931361765642445,-4.221587863820411,7.76489067858912,2.989658535998924,8.38578944033701,6.033154520648726,0.865433640663591,0.6200259067099307,0.5566326675348847,-1.94601083927925,2.804589333926943,-6.27506969241591,-12.983062282618654,1.6669155442431371,-3.859482128706796,1.7438451075772878,6.511897909888135,2.805734560278813
numHidden 	5
numGenes 	48
seed 	1586038225523
random 	java.util.Random@76fb509a
popSize 	80
maxEvaluations 	20000
minGene 	-3.0
maxGene 	3.0
tournamentSize 	5
crossoverPoints 	1
mutateRate 	0.8
mutateChange 	1.0
mutateRatio 	0.5
mutateRateSmall 	0.3
mutateRateLarge 	0.8
wepMax 	1.0
wepMin 	0.2
expAccuracy 	6.0
minTravel 	0.0
maxTravel 	2.0
neuralNetworkClass 	class coursework.QueenBeeEA
Training Set Training
Fitness 0.007172250773587928