0.16548906295262977,-1.5273658406962882,7.009425486184346,-2.7082819922522665,-3.0466751058622386,-0.33042106649317393,-7.987485710820511,-6.836828856036466,5.973971832391593,-6.9465439435346985,0.2515809500926576,-5.511990414185409,3.732315327252076,0.06745933716330343,-4.588262838186322,3.772207419380404,1.1495440971305388,-5.661222241785438,-2.7075557781624404,-2.8706829163595264,4.5193649298992185,2.131164507482512,0.7045766223860355,-6.701021874954752,5.528641489116877,-0.4140170143293833,0.13941156678892153,-0.028399076717844807,-3.932239268539967,-0.48194201345718923,0.6221800490712868,6.1567188293537285,-1.4332607626831662,-3.2912736349153136,5.785627632930609,-4.79429447333252,7.182497810778213,-4.983255723229248,-2.1310574350289633,4.582196495707549,4.0976482938420205,3.7714298818432983,-2.430200239726269,1.6825655529191845,-6.785343110744848,4.843394582599036,3.6671157483583467,0.6036110084162916
numHidden 	5
numGenes 	48
seed 	1586038225523
random 	java.util.Random@76fb509a
popSize 	80
maxEvaluations 	20000
minGene 	-3.0
maxGene 	3.0
tournamentSize 	5
crossoverPoints 	1
mutateRate 	0.8
mutateChange 	1.0
mutateRatio 	0.5
mutateRateSmall 	0.3
mutateRateLarge 	0.8
wepMax 	1.0
wepMin 	0.2
expAccuracy 	6.0
minTravel 	0.0
maxTravel 	2.0
neuralNetworkClass 	class coursework.QueenBeeEA
Training Set Training
Fitness 0.011743938563810643