4.622455579100483,6.7278975138113735,-4.0909256732275185,-3.387245578440084,-2.872212224276401,-6.495152241712636,3.035606038427714,4.118667475299416,-2.2301333218241925,-7.572310322645026,1.3011407538637343,4.234406000504745,-3.5807108706573056,-0.89915801451485,-3.8652900245373076,1.871907759696033,4.288377964061282,8.643677541506223,8.21283130342053,-1.4803791637971146,4.094847219172103,0.379816588561665,1.3509653131886687,1.399955835114341,-1.5001897344836088,4.655889370005958,-0.17036127596219497,-0.28820645679554013,-1.2862748573765015,-7.6893964019826075,2.7869102719977343,4.977905947247295,-0.9005854291314638,4.547379451397982,-5.086845829129855,7.568324962439887,-5.625654999253639,5.733729956278793,4.225933065384853,4.359362793414397,6.324897488838456,4.157991719321326,-6.217974999555557,4.314160374306774,2.0934090523231967,-4.581069989658767,3.5004741371013908,8.134312771722675
numHidden 	5
numGenes 	48
minGene 	-3.0
maxGene 	3.0
tournamentSize 	5
crossoverPoints 	2
popSize 	50
maxEvaluations 	20000
mutateRate 	0.5
mutateChange 	0.9
seed 	1583878160569
random 	java.util.Random@76fb509a
neuralNetworkClass 	class coursework.ExampleEvolutionaryAlgorithm
Training Set Training
Fitness 0.009799452169842404