-4.58945748311386,1.4055464982346182,0.37848995782303596,-2.0151851349099177,-4.012259324625681,2.653308666375975,7.288266017042058,1.1025242182408483,0.5884424980884998,0.448335396467882,-9.355165761818597,4.4696359080677075,-2.92970729376128,-1.7172666218095185,-3.2181824976753286,3.254867371860477,4.301046467996728,1.1764280256216448,7.106912096818116,2.151362119916956,-1.4576111921281534,-0.8605864815302054,4.824615231185895,3.071559827072649,-4.896355046569134,-0.21033221175241434,-0.08685684609263189,7.0407564732450885,-0.3514280164855029,3.3418221586470325,-7.388261095436137,2.487243636221305,2.4227502704884474,-0.04533490855536759,-4.173519726318724,9.864793783932186,-2.7512721227342274,-1.313779415709425,1.956141330404653,-4.419597639930799,4.808701848684299,0.4280467445557753,-1.635441749187453,0.1821835570596474,-3.3835093338558644,2.8260600464368255,2.2943894862049885,0.6744605779126774
numHidden 	5
numGenes 	48
minGene 	-3.0
maxGene 	3.0
tournamentSize 	5
crossoverPoints 	2
popSize 	50
maxEvaluations 	20000
mutateRate 	0.5
mutateChange 	0.9
seed 	1583878160569
random 	java.util.Random@76fb509a
neuralNetworkClass 	class coursework.ExampleEvolutionaryAlgorithm
Training Set Training
Fitness 0.008944857525216758