0.6632741760536226,-2.692691594265666,-3.0951866535891357,-4.2419728662193625,-4.202075151117588,-1.4353289529164663,-3.9457843760264493,-9.38358611154328,3.778144382242095,0.391356717140657,-1.875155936322471,-4.623114366133434,-0.8896736543290257,4.1391836944082945,-6.003944890664253,-10.981613940763063,4.237347649040948,-3.7056641863494986,-7.3698961998251,0.4421979715861729,-3.236403769597136,-1.993050475764118,1.6815168020891194,4.209671773662209,0.3190883679705363,0.06869014564387022,-6.439253869020121,-0.389675625547491,2.232509835552453,0.12708454378588996,-7.037534588958034,0.26394880301027823,-3.704399446987594,-4.7318135671314305,-3.3356105327235572,2.522269985472433,3.607334110207168,-0.7047750901420822,-7.364060376678234,3.2839506904722806,-5.013125983512091,3.7800399805535743,-6.760370386051288,3.815596666955566,0.7789278938970269,-5.941571385657665,0.052165157402114026,-5.2158143520632345
numHidden 	5
numGenes 	48
minGene 	-3.0
maxGene 	3.0
tournamentSize 	5
crossoverPoints 	2
popSize 	50
maxEvaluations 	20000
mutateRate 	0.5
mutateChange 	0.9
seed 	1583878160569
random 	java.util.Random@76fb509a
neuralNetworkClass 	class coursework.ExampleEvolutionaryAlgorithm
Training Set Training
Fitness 0.010990353103257973