-2.5675511881881783,-3.3097292349063543,8.526880408963384,-3.9899474312049232,-0.010286725973631672,-5.699660546289971,-0.43315570002209536,4.59970166192845,-7.64958551257922,-7.96539984996668,-2.5833247114014553,-9.192121525336539,8.271614261305535,-6.1952347199723246,0.004703686151643849,-10.82161850632914,-0.36149597312625104,6.97100687847206,-2.861334476586742,-1.338559682498612,-2.072927454101737,-0.8539515888133119,-1.263318960384749,2.0986441876897155,2.910165298973268,1.0430313016920874,0.5160315403667,-5.363497578006166,-0.8806327580460022,5.721147299989283,-4.5723896239544635,3.1646190106749175,-6.493878788309301,-6.511113141961216,6.53916287688451,0.4353501814979376,0.8391926077366881,1.9136114493881662,-6.056897770293438,-3.1096318535943612,13.373985806680759,-0.3697520648733532,-1.8245835387381288,0.8117050619268341,0.2630997827116416,3.3162715197057193,1.787926719591534,-2.769293341743385
numHidden 	5
numGenes 	48
minGene 	-3.0
maxGene 	3.0
tournamentSize 	5
crossoverPoints 	2
popSize 	50
maxEvaluations 	20000
mutateRate 	0.5
mutateChange 	0.9
seed 	1583878160569
random 	java.util.Random@76fb509a
neuralNetworkClass 	class coursework.ExampleEvolutionaryAlgorithm
Training Set Training
Fitness 0.012723221751912166