0.10352528256275217,2.156639059861174,-1.551350212630708,-6.644212654659542,-3.2086295266723077,-1.1062319380113985,-2.8428686308917444,-3.7832345474269857,0.9868752502383948,9.110303726784785E-4,2.991935820288589,-0.03814862039620248,-2.7991184207809665,-1.4762948446065405,2.0963603132128137,-1.344702426726922,3.3521114737497912,6.4652344000477555,-1.3024225540112013,0.15946652305774212,2.623632198309002,3.8910008955019713,5.48028151771736,0.5256824246995793,1.7069388161615136,0.033497462136629075,-5.102030792675734,15.183481252975646,6.779295919227843,-2.4674487515492154,2.3133966747507193,3.883766049780723,1.6361519741576993,-3.0543456016521047,-4.3453247406849576,0.8181677839575201,4.414113284867721,-7.901954968864752,0.0058894053519580325,4.2412124649478296,-2.7088651673242534,4.715348144641714,-8.778956532054584,0.26369022340634274,-8.560743765913902,1.0921344594372053,2.257565423045536,-2.735081754279662,-5.668612686992457,-2.7021999214171597,-4.5294826277328255,0.5883887328658894,-3.7326868639432145,-4.393282330637929,5.591084288544078,-4.160412778236154,-0.3147340369800524,-0.5373427164248303,-1.467165143150695,-2.803433969515268,-0.5359188758688997,10.348021027152802,-3.4733294590872914,-1.3268481933243308,6.997124649904928,5.426482356198284,0.38029882768885326,3.24146518502494,1.3328541571556407,5.76316915620706,3.890491923473708,-2.8752724004888197,2.12804611916291,2.2995745897178823,-2.3936903226021857,2.4131240085000485,0.548393023370787,1.5709291110571817,-2.751107912545941,-2.5652087745263605,-0.42265167846185303,3.401810226903084,-1.8616550331087725,-6.969203795145157,3.457765670132959,-1.4986821667666872,-0.03933464245581364,-5.962734674131751,-0.8079450247913602,4.002187262461211,-6.872423577684284,-1.1303755523388919,0.1652451027648656,0.5487580228683022,-2.1604391023330125,0.1332025869929856,-0.968481577626596,2.5367661092052236,-3.242691979585235,-2.348745126310373,4.018452922852386,-0.4565272321412408,4.919203905828937,-0.7942485783341207,3.754379732487741,0.8596890601658327,-5.787572995494158,0.6280783888499721,6.612934810519164,-0.6541959802626067,5.312621310462809,-1.3439044940143106,-0.6049430723911922,0.5819696372460559,0.5520514701551864,-1.8092117713450726,2.9323559762940734,-1.5318563065508815,2.6585591053954873,4.240051528461525,7.896945164515041,4.052737664356672,-1.27243538071047,9.928940197881182,-1.2584945647988057,10.429164491842789,-1.8532197289346453,4.485013286091324,6.269520419613968,-0.9623723759448568,4.488221959336098,-5.925796801259678,0.8492938653331716,1.6450384721118416,-5.385471681940982,1.7669306419487247,2.7365301983776025,4.648998862538945,2.4165191768455134,-12.244011963146338,8.358935199938601,1.1623294268155857,2.706345981737144,6.227009646015429,-3.257538570488049,-0.41732707786178214,-1.164491473189095,3.9991411755718183,4.522497922278378,-2.962751517477602,-0.41056388432409907,-2.7921772638500677,-0.8155272240110323,5.215878667222418,4.830250438957695,0.8933918302639139,-1.6829863358169064,2.6659593910379225,6.216751675188288,-2.6114860648782896,8.736976650467764,2.621089543892708,3.125589120990524,-7.135760524551372,-5.6406681955210844,1.870620904602778,5.630002777424968,3.2987902404794385,2.6360620564365003,-5.949557388805342,3.0624383683334955,1.474968591770109,4.276905567150292,-2.954146798238817,-1.705231510721867,-4.608616904997812,3.7909425144216415,-0.21697679655580515,-1.6383879564643946,-1.8931387902015686,4.412025342482843,1.232769347382865,0.5689970694439861
numHidden 	20
numGenes 	183
seed 	1586641751025
random 	java.util.Random@76fb509a
popSize 	80
maxEvaluations 	20000
minGene 	-3.0
maxGene 	3.0
tournamentSize 	5
crossoverPoints 	1
mutateRate 	0.4
mutateChange 	1.0
mutateRatio 	0.5
mutateRateSmall 	0.3
mutateRateLarge 	0.7
wepMax 	1.0
wepMin 	0.0
expAccuracy 	7.0
minTravel 	5.0
maxTravel 	20.0
neuralNetworkClass 	class coursework.ExampleEvolutionaryAlgorithm
Training Set Training
Fitness 0.007984548245737449