-6.764832031240024,5.157239746652964,8.474579061426555,0.5593474881338341,-4.578069963374927,0.0061271710104495725,3.3527209583785567,2.239523356507867,-1.147953454339675,2.990876755305277,7.814998701567132,5.463374315536445,2.7109517924322546,3.842077639406699,-0.6096263335279968,-2.010992961996501,-2.0634995853496516,-0.05999009046560033,-1.060978496400545,0.7006390447035802,2.0956799817265344,-3.910788729155243,6.051783875683913,-5.394860299353655,3.3180772105936844,3.714998577563401,-0.5519240750651733,-3.825140273255757,-6.056212814532959,-0.9412249095690886,-2.8967374023847494,3.334993511043315,-4.356670805685669,6.854168631031612,5.3382150443577,-1.7410852684871738,-1.8845080688685854,6.2068444559980005,1.6444095755151364,-0.6213465853419402,-3.868350982686617,-0.17837135508350643,5.092892188890438,5.403663323592735,-3.323758444967954,2.5136485655006027,-2.349949762684278,1.9750172194147515,-1.4985182267548183,-4.382067157178058,3.8852345144375207,2.6036489395898466,7.670190529751803,-6.222855311412863,0.4048881613065447,3.7502511221886854,-3.395957168324661,2.6398582929092402,3.8849490288569233,-2.6990876493816103,-6.214647520654213,-5.757977030265298,0.7978981309848896,3.2765725474707033,6.578887739610529,6.271993878051392,2.842938335060216,-5.614148104940878,-0.35392914096116,3.0347398048939747,3.6873986498725655,-1.0102033763087301,-0.8827313808182295,3.733578600630389,0.9145634114857524,3.1935680570246783,2.0687469858073775,3.678018838454535,3.0477408424879657,4.114086668355286,-5.080782944553365,-1.7959743575418452,-0.8175079786614186,-4.105872993890369,2.1167618040046445,1.4582589179136427,-2.8914502040556185,-1.2576578982529902,-2.0697094598023327,-5.24942869513739,4.840069397389192,4.175183637214431,5.2001778740407385,8.613939911261408,-0.2167465141347069,-1.9322466690007167,2.032721746249747,3.8055379654422166,-10.099255246874353,-5.452183101736825,-5.410112509630279,0.6415222616185865,-0.880441953685585,1.909476260192477,4.136283916181311,-4.117186885832483,0.32069865163991595,5.831376598563146,0.4639878529078567,-3.535265610893614,-1.2002520229103357,2.8717231765318303,-0.91663592877011,-0.8416311018213083,-5.096535720639368,-4.864654244153915,-1.924120638359808,-2.5566703390632926,0.09067519578602123,8.677906110421727,1.4318451617017105,-3.280916248349712,0.23551692419488912,3.7616890737727493,-6.141861753299743,-10.996550470059008,-1.7530681023025405,-10.057347973186296,3.8905522876603076,4.475871859507843,-10.978301352608566,4.021143221387144,0.6825475153058331,1.6195638952102094,-0.6208722927753709,-1.8710680009999363,0.06677181758009798,0.3005912049413926,3.9439116895992274,-5.347069401387286,4.397837574019948,-2.1065451773819968,-1.050514729739124,-3.6887808205650376,-0.7155520446904005,0.521715388689092,1.6276008317710993,1.4997221234671034,-6.393925709283693,-7.371313377292227,4.230693242166062,-0.9818839550951894,6.183996989590973,2.4272082501374994,-2.198038960807719,5.461286981394624,2.1386322829801028,-7.701005512466889,-2.436046855105732,5.927885693675702,1.314673760688387,5.923037749834815,7.239808885032554,5.250266405397671,-3.8073094732288553,-1.190967506538334,-1.2478412650395354,1.6903273590153298,2.430430444261413,2.9957671152835053,-7.436946946478324,4.0289557351234615,-0.3654576042118354,1.0900323453259464,-0.772230410161614,1.5965652700461765,6.140501120704528,-1.4558565574519862,-2.2846996164229574,-1.1662283950206493,3.1902275441214067,-3.380720936746334,-5.6087160535244545
numHidden 	20
numGenes 	183
seed 	1586641751025
random 	java.util.Random@76fb509a
popSize 	80
maxEvaluations 	20000
minGene 	-3.0
maxGene 	3.0
tournamentSize 	5
crossoverPoints 	1
mutateRate 	0.4
mutateChange 	1.0
mutateRatio 	0.5
mutateRateSmall 	0.3
mutateRateLarge 	0.7
wepMax 	1.0
wepMin 	0.0
expAccuracy 	7.0
minTravel 	5.0
maxTravel 	20.0
neuralNetworkClass 	class coursework.ExampleEvolutionaryAlgorithm
Training Set Training
Fitness 0.013303998351761825