2.340747227329471,-2.2075616708519474,8.861159895694106,6.054808692008758,0.6052202555464881,7.757380387054171,-4.707096622542335,-8.261948790103931,1.6208301468008832,3.4618666356003374,-9.2630356365353,-0.8596828765002935,-0.49994839320526996,-4.001108397904805,2.153887806240223,8.878284327560046,0.5010876926573324,-0.18374556313913804,-3.171624601700638,0.24693676691483102,0.6510833228392645,-0.7951789672929594,5.212826924245913,-0.11717041538412021,5.970257901857914,-6.762150486909094,0.8541933038176306,-4.548616563760888,5.737815538882583,-2.897611687896342,0.17385644121499766,1.4868002219897827,-0.04867523759051817,-5.008512744369521,-4.1171781842862,-1.07427048313324,-7.595950297534029,2.5693701756197003,-6.62615597972624,-3.428307538180184,0.7251375258596457,0.4436924041449668,-4.670183862566535,-1.1100091097713962,-2.1874756868550387,5.89806504033729,-2.063598870954099,-3.1592059457160344,6.780530097404428,0.304661840386526,-4.8924164312204965,0.600278456778744,0.4225540553082512,5.832831944284826,-0.43987227837010323,6.615094277243177,-1.0115344359492258,0.8208402016925476,0.1289690115704456,-3.253067578518184,-0.918194533358978,4.441536762162245,2.4011165891622177,-0.753609471290348,-1.363791731420351,-3.506074926963075,-1.1313126398449254,2.215254454042589,1.5222555686026564,-9.708729994589516,-7.637756906462686,1.073738021779346,-2.634735761632105,1.6925598719620725,-2.476354894192261,3.344141855243344,-5.378686878251409,4.337810471275171,5.513191253077565,8.794816047641861,-2.1368938190451088,-2.9011353632586356,-0.9811561253059145,-3.3417667011812693,-2.4309311971343925,2.6460215818373922,-0.05409390271548986,-0.755600826853037,-1.5116301154670904,-2.143006284312028,-2.0864481061921314,-1.1842480662788244,-0.12864018782919384,4.558366918708282,-3.1298430448566146,-0.9278799369736683,-6.4907902220385365,2.7909075003314534,-0.23756773734583803,-4.985764948553597,-0.3816618931380624,5.428734431865836,0.25390128118789157,-2.6882880196745984,-0.8654987515562116,0.5585452781282525,9.986314159190076,-0.40366340498956266,-8.051770934329648,-0.4612444845937187,0.8131361424888075,6.333918325696154,2.0175773373552888,-0.8904130714272198,0.8072952766530097,1.0978899708118002,-3.8640322309525157,0.31380588058985026,2.65592299216335,-1.824743312039577,7.412186562995896,0.3139911195205052,-0.697137173218386,-3.519579654303289,-4.7635992721837495,8.455877592900633,-0.6147229006001806,-2.2651753675158695,-0.339639481063692,5.128497235851403,0.13372073550723584,4.790291163548483,-3.2882595315643006,-6.889491556458872,15.965604266461035,2.8313351021033712,-7.808121869159505,-0.8317211686043446,6.000010143103586,1.986675091899075,-0.02703870055138413,-2.3150439895755994,1.157376873213365,-5.387430761711968,-7.284986701815338,2.0509357021394896,-2.619388941610154,-8.81946474952894,-9.735178076175455,-4.565195230444828,-4.175266734547163,-0.6905674249659035,-4.221744826960343,-2.6199872260355974,-2.389787139879781,-1.9731955265436296,-3.1757959288658633,-0.5638067010616368,-3.0793092158607305,6.82680478245493,-4.6173126894012775,-4.264767767614597,-2.1511597118389005,-5.488049530903133,-1.258545799924729,7.060848728912347,-2.545342877637829,5.163367526754708,-0.17528697863222353,-0.9962728151152627,0.33648459118299723,2.07235714038997,2.776020959388654,1.3632061290911377,-6.577236491282252,-2.960214308101575,-1.9310466198806404,5.04193173913167,-4.963772849641304,-0.17784790892556845,9.716598129320497,-1.4834333208716965,0.11673737475028112
numHidden 	20
numGenes 	183
seed 	1586641751025
random 	java.util.Random@76fb509a
popSize 	80
maxEvaluations 	20000
minGene 	-3.0
maxGene 	3.0
tournamentSize 	5
crossoverPoints 	1
mutateRate 	0.4
mutateChange 	1.0
mutateRatio 	0.5
mutateRateSmall 	0.3
mutateRateLarge 	0.7
wepMax 	1.0
wepMin 	0.0
expAccuracy 	7.0
minTravel 	5.0
maxTravel 	20.0
neuralNetworkClass 	class coursework.ExampleEvolutionaryAlgorithm
Training Set Training
Fitness 0.014500731085462924