4.572815166923913,9.721850876684394,0.8325899686380351,3.6798551759453133,-0.034303740097340274,1.4228750024435248,0.8535038552917471,-3.9110561024322004,-0.5962723971867305,-6.907933488623584,4.212912539995714,1.416463150530653,-2.470725726888203,0.6672910350844989,2.0375715805828487,-1.849095397202948,-0.8206062421848079,1.1483367700693439,-1.7824614478517757,3.500628271994569,8.190707086367013,-0.7955382167423992,-5.858017481776586,2.9505576604747294,-3.3823552993567905,-2.5764913476156392,-1.7832549957876997,3.1869766573309306,0.940176429741717,4.537977429429322,1.9731617674605744,-0.2673492293186275,2.2883093778478383,5.336490821556286,-3.252423682415553,-2.5237043733413955,2.0993073277471623,-4.2203664883944825,3.0183994567602728,-4.440291306246939,4.949759977014859,1.0871947882705264,2.5324876452741476,-2.197319564229602,-2.4317028266520184,-1.7506100541581624,2.3350392697245868,4.000095957298979,4.235922237679894,-4.4623173246679695,-3.262874461612963,0.01743474539506895,-2.0803972740604033,-6.848621024207995,4.11239730719853,-1.359823792274598,-0.43906382369993313,-3.865792397729626,-3.790569094755095,-0.4005894410599167,9.955372745978313,-3.869349128810079,10.398596411043034,-0.8997440838370547,-7.3913433521182546,0.42483614880158527,-3.057746308670489,-6.478522772665871,-9.154187608018798,2.0153441631530704,-1.015493001737652,-3.266000723024054,1.2741793447155882,0.2273388021404097,-4.49833547153854,6.702804850405713,5.4656680313597485,1.548968210023081,3.936977966340616,-2.308997141882984,1.42458134189354,2.0020361930547286,8.663152915511581,1.4766515393063884,-0.9539795763528112,1.4174858204040834,0.7735482267375788,3.52221643917429,4.346062371204259,-0.5157101580247385,-0.002100988101120471,8.003340003525393,-1.2414286039917082,5.375882877748518,4.770825243717601,5.0078982834500145,4.244675798971175,-6.868676881011426,6.651304985190341,-1.9418865812574193,-0.6503848564611112,-0.22108699392457565,0.3987168886310366,1.387792576319022,1.6678350870983154,0.4380604684742675,2.055975542155208,0.12355554732808116,-5.559122469191991,-0.6792960917535096,10.372707054839156,-1.3267852718928221,-9.78621488478056,-3.32332559798955,0.8213340763273314,3.216264218369405,2.614415108295212,7.287915159820731,-3.683640668255145,6.220734643022986,2.3962234726633866,-0.8854762047434583,10.54206178155058,-0.6225345810879181,-1.1012424668996106,0.13113091596576432,6.526238244347245,2.2471435182719617,-5.968737694874798,3.2651748252803507,1.7675477291827928,1.2572551810447479,0.7734834535497019,0.6591795049172289,-5.1685646480842715,-1.5346072003279803,4.013914885982816,-5.772810172525694,-3.125462965084132,-0.2778429917468914,3.3094166316153046,1.6610642148305104,3.039886001812515,0.0879382609849273,3.5595362649737066,-0.3989525841006456,-1.408311428389756,-5.384781443819202,4.985311001739299,0.9158431323591092,-0.796165245786133,-2.8716482697291497,-2.5915416357378644,-1.1396839950278013,1.741892710856522,-5.003762495975729,1.834940479656777,2.6576608553624945,-2.284845249990754,-0.4847474058021102,0.01641642379616748,-1.1348740552493242,2.217124015125826,-2.2336099243412546,-4.647915677231563,-5.593174088921315,-0.0028069856653010206,2.263672499979464,-4.466620178877601,0.3204046797965159,6.942628649962597,0.07053362062636648,0.32844291677727266,1.9870190590434635,2.6089876656426014,2.980790520300478,3.4950626857600415,5.752783624818585,4.9976307124414765,-2.7817571410112705,1.840103615606072,-1.0740061633065423,1.7770508523269117
numHidden 	20
numGenes 	183
seed 	1586641751025
random 	java.util.Random@76fb509a
popSize 	80
maxEvaluations 	20000
minGene 	-3.0
maxGene 	3.0
tournamentSize 	5
crossoverPoints 	1
mutateRate 	0.4
mutateChange 	1.0
mutateRatio 	0.5
mutateRateSmall 	0.3
mutateRateLarge 	0.7
wepMax 	1.0
wepMin 	0.0
expAccuracy 	7.0
minTravel 	5.0
maxTravel 	20.0
neuralNetworkClass 	class coursework.ExampleEvolutionaryAlgorithm
Training Set Training
Fitness 0.012638315432745073