0.07386674138797655,-3.157364942055599,2.994738949123585,-1.4538900785036581,4.608804096335399,-2.6237672401302428,1.1587928831377825,-2.0045863567415125,4.750929358648515,3.0931927785191817,-0.8341424647532438,1.509156083421174,-5.158820955028516,-1.239176267477763,-1.3365009663543965,3.9771340084578277,3.2410472551078815,3.622819938903808,0.46400512195263754,0.026190766681747135,-3.2986138967090044,1.3797142686716728,-5.422855182004895,1.4502042728395352,-2.595614111123168,-3.8120474342745476,-0.13092101431423764,0.3301734987999234,1.121296506546222,3.115761362882499,-0.9258344968425556,-1.3785549196527387,-1.7063050165181055,-1.156410560827112,0.595390606158614,-4.5715258245848345,-5.601169979671178,-8.565988620111963,-0.5743590442163065,0.31838082172748017,-1.3001847200333105,-6.2794029764997905,3.606013404859069,-4.157085298990093,3.4091729852015735,-6.7226494535639585,-6.091152513190247,0.944308089286114,2.4094667500689377,2.0299415482826584,-4.107852924161648,-0.8861510930571663,0.9774952307774347,1.3570535240542672,0.11854292837229519,0.05287152024803099,1.4487536515978867,0.004787312380627906,7.165933247291658,-2.8457821202674243,-1.5633967367967134,-0.7008335810444635,3.078422240822297,9.378083144657648,-7.914174415418757,1.9913992320360672,4.115160900480996,-2.960481429858219,1.8929683146480123,-8.392336888951412,4.051181774637216,-0.3442757628664195,0.8661308680794981,2.3997865145866957,-1.1317015250169162,-6.6803772286994345,-1.7754355317184007,4.905310408907964,-4.554369844429353,-0.9279339880670259,2.4537007256844827,-0.27497528073698163,4.818292114991981,0.4383841129019084,0.333957369594712,-3.5868188638133294,8.719281101520998,-0.32415233109984953,-1.4480998921382975,-6.6498057958593595,1.4535639905258955,-1.6530287227049278,1.6800785140280006,2.1297529362025154,6.67486832992877,-1.4105516467273675,-1.3229148856317314,-3.658127466362739,-2.65534801888934,-4.103136569519281,6.6121234312899,-0.32947189961424783,-0.9507814652637867,-5.644808865412196,2.0586026213885553,3.9491175492258064,-3.0650744054375156,0.09844674438606482,-8.470987354464746,4.229114666010545,1.7929200436203638,3.2527160594016022,0.4385695285208122,-3.9831204728807066,-2.7161831396560867,-0.16885105780311038,-2.612150336233488,-2.3792958663986576,1.939224699155183,-1.0766391251991778,-0.9551284335052017,6.02477997496506,-6.588996828820684,-9.908950642683237,6.584817330321448,-2.131115425778263,5.46062204982875,3.1374846445775963,-2.489184808449417,-2.2637598018366276,-3.096621698720064,-1.1692217503011912,2.7052082036149354,0.4294681123994333,1.3723718273684424,-2.3742603464583576,2.5529837949284877,-3.4805396967083118,-1.3416911957272637,1.4358846439290178,2.525089195225494,0.8442631213571579,-6.771040825310938,-0.013835065244874656,1.8507782184802597,-3.904944041690108,-4.500492053468868,5.3667706819600145,-10.970748410560997,-0.06265976666899942,0.9257588867084445,5.546052851759349,-7.105701529438047,2.407219220588826,-1.7846899994887933,0.2772821085448065,-8.750605102353955,2.5717220152530897,-4.784523544672513,0.5395605646616133,-5.974412028740813,-4.583267176405931,2.3707238047621426,3.7215698049918053,2.0922338894543984,-0.41180171394288134,-5.83614389563582,-11.487310051662364,1.2158888670432075,0.9618919385713045,-13.33581100798309,-2.0906097348431514,1.2153887942931014,3.0541270050316633,1.202421848999725,-8.124353264921263,-0.8986157478528769,1.0104173733769062,1.275909248663031,2.014505924987546,-2.0836617742080774,-1.6788058364505023,-2.9404875610232564
numHidden 	20
numGenes 	183
seed 	1586641751025
random 	java.util.Random@76fb509a
popSize 	80
maxEvaluations 	20000
minGene 	-3.0
maxGene 	3.0
tournamentSize 	5
crossoverPoints 	1
mutateRate 	0.4
mutateChange 	1.0
mutateRatio 	0.5
mutateRateSmall 	0.3
mutateRateLarge 	0.7
wepMax 	1.0
wepMin 	0.0
expAccuracy 	7.0
minTravel 	5.0
maxTravel 	20.0
neuralNetworkClass 	class coursework.ExampleEvolutionaryAlgorithm
Training Set Training
Fitness 0.01764330179763189