0.20232889527665954,1.5020674099975047,3.863696826802938,1.6652432706530123,-3.543278685059735,3.000049139242103,-3.6832010489559845,-4.569685173676798,-0.3722204997168479,2.838767830435925,-4.058071391085169,4.695392568921927,-2.2866553843447575,0.5586666528550079,-0.6912054241486341,-0.46896262540016664,-1.7476896222966147,3.8545619833246425,2.856624336942396,-5.401053040665818,-0.587930050715292,0.5516700683823847,-1.0083851043822918,3.6696661798321237,-5.115295036009057,-2.131601090711108,-0.7714794353295975,0.4805018219250483,1.1002197395958309,-1.19097601615406,-0.20138765144269355,-1.9300858852843161,3.5030738279976106,1.24867734587436,1.2697575355944712,-2.58509353826884,-2.6776274898069277,-0.38291834812195,-3.1771541388579605,-4.766096578417625,-7.634315171357284,-0.45355285907954523,-3.977849919928448,-3.87966237968942,4.153564232127538,-2.5045665309437144,1.7980628571991204,1.6624029538710579,-2.8135390567257614,-3.8049379228113134,-2.0709843753194845,0.882164128480849,0.2978212954550967,-1.216049939713927,4.565243087600789,4.19244960369048,-1.1032196016452556,0.7092208030983258,0.2804159098601797,-7.87731509606309,-1.5590364830118073,-3.1340690636644206,-1.231976307447265,5.30506339394802,-2.2954810656125195,-5.9681645192387816,5.617750219319518,-6.359820469450919,3.3186191283962803,0.42580205727971787,2.612942998227475,-3.8235084955896843,4.661270393664017,-2.8228352549775284,-0.3163647351424723,1.04070629755164,-0.5396139778376616,3.6397946599048954,-3.969557550613038,-3.2535786486102314,0.44868362990592026,-4.181350711702154,-2.9969882794418155,4.386088231823209,1.071078472637896,0.6980455972910242,-1.927438100137001,-0.4234021436875217,-2.405146685810139,0.9698865308041213,1.6814136675850566,1.581522582614769,4.009995889581689,-6.443443399883912,3.8832664555456793,2.7732844417163287,-0.1682985707654412,2.407183093304642,-0.4936619621854206,-0.47374825617204186,2.3291519720581926,-6.68255109189635,-3.9226557508276,-1.25299635010601,-2.1957120347878556,-8.017878870365072,-0.0623470449619159,-0.449267004550741,-0.6685985093665989,-5.864048916510032,-0.13619126289114591,2.0829957157355015,0.8429878326797544,6.4725776384619245,1.072980676163592,-0.836254369611984,3.609401054087339,-2.9474413545982,3.7497478925479513,0.2958325536071378,-5.990529237641937,0.1206326774313391,-0.8260048512654432,-0.36712907392589766,-2.9736567209486253,-6.351198853449159,-1.8394473216759764,-1.2583755383589201,-4.872576244548847,-5.4941948031747465,2.8395684119816225,1.4217846446502662,-2.9005989682858067,0.9250551076184972,-3.1875328709352297,0.4612566009412591,5.008950931984615,1.9020536228785505,0.4117059024280447,-1.9922019871467134,1.7468178966502155,1.2988418729051459,-2.826606277720672,-3.7719056140772853,-1.4124099720680796,1.766977985626526,0.7002078863982479,1.103085479610979,3.859585162896476,-0.877955891248182,-6.152106627028475,5.57359301044701,4.168883115518424,1.5116621966471957,-2.3880068981598668,-3.196963948184619,-2.3413598140692655,-1.384517622406909,0.22231815702157576,0.0642502012675541,2.5094379811535887,-4.800406683725853,0.771023038804659,0.6851670874444353,-2.7014749701311693,1.6192870737710363,-0.793987612463873,-3.396660564895848,-4.0645820411017795,-0.6769040760948792,4.714765042057047,-1.61796412872246,-1.3215573821813065,4.057503711800791,3.4045205517412844,6.030860430982954,1.2113989337949445,-9.694282597197933,1.8336557347384126,-5.997301165787328,-1.473331826505885,-4.369483508676852,-4.666751738756385
numHidden 	20
numGenes 	183
seed 	1586641751025
random 	java.util.Random@76fb509a
popSize 	80
maxEvaluations 	20000
minGene 	-3.0
maxGene 	3.0
tournamentSize 	5
crossoverPoints 	1
mutateRate 	0.4
mutateChange 	1.0
mutateRatio 	0.5
mutateRateSmall 	0.3
mutateRateLarge 	0.7
wepMax 	1.0
wepMin 	0.0
expAccuracy 	7.0
minTravel 	5.0
maxTravel 	20.0
neuralNetworkClass 	class coursework.ExampleEvolutionaryAlgorithm
Training Set Training
Fitness 0.011090027194278488