0.9271337092009411,0.3662449340462812,-1.0468765184124313,-0.9279651218531528,3.10357168045197,3.2589672105508614,-3.3551699508111925,-1.488573875004536,-5.844117592217469,4.8812611696339525,3.0516924011400794,4.830190220757181,4.638529761866097,-3.2575858516277734,0.9795140066411272,-1.2972508684764072,-3.2053855107652005,-1.928130789379833,-0.10504295329429958,2.0976956464229897,-3.727901718185855,-5.733430620094905,-3.6286269201196593,2.1993926861867994,3.0145471252059304,1.758931656616677,7.3799543966941314,-2.832660602345704,-4.464061556565092,-1.5094885091716348,2.8902299077075786,-4.095717700166379,4.5619270591368775,-7.488344040443919,-4.429198133446662,-2.856110386899196,-0.6937280129606438,-2.716254087637771,1.8898605273201001,2.947771012412829,2.653358600591928,1.7259583937644711,-0.6380016935289747,-0.9097028357282007,3.328298560388399,0.15590208943855455,-4.605406894175125,2.053278278843189,0.6920578371940334,-3.152496754755414,-3.9377837554285247,-4.035340387031453,-0.8504631728552647,-4.752879554486519,-1.1514330819651128,-2.1856037576217844,-2.398692363199431,0.3381710614992999,0.1683142914660758,-4.894172895966645,0.5363125888300067,-2.787582581463396,-1.050360994682146,6.399312448959032,-1.403402099842257,-3.8655822045028065,7.37303824172071,-1.6002664020761985,-0.49098236689180474,-1.1094208825600527,-2.2342680695225416,-0.1915382271740924,0.38500454018825936,-2.250497087628599,1.2632842822916928,-6.040359313450821,-1.0994766391181114,2.4585449101619696,-2.223087314781379,1.214649722914631,1.2718687690641528,0.23308547060386076,-4.2267717941289416,1.3602408882099155,-3.08414116771882,-3.2043737279957707,1.0921350290093974,0.9348209152466431,4.614999488276327,-0.8335125462479431,1.7794368229494335,-0.24960684047395532,1.1206678453547552,2.769520983367765,-6.563467975147603,-3.5461473910154186,-4.374598204804006,2.711175660553125,-2.443627013269854,1.4849894731873468,1.4709370813740974,1.3236764598573414,2.7191657909061995,-0.760261186626014,2.83167600721157,4.232996359044246,0.36307928903577036,-2.364122029486733,1.9238183401633737,1.3197250220481465,-5.875467414710445,-5.395450530026539,3.538436107212391,-0.014140836746937335,-2.5405736390986533,3.2946570153939394,4.382314051724563,6.122961623907082,0.4109768227012145,4.978355160952503,3.833433180136801,2.0970561184768863,-3.0183852940789695,10.784525515370241,1.278511466237295,-4.076948621832216,-3.404298379006492,-3.5366984418998566,0.19807318774651161,4.596403612846561,7.606617049813378,3.398379815345695,3.6000553278060314,-3.7178461183176594,0.7060651075149407,-3.9649758919729114,-3.723984588695979,-2.2686039036728562,-4.564752324419555,2.780342574391649,6.664544210516649,-1.097347918619806,-6.223154342284955,1.2585885540125412,-3.145460476492997,-3.689442965619418,1.0235484546383908,0.5825210872436508,-0.28808618612268866,-5.7328113578962245,0.7119011279334817,-0.1560001572443186,-4.0783322960954544,5.717903353762494,5.493197076517632,-7.165226093972603,5.675649063732244,1.7386661302001736,-0.46042443703176694,-2.2156203872410964,0.9221075046716081,-11.952093993564462,-1.4638883254539579,-2.9694008091896764,-2.3329758912711385,0.3324355587163179,-0.19499332852359696,-5.223333975663326,-0.4496964843762954,3.422440888585154,2.2779793861580826,-0.8577245599539696,-0.5848428531380998,-2.6750560762913818,-1.7012643142292614,-0.6322840946382629,-5.057603256468159,-0.7603001834269314,4.615315284627095,2.044105965161834,0.8568994038874269,1.4139148397353116,-0.17358305123518702
numHidden 	20
numGenes 	183
seed 	1586641751025
random 	java.util.Random@76fb509a
popSize 	80
maxEvaluations 	20000
minGene 	-3.0
maxGene 	3.0
tournamentSize 	5
crossoverPoints 	1
mutateRate 	0.4
mutateChange 	1.0
mutateRatio 	0.5
mutateRateSmall 	0.3
mutateRateLarge 	0.7
wepMax 	1.0
wepMin 	0.0
expAccuracy 	7.0
minTravel 	5.0
maxTravel 	20.0
neuralNetworkClass 	class coursework.ExampleEvolutionaryAlgorithm
Training Set Training
Fitness 0.017534055564948532