5.824455680591689,1.6400065027513264,-1.7884158992650518,1.0436959838235929,-3.979748639248127,1.9183375581133202,1.3190941098945874,-3.3974770439065978,-1.7570392436751714,3.6505159024379292,-1.015762061647254,7.074472303429187,3.9311612869862644,-7.325321601849648,1.9557466213438337,-3.2754650830875374,-0.6164282065050539,1.9915511139488764,-2.414674892723263,5.182456124719703,1.722690455751633,3.0925690537470834,-4.277377478542041,5.3672598075130304,-3.205173289426922,6.963722669540541,-3.7677882012412303,-4.98486489289033,-1.474110276728954,-1.2672488552199692,-0.4319473066683761,0.5292330761665012,1.376787878104194,-4.852584457526181,-4.848342483077339,-7.3944607102846405,-4.6221824143094565,0.9288325237441715,-3.8533774601325836,-2.124219856283577,-3.111068104811448,0.5800920543559274,3.0039211574352205,2.77292711761762,-4.564626915699538,1.1032300394302292,1.2769292984747747,-4.300823517976436,-0.5009044778952365,-2.733415270681226,0.24915513048987759,3.050319126299673,6.589536383480933,1.3355673608321306,-1.4366678692397752,3.874515603117132,-3.9959239929421395,-2.1787702923939314,0.2807703417938856,-1.8318990712623329,-3.7274926470565752,0.11937241677979404,-0.7724057313758768,-5.276847268731154,0.05132678221431597,7.9187921633693446,-6.900271700686661,0.0411662558884609,-1.8073638828855243,-1.0493699857071137,2.6012302321629326,0.11428890681492154,3.858933414857236,-2.9683595628233674,-1.1191995536108346,1.850175698810601,3.889054671282146,0.422559681386141,4.709037067641206,1.5786386931181635,-6.857989236617646,4.278612906118099,4.204232538688682,3.4278687268078922,5.254449689787108,1.4125568730970945,-1.5327488554371351,3.395121799147967,2.143959641749814,2.7215173060773177,3.2262522624369074,3.6613679194412,-3.325589495188689,-3.5527651922108063,0.5197662617702363,-1.8884866801312414,-4.828982615548133,3.94519938206564,-2.438142580346105,-0.8785888460449578,10.931793319819294,3.8315043125419184,-0.7641500922653286,-0.5400075848236519,0.5285436107448671,1.2571184801245971,0.15332006152280764,0.6294499260054032,-3.4754630673939007,1.6276287211634495,-2.107202507015791,0.12852551538073564,0.2574756249092056,1.3423669119903083,0.8978491259225829,-3.026447638445223,4.5453678580595325,2.070193394108207,5.566958851733542,2.34902213053895,-2.4306069027433654,-0.2899280869810972,-3.6921577336158586,-4.515953807905544,-6.228166879275878,0.5029236404805157,1.7565783952836886,-1.2367995307764064,1.378628027270575,2.7671161752007274,-1.022829543315905,-3.320158720759813,-2.8849021526846954,-1.5767071981225973,0.2598818284486013,4.527100541699302,-0.17014130517430148,5.855116356907632,-3.873070320682917,1.696367720820418,-8.924056350606485,-0.2791457664517152,3.3318517503493146,1.1151825342380555,1.2196236455758465,5.08659416539313,-2.9959026635026165,-5.293931456641996,2.3564087261428357,-1.304762174962498,1.6431255425711622,-0.21505289863454102,1.2101949976018864,5.316281157125566,0.4065321175757921,-0.9576172998598178,6.275503576400117,-5.060253818404596,-0.9355444138530173,0.16301630154208713,0.7342474283329326,-5.9165082821363475,2.1077536651214013,5.238157335074204,-2.8625584041496266,-4.323511350167632,0.8001687419370938,1.9136109737057887,-0.5112403298590529,2.8615029088629083,-0.5450590029283191,-1.3105738508894618,-1.7991775728556068,4.6289922875115,-4.1059389321480975,-0.049635602233836895,3.4165884051973485,5.449879351511477,-2.0864159844562655,-2.8445089140048365,1.3972040755000297,6.018224250565243,0.6311684178770935
numHidden 	20
numGenes 	183
seed 	1586641751025
random 	java.util.Random@76fb509a
popSize 	80
maxEvaluations 	20000
minGene 	-3.0
maxGene 	3.0
tournamentSize 	5
crossoverPoints 	1
mutateRate 	0.4
mutateChange 	1.0
mutateRatio 	0.5
mutateRateSmall 	0.3
mutateRateLarge 	0.7
wepMax 	1.0
wepMin 	0.0
expAccuracy 	7.0
minTravel 	5.0
maxTravel 	20.0
neuralNetworkClass 	class coursework.ExampleEvolutionaryAlgorithm
Training Set Training
Fitness 0.011618376466723035