-5.661257635216877,2.139159854881231,1.1535845985906796,-3.5626115215409455,-1.0211654141199733,0.3126152725289355,-0.16132219646915757,2.967450187056219,-1.344796652339538,4.4273350413764785,-2.794212707369212,-4.111880247236369,0.04366629644260911,-1.0541034181683768,7.941525432372127,1.2716825802757397,2.492821059868195,-1.5985026816425147,-4.080057371778898,-0.026327330556999762,-2.797119662282082,-7.362329622074502,0.6462392575887987,5.915822398565656,-3.781552823407333,-1.7251055280619,-1.1192419972816843,-3.685065660167365,-2.706128049041852,0.6176253968902987,1.920049446558318,1.9017070234502813,0.2671699703437662,-2.0662237428751893,-1.2426264477944526,-3.9748164617677517,-1.370509108612433,0.555443134274185,-4.519794777914878,-3.8334575252021406,-3.6388804352176454,-0.31036352021524793,-0.06951710924586862,3.5479058069115954,-2.662610123343308,-0.5477434853865182,7.845273144167326,1.1204656866294833,1.2484506903227413,-0.6995247773465882,-6.842055902398757,1.2166054487979174,-8.321053151002083,-0.427841572459271,3.1827296472315236,4.040645269682747,-1.4302652089327759,0.5868548003794292,0.3761674055629829,-1.4768733088524408,4.510348607946373,-2.310848715675701,-4.497017723040459,1.02783162884222,-7.428377057484094,-0.1836367588518799,5.157041365196147,-6.67934291280154,6.9796850536393675,5.311203510048465,-1.8514517783162057,-4.933116842462128,1.9618196175208666,-5.223756516870538,1.2666921493114804,4.918299363067699,0.561508304306293,5.780650811769958,-4.6374818459454765,-1.0159290475497817,2.1242447952375367,3.180863446938182,2.569824276967284,-0.8508457633105184,-2.5024803149598753,-1.2944709138902475,0.7924458276982635,-2.6885134818294434,-5.232331608578817,-1.7187900082449152,-2.6656701757723527,-0.8458983970279261,1.573072867716717,-5.6609713093723855,2.7343488980022483,4.550742728193592,2.6875024400876555,2.0435983681793557,1.4908543736118576,2.1234667864481285,3.6591786032569456,-2.9757447340765903,6.421510571231703,-1.171846318190818,0.8204421115482512,-2.235217187033486,-0.09799506332358932,-1.2612386433393707,-0.050298215210467845,3.321486698702251,1.162767864039111,1.433581801020713,-0.7283613724467983,-2.5093443481091806,-4.804108813803439,-1.4433165358769413,-0.6765655499332421,2.9351111892300508,-6.365025040014695,-1.764860985949099,0.4940956502919702,1.1057228357644675,-1.7813174945236838,0.07756687917160088,0.7607350593595505,-2.9425625113684646,2.1343286521255553,-2.538069585734011,-3.7000261399862495,3.4605435887767504,2.660873845282726,-0.25953429679522344,-1.755578185391879,1.246560794242321,-9.908755865236945,-4.152972803624321,0.8834923922899209,-5.595678844587627,6.911943030043815,-2.4129370935518213,-1.9253960365435052,5.455475144949684,-4.346532358315318,-6.377143590626432,2.5351151130361558,-0.9101673619635098,4.698090402742268,0.8365880971177768,0.027143368998944428,0.32961736935556374,-1.3578867447917409,6.361195803290375,-2.7732930398523052,-6.58211477566997,-0.4422536441293321,0.11393522421805424,1.2854304229771216,3.3900324005162954,2.685314004338373,-4.850040255397165,0.7473515932197969,-1.0115142315172516,2.7095349109678963,-1.4268346046690095,-3.4248374847611096,0.21934478657519563,0.834170329529055,0.09896541614365795,4.569514104991898,0.42591232172861737,-0.6326182895780534,2.0266414245606743,-1.309265751125407,-2.7051414297913583,1.6412097411203863,2.3184751636888286,-8.499983391569526,-8.564523481858952,1.1798624071306603,5.286989404027119,-4.271553685868891,-1.999550404000833,-4.569746600313187
numHidden 	20
numGenes 	183
seed 	1586641751025
random 	java.util.Random@76fb509a
popSize 	80
maxEvaluations 	20000
minGene 	-3.0
maxGene 	3.0
tournamentSize 	5
crossoverPoints 	1
mutateRate 	0.4
mutateChange 	1.0
mutateRatio 	0.5
mutateRateSmall 	0.3
mutateRateLarge 	0.7
wepMax 	1.0
wepMin 	0.0
expAccuracy 	7.0
minTravel 	5.0
maxTravel 	20.0
neuralNetworkClass 	class coursework.ExampleEvolutionaryAlgorithm
Training Set Training
Fitness 0.015177219986463741