6.692823836993208,-6.629849308012656,-4.208906827993278,-7.208567892605819,2.8571593401664113,-6.0589875133039115,4.175493599888412,-4.681474559534872,-4.954045052013807,-8.485406280141648,11.332612404149053,4.428296270870565,2.024233609759949,-10.2905515757658,7.026201399005026,-4.65794920939319,-1.0007906826332453,-1.5105985940127171,-10.63819673605255,-3.593004025702278,-0.5332205389900206,9.612719139333471,4.024512560717662,-0.10945952132063619,3.444547943463361,-0.37775630215068734,-1.2375437426768512,1.968558145665293,0.24797275320264234,6.485709330044234,3.720589333964501,-7.083966303581908,-9.943354818691752,6.1364702068006665,-0.24840513576236045,0.9654707208595781,-1.5181890276830865,-2.4566696739021525,1.140058124343727,-8.141955906014712,3.0144444285422827,-8.547767083618082,-4.172230616772283,-4.101143485084318,-4.092963992108177,-3.024473567476832,1.4345256634310974,0.019165268741020647
numHidden 	5
numGenes 	48
seed 	1586024596860
random 	java.util.Random@76fb509a
popSize 	80
maxEvaluations 	20000
minGene 	-3.0
maxGene 	3.0
tournamentSize 	5
crossoverPoints 	1
mutateRate 	0.5
mutateChange 	1.0
mutateRatio 	0.5
mutateRateSmall 	0.3
mutateRateLarge 	0.5
wepMax 	1.0
wepMin 	0.2
expAccuracy 	6.0
minTravel 	0.0
maxTravel 	2.0
neuralNetworkClass 	class coursework.QueenBeeEA
Training Set Training
Fitness 0.00678101712284013