2.138008041797841,-2.1442117998871133,5.632298286932778,6.729999245958662,2.612410609336859,-6.20986233725754,-4.88211406624156,3.6527273360647747,3.3030765975146466,-8.92960315061896,-0.9192825778801588,-5.414097667725123,1.5864821157647082,3.1314672450582206,3.567051145656559,3.3148332977131316,-8.575608368938116,2.8268072396241735,3.5087606610899433,-6.139085939710766,4.133227246970243,-5.712748912673215,-1.8665094869932273,0.5580608092854433,-1.011614720440778,1.3126535527088574,1.5787411449653002,2.526188885275009,-0.28852255040944996,0.22230399539624202,1.087980984227885,3.1374659432141883,-1.8891144671379925,-2.9413407623382017,0.9119707925867635,2.626818851519974,-1.4471175770707285,-7.117204050024705,-0.13791776408335377,8.793804319588752,-5.480012918827043,-2.161705441120411,3.087660807910753,1.4377778252743862,-8.680446195886372,2.8784105574178085,2.960550553852631,-1.537436087334882
numHidden 	5
numGenes 	48
seed 	1586024596860
random 	java.util.Random@76fb509a
popSize 	80
maxEvaluations 	20000
minGene 	-3.0
maxGene 	3.0
tournamentSize 	5
crossoverPoints 	1
mutateRate 	0.5
mutateChange 	1.0
mutateRatio 	0.5
mutateRateSmall 	0.3
mutateRateLarge 	0.5
wepMax 	1.0
wepMin 	0.2
expAccuracy 	6.0
minTravel 	0.0
maxTravel 	2.0
neuralNetworkClass 	class coursework.QueenBeeEA
Training Set Training
Fitness 0.014355305813435127