-2.3786355448088843,2.5132756142036667,-3.3652012549910655,2.6116724536083193,-4.009058692581681,1.4627902673906394,-0.10708710001139154,5.937285406727586,3.8018376520217467,11.777284708176019,-4.122433851500689,-7.185004552343473,-7.70941163076256,3.7872933660675674,-8.785119126753354,-1.9205505760371926,0.8642826791636802,-1.120932341448245,7.090292770883419,7.398777377905736,-0.010238535589990772,-3.4257800986701863,-6.573029305247145,0.5183386497418239,1.4156692627585032,-3.647649200509738,-1.28435538768096,2.261617092966228,0.4070005083398991,-0.5314611153323341,1.7560517723392852,2.3296670202705454,2.28114227227936,5.042670454034173,-2.593001632131563,0.6097832381022243,-3.0569800829090603,1.4106969068258959,0.04961884409843442,3.232185168371024,-5.29087888117475,4.77270012521549,-3.695588298850126,7.095184586212041,2.5087147688233298,2.066587038486891,1.906664331418935,1.0890699206048016
numHidden 	5
numGenes 	48
seed 	1586024596860
random 	java.util.Random@76fb509a
popSize 	80
maxEvaluations 	20000
minGene 	-3.0
maxGene 	3.0
tournamentSize 	5
crossoverPoints 	1
mutateRate 	0.5
mutateChange 	1.0
mutateRatio 	0.5
mutateRateSmall 	0.3
mutateRateLarge 	0.5
wepMax 	1.0
wepMin 	0.2
expAccuracy 	6.0
minTravel 	0.0
maxTravel 	2.0
neuralNetworkClass 	class coursework.QueenBeeEA
Training Set Training
Fitness 0.009611168690945537