-1.575467716384213,-1.4054294779011034,0.03565396917697505,-8.83945163892513,-1.2066710633555502,-4.61165055319875,-0.34401742423280846,-5.571059697951717,1.964134901747932,2.148487022744935,0.7449164650003901,-6.322915630475452,-1.0384354366485304,-10.520649785920174,3.7725688276409657,-10.563874995899724,7.285380101959932,0.8113491989223522,5.936580708773999,9.666264111655039,-1.5823308398434275,2.630144621857239,4.041461075975388,-1.49777564626641,0.04890463736099271,0.3736714510686534,-0.338301845825673,2.620939342732523,0.1631962505856297,-0.3955233571927472,-1.425304155103067,6.363927131438805,-6.2125454097125665,-0.8443729578929728,4.232653600458681,1.9222220972445987,1.460629636725976,1.2781121619932643,2.2145008995260547,-3.6325031774497534,7.7979650899493365,3.0020807924333157,2.5474747526531996,-6.720199826335195,-0.9611228481740328,-1.1401984137597214,-5.979652225239947,-0.8733628996773382
numHidden 	5
numGenes 	48
seed 	1586024596860
random 	java.util.Random@76fb509a
popSize 	80
maxEvaluations 	20000
minGene 	-3.0
maxGene 	3.0
tournamentSize 	5
crossoverPoints 	1
mutateRate 	0.5
mutateChange 	1.0
mutateRatio 	0.5
mutateRateSmall 	0.3
mutateRateLarge 	0.5
wepMax 	1.0
wepMin 	0.2
expAccuracy 	6.0
minTravel 	0.0
maxTravel 	2.0
neuralNetworkClass 	class coursework.QueenBeeEA
Training Set Training
Fitness 0.008922163127587823