-1.0436273778046683,6.262295332565466,-0.607669733958069,0.621313306669782,-2.534866189981999,-3.0432693674822495,-1.7338379820780752,0.5093960364342891,-3.995072921971116,7.813037334568867,3.142518437407169,1.7261572785501849,3.8466196037143696,1.4731555439213295,0.012001702397863134,-3.1284330984890776,-0.15903779180392785,2.111138942843187,3.650370516152255,5.002891265322573,-0.7554907808262978,-1.3630171656595107,-2.1773155416240675,-1.0308537245500657,-5.577812696888648,3.46594206794056,1.3024918222750603,4.948837922999675,-4.243996835099284,-2.2793917193348454,-3.984549896485971,4.474478158237439,-4.034751077292842,2.9656747851769563,5.394765660874718,0.4276817154519206,1.944144018968399,5.2394032235861605,-0.21313213619612092,-4.449055322567918,-2.9094375222094992,-4.520266064776506,2.496416212354619,-0.508281005393143,4.855183197434857,1.2586987215279066,5.2143091333519305,3.9637883183082616
numHidden 	5
numGenes 	48
seed 	1586024596860
random 	java.util.Random@76fb509a
popSize 	80
maxEvaluations 	20000
minGene 	-3.0
maxGene 	3.0
tournamentSize 	5
crossoverPoints 	1
mutateRate 	0.5
mutateChange 	1.0
mutateRatio 	0.5
mutateRateSmall 	0.3
mutateRateLarge 	0.5
wepMax 	1.0
wepMin 	0.2
expAccuracy 	6.0
minTravel 	0.0
maxTravel 	2.0
neuralNetworkClass 	class coursework.QueenBeeEA
Training Set Training
Fitness 0.10919325061181459