5.877457641557289,6.903460846760654,-2.5570907770502993,4.23641634567686,-1.9049926106462403,-6.43984203091314,2.9132880828158094,-3.6926831003208447,2.746626044390653,-1.0767891111329213,3.9866867544688445,5.150551623261806,-2.1672728848762617,4.519069919618267,1.609426897366581,-4.661046310977867,-8.500613466552299,-4.063705152422325,-5.441495053428397,2.834225625519347,-0.7324095072650785,2.693879445342011,-0.31404652778749664,-2.8250741479100103,0.5825758470759421,-0.15681405290175388,1.1829278539474073,0.19627228757796633,-0.09187078530497583,-3.329276976584249,3.4024053626023614,0.31442317439919876,-7.5660088658455,1.3305115973161152,-6.756992851240604,-4.142662071471172,-6.338259602290078,0.4673006048510189,-2.4808055501946473,-3.296395998727477,-5.832920709431009,1.8159072449361622,1.1128533426743425,1.3518901829658727,-0.266388359593865,0.6711100799262883,5.91853936404862,1.187749608177846
numHidden 	5
numGenes 	48
seed 	1586024596860
random 	java.util.Random@76fb509a
popSize 	80
maxEvaluations 	20000
minGene 	-3.0
maxGene 	3.0
tournamentSize 	5
crossoverPoints 	1
mutateRate 	0.5
mutateChange 	1.0
mutateRatio 	0.5
mutateRateSmall 	0.3
mutateRateLarge 	0.5
wepMax 	1.0
wepMin 	0.2
expAccuracy 	6.0
minTravel 	0.0
maxTravel 	2.0
neuralNetworkClass 	class coursework.QueenBeeEA
Training Set Training
Fitness 0.010164503724525615