2.0748298748843457,-4.941706610279299,-5.696128611993367,3.608343686866597,1.2622694547975128,4.213757846084129,0.05319174864709364,1.3728180312950817,-4.5151385454270665,5.790884781649296,1.769782843102531,2.9465824866716694,0.11193900315537153,6.414133702361612,1.0032017785479583,-2.729928642377988,4.539896946957779,-1.869015214258889,0.17226084682135046,14.701993846779805,-2.2812001106917945,-8.091340957160531,2.5519499256463973,0.3543671087938307,2.486970446491368,-3.806924540697895,-2.4749719858658876,-7.879643216276545,-0.12854962530517122,-0.3925283317974033,-1.2157323446189352,-2.250609332440951,0.34696682794727884,1.657902224159142,3.36426778092381,-0.177199807157157,0.8338281097753706,-3.931757977639239,-1.7126176020854222,7.365359956104999,-2.6442372123267956,-0.9004611683811241,2.333502834436028,-1.9592691156622393,4.6508005584303636,0.23825537404033703,-3.592199335568864,-1.1911044404782287
numHidden 	5
numGenes 	48
seed 	1586024596860
random 	java.util.Random@76fb509a
popSize 	80
maxEvaluations 	20000
minGene 	-3.0
maxGene 	3.0
tournamentSize 	5
crossoverPoints 	1
mutateRate 	0.5
mutateChange 	1.0
mutateRatio 	0.5
mutateRateSmall 	0.3
mutateRateLarge 	0.5
wepMax 	1.0
wepMin 	0.2
expAccuracy 	6.0
minTravel 	0.0
maxTravel 	2.0
neuralNetworkClass 	class coursework.QueenBeeEA
Training Set Training
Fitness 0.0087762039947115