4.947309805629437,1.623445596514081,-6.467572104241845,-4.287963899742589,3.521168101617051,3.8785249111820246,6.191678484022823,4.1200086113660035,-1.89926601363985,5.62238180011468,3.6888268468548606,1.6438518166385663,-10.931988979439378,-0.01471891287338245,1.6130283066669033,5.982752610857654,14.68448173638886,-2.456848124517701,4.794302972605297,-2.930156724541413,-6.979241804590801,1.717695382718162,-1.6737122941033125,-0.8269515886141612,-0.5660345329580143,2.6721874903652507,-0.28107174587541683,-0.023495706851109244,-3.762859867075849,1.408337287535411,-0.974950450947266,-0.12098133300633318,-1.8087674708187276,2.6216830907018105,0.7627269080482537,9.238025036258028,-11.23406408700518,4.9362792738280925,1.4799511622301367,5.326858464812214,3.4078912358579476,0.7956685359769777,-1.6778780590872824,0.8302474526668906,6.14848175966926,0.36139893211568275,2.7031391129370905,-2.572482949313219
numHidden 	5
numGenes 	48
seed 	1586024596860
random 	java.util.Random@76fb509a
popSize 	80
maxEvaluations 	20000
minGene 	-3.0
maxGene 	3.0
tournamentSize 	5
crossoverPoints 	1
mutateRate 	0.5
mutateChange 	1.0
mutateRatio 	0.5
mutateRateSmall 	0.3
mutateRateLarge 	0.5
wepMax 	1.0
wepMin 	0.2
expAccuracy 	6.0
minTravel 	0.0
maxTravel 	2.0
neuralNetworkClass 	class coursework.QueenBeeEA
Training Set Training
Fitness 0.00768819800158368