3.2033584325487983,2.290308097959115,-1.5058665019180042,-4.864233860485163,6.656365442547927,-2.563793127517436,-6.415466601845361,-8.203425187827648,3.9889844537814545,1.1346037507788793,2.9564013807165175,5.303280459526677,-0.18434522202698211,-10.264773753874769,-3.195847672043577,-2.4177372468795495,-2.550075413162806,-11.423515017357142,-5.181047121175051,-4.378486419064752,4.127364819809694,-2.5004067839062305,-0.10267091804551942,0.8515581853541399,7.115195333622644,0.4526432470286137,-5.36839309082941,-0.3446210169176043,-0.34652851198977963,-2.050584394842754,0.6617405703651782,-2.38613273578233,0.7105833133319459,4.096210388533965,-0.19483171727668314,1.1971963560402252,-1.8819310483424836,-0.5033026010751671,-8.891809891526353,-5.687299836493853,4.2897627357334365,-0.5946695983001016,3.3197843944244996,0.6491347694156469,1.306464613981507,-0.0020833997156803896,2.5836981838938264,-2.275996441236349
numHidden 	5
numGenes 	48
seed 	1586024596860
random 	java.util.Random@76fb509a
popSize 	80
maxEvaluations 	20000
minGene 	-3.0
maxGene 	3.0
tournamentSize 	5
crossoverPoints 	1
mutateRate 	0.5
mutateChange 	1.0
mutateRatio 	0.5
mutateRateSmall 	0.3
mutateRateLarge 	0.5
wepMax 	1.0
wepMin 	0.2
expAccuracy 	6.0
minTravel 	0.0
maxTravel 	2.0
neuralNetworkClass 	class coursework.QueenBeeEA
Training Set Training
Fitness 0.0074498597996255885