5.0429248978839905,-3.443488447447491,-2.523877314617374,5.9087554656020425,1.3382219665664628,-2.8529980668813115,8.285224526484239,7.2773456404168915,5.90958625274978,-1.8064015891924603,3.1481614779461955,0.9742584484211076,-2.5696414461766004,3.371724929606044,2.5868609489216015,-6.427851304558439,-1.6587616436640173,5.609514874433399,3.1410550816699843,-2.148746072283614,-0.5753226528241857,3.93470697825387,-5.774055829368996,-1.5785431054817805,3.706540333648766,-8.908315635674843,3.1639736470652533,2.033849871408964,-0.6010763242620554,4.775453896947802,-1.6344180034830131,-2.103583789686069,-1.1826491394695937,-1.4154433213358715,0.46158968406299783,1.126597244271049,-1.8987036631900196,1.6389496010878508,4.593413659128148,11.68555554191516,-9.641789587207176,5.187994828925744,-2.0362258305569974,0.6773677428088245,-1.6507492929230732,4.6041902666231,-4.127909740855186,-4.29527542010908
numHidden 	5
numGenes 	48
seed 	1586024596860
random 	java.util.Random@76fb509a
popSize 	80
maxEvaluations 	20000
minGene 	-3.0
maxGene 	3.0
tournamentSize 	5
crossoverPoints 	1
mutateRate 	0.5
mutateChange 	1.0
mutateRatio 	0.5
mutateRateSmall 	0.3
mutateRateLarge 	0.5
wepMax 	1.0
wepMin 	0.2
expAccuracy 	6.0
minTravel 	0.0
maxTravel 	2.0
neuralNetworkClass 	class coursework.QueenBeeEA
Training Set Training
Fitness 0.03487744479887223