1.4702918274371726,-4.260943415189962,-4.272437224459656,-2.879438054743979,-6.882926563223202,-2.070211567219073,-3.7702117210209485,-5.479359081387173,4.187151287964892,2.839012718515738,6.652188365883525,-3.4004299689079973,-0.556738225035291,1.4030131485372603,-9.381556844481246,-3.434883655035387,-5.7140545765101445,-9.601254762815167,0.169568883950455,-1.6388176260650154,0.4074740807014199,-0.24295770109064607,-1.2025538186967637,0.7876415549148605,-0.7784008087753649,0.28682979624808347,2.442714906819436,-0.01694734023121125,2.549886997530187,0.4732089298898696,4.154952414091541,-4.6423902849505465,-3.2699350621678613,-0.17141049748347204,-6.251089925475711,0.2801044258198546,-0.4368372622823893,7.647479349403948,-9.055750473041627,0.09967497403153125,4.899490644122208,2.264049657254838,-6.598833772328401,7.707409163871565,-0.06433972521562303,0.2377064658264323,1.8950031106110217,-3.492630916089232
numHidden 	5
numGenes 	48
seed 	1586024596860
random 	java.util.Random@76fb509a
popSize 	80
maxEvaluations 	20000
minGene 	-3.0
maxGene 	3.0
tournamentSize 	5
crossoverPoints 	1
mutateRate 	0.5
mutateChange 	1.0
mutateRatio 	0.5
mutateRateSmall 	0.3
mutateRateLarge 	0.5
wepMax 	1.0
wepMin 	0.2
expAccuracy 	6.0
minTravel 	0.0
maxTravel 	2.0
neuralNetworkClass 	class coursework.QueenBeeEA
Training Set Training
Fitness 0.008917526362371649