-0.8125827737715694,-1.0420960750762012,2.0339789220977496,-1.5485855039769305,-1.4136997329656138,2.38039820659297,-0.890211842486772,-1.7170810873914981,-1.9859975479722345,-2.482583670134697,-1.9407260119493417,-1.8325707420538553,-2.7591785506796827,-1.360247309837991,-0.4169200471926757,2.2888304629988214,-2.3338209961095915,-1.470286199088509,0.9923861986405074,2.274892774699161,-0.7127331269890602,-1.2989827672120269,3.2663364246431312,0.36487937807122517,0.499902603768402,-1.692282951270494,-1.537844986056715,1.4953200246697236,3.309663992922978,-2.0602311505251,-1.477674876824393,-2.4431820367880333,1.848257152005206,-2.630371797823214,-0.9162500190843543,-2.5678177292552915,0.11937494051269804,-0.10955428002670953,-2.608138682309294,-0.77890435168402,-1.1349020868210866,-2.099906474526613,-1.6418105126544198,-0.21104574809065024,-2.6518122057681017,-4.663566498895072,-1.327045667228659,0.9474343688348337
numHidden 	5
numGenes 	48
seed 	1585519591313
random 	java.util.Random@76fb509a
popSize 	80
maxEvaluations 	20000
minGene 	-3.0
maxGene 	3.0
tournamentSize 	12
crossoverPoints 	1
mutateRate 	0.05
mutateChange 	0.5
mutateRatio 	0.5
mutateRateSmall 	0.1
mutateRateLarge 	0.8
wepMax 	1.0
wepMin 	0.2
expAccuracy 	6.0
minTravel 	0.0
maxTravel 	2.0
neuralNetworkClass 	class coursework.ExampleEvolutionaryAlgorithm
Training Set Training
Fitness 0.10354554886514065