-2.2032255852391347,-0.6126433652524603,4.036978661568706,0.8132427474757504,-1.328423274017764,2.1847858377683584,0.46681923718653584,2.0684852825880995,-2.265842114044352,2.608607841202888,0.2848623854908334,4.864343653738918,0.39213559054169966,0.1951157800576766,0.6466856677620134,3.270092965720875,-1.575825636850504,2.386039836768984,-3.331395979337586,-1.1011306205226596,0.6133133385411158,-2.038199236397096,-0.6213321032351198,-1.2174973195934582,-3.5056896447636534,-1.8118547444228383,-1.2575552143321804,1.2648431593991702,-3.785556675685487,-1.4391422695656197,-2.14929689841685,-0.2845638606658021,4.360781192567077,0.5915514053082758,0.6068933975262194,0.3355028295164981,2.628490160531169,1.9682985741573846,2.9321769753588782,-1.8142692309535924,-2.49315477884503,-1.5974687233536486,-0.12063448853305259,1.4612164983763898,2.6261982168122335,-2.0778407496264117,2.419139272558538,1.8858134800100181
numHidden 	5
numGenes 	48
seed 	1585519591313
random 	java.util.Random@76fb509a
popSize 	80
maxEvaluations 	20000
minGene 	-3.0
maxGene 	3.0
tournamentSize 	12
crossoverPoints 	1
mutateRate 	0.05
mutateChange 	0.5
mutateRatio 	0.5
mutateRateSmall 	0.1
mutateRateLarge 	0.8
wepMax 	1.0
wepMin 	0.2
expAccuracy 	6.0
minTravel 	0.0
maxTravel 	2.0
neuralNetworkClass 	class coursework.ExampleEvolutionaryAlgorithm
Training Set Training
Fitness 0.11452324214486687