1.6906128505556661,-0.00953428874304274,2.615006925326939,1.5034252091068234,-2.4255053318137234,-3.371365213102399,1.9251155458579783,1.2813827826970776,1.0306099410831622,-1.5252064398772767,-2.5082096978018433,-1.1647984849314783,0.8819656290826723,3.3932476816699815,0.3161701420061096,0.6056750566675757,-1.2431635945959059,1.4402448330534199,-0.9127305294101078,1.4849352087309766,-0.794162622175377,-3.4205227543399648,-1.7181944385099779,-1.9730455176237607,-0.6896346003765053,-1.587035135574272,-0.5341668146583558,-0.289489108486384,-1.2845484953324544,-1.0561210130621066,-1.1999177588397911,1.2582054635232938,-1.2198457422681392,-2.1434518149924937,1.102131724882791,2.4420938548574327,1.6617033919310984,2.227338448942751,-0.8338298502673043,-0.8748848408149161,-2.071413104747049,2.374208922114546,1.6518617698080273,-2.786315969040267,-0.15720472059168156,-0.33763913899116726,0.2632498023854488,1.559300216747192
numHidden 	5
numGenes 	48
seed 	1585519591313
random 	java.util.Random@76fb509a
popSize 	80
maxEvaluations 	20000
minGene 	-3.0
maxGene 	3.0
tournamentSize 	12
crossoverPoints 	1
mutateRate 	0.05
mutateChange 	0.5
mutateRatio 	0.5
mutateRateSmall 	0.1
mutateRateLarge 	0.8
wepMax 	1.0
wepMin 	0.2
expAccuracy 	6.0
minTravel 	0.0
maxTravel 	2.0
neuralNetworkClass 	class coursework.ExampleEvolutionaryAlgorithm
Training Set Training
Fitness 0.09653631636863959