-3.256610632715452,3.9659616157216036,-1.077425972579122,1.018023603555264,2.9958001032651236,0.7559769292787895,0.22667004838436045,0.8277647914043822,-4.2064571303418505,1.377064167575476,1.0994218114812444,2.8230576190459953,1.5724697763847182,0.9692681925665858,0.22976886470676616,0.9755630565572933,2.3987662146049376,-1.5669786502656473,-1.6398668942416021,3.5750722587702226,0.28310608229928214,1.8347080847870494,-0.45990410694754136,2.140630861275781,0.408321170418958,-1.3222235871282537,0.6543450522278507,-1.3860800535550015,1.145527364852267,-0.6452114806458205,0.7424932183511501,1.5265185969698898,2.8828694329501188,1.9945852630179415,2.6704562028303034,2.1832115133478496,2.0589009122113406,-1.9463163363348204,-0.16839878346742942,1.3476094168876296,-0.5344543857827286,-4.165614100104447,1.0303883860679743,0.27217365184714737,2.388307750646078,0.9924082246347892,3.7997901225568835,1.5830018302487607
numHidden 	5
numGenes 	48
seed 	1585519591313
random 	java.util.Random@76fb509a
popSize 	80
maxEvaluations 	20000
minGene 	-3.0
maxGene 	3.0
tournamentSize 	12
crossoverPoints 	1
mutateRate 	0.05
mutateChange 	0.5
mutateRatio 	0.5
mutateRateSmall 	0.1
mutateRateLarge 	0.8
wepMax 	1.0
wepMin 	0.2
expAccuracy 	6.0
minTravel 	0.0
maxTravel 	2.0
neuralNetworkClass 	class coursework.ExampleEvolutionaryAlgorithm
Training Set Training
Fitness 0.10514320728832728