-2.8863924998838586,-1.021483695676677,3.742533444285403,-0.3448202653793402,-0.1482481938463538,0.37369204639381826,-0.8748753543819128,1.4118194395572763,2.5634210253084007,-1.724283384206313,1.6422340850603963,2.791304502183344,-0.29442427546658223,0.7654115972127116,1.1442243450524443,2.185815153869,-1.2778446242834671,2.1687974225679785,1.6641041617890417,-1.8076841054392618,-1.3801886956813023,-1.4002511274462472,3.4642264669147114,-0.8821629176577144,2.729854238905853,-1.0038899849098417,-3.211286288272256,2.822353545093091,-1.4985972408982224,-1.0142751755756128,-0.8449602665911868,-3.187303578321938,1.3058567312215708,-2.592400943431831,-0.8109808345614042,-2.5315851012977646,3.984038526896505,-2.4322946201600604,-1.0261726562443592,3.8049285089655847,1.2727103192225835,3.5354694958641684,0.3059549536553261,-0.28224239592905276,-1.6981837559781816,-0.5840711199828146,0.6265912660526229,1.243412688929233
numHidden 	5
numGenes 	48
seed 	1585519591313
random 	java.util.Random@76fb509a
popSize 	80
maxEvaluations 	20000
minGene 	-3.0
maxGene 	3.0
tournamentSize 	12
crossoverPoints 	1
mutateRate 	0.05
mutateChange 	0.5
mutateRatio 	0.5
mutateRateSmall 	0.1
mutateRateLarge 	0.8
wepMax 	1.0
wepMin 	0.2
expAccuracy 	6.0
minTravel 	0.0
maxTravel 	2.0
neuralNetworkClass 	class coursework.ExampleEvolutionaryAlgorithm
Training Set Training
Fitness 0.12351391451316342