-3.0280791075900355,-1.0561183079396264,1.2987385774675166,2.519935151806793,-3.371475860598204,2.7555712465133597,-1.986936429775612,3.266313608046233,1.10076471828352,0.7093028101601746,-0.7862570174893015,-1.3901672567258192,-0.006613632922242374,-1.9985464378730118,-2.9877135754920845,2.7402121724169044,-1.7221856004953047,1.3670251889765304,0.3172035108699207,-1.0027312246123703,-1.8880666918850317,0.9114918708092161,-2.6645789841384104,1.272489961266127,1.6561847858879233,1.6373802102671355,-1.4688277543181034,0.07308001740231207,3.382019394838916,3.5927639385806645,-1.0094615122413053,3.6512510842985666,1.7574060220462018,-3.120592744470102,0.2472473669073887,-0.11917359612834089,-1.4797237654708357,-4.493666427962826,1.1702515185465936,-1.2199783677561713,1.514451114829635,1.7601480335725865,-1.00396475039887,-1.2664358911100835,-2.2362289536498046,0.8864833765505633,-1.4914823212143227,-1.440889686425231
numHidden 	5
numGenes 	48
seed 	1585519591313
random 	java.util.Random@76fb509a
popSize 	80
maxEvaluations 	20000
minGene 	-3.0
maxGene 	3.0
tournamentSize 	12
crossoverPoints 	1
mutateRate 	0.05
mutateChange 	0.5
mutateRatio 	0.5
mutateRateSmall 	0.1
mutateRateLarge 	0.8
wepMax 	1.0
wepMin 	0.2
expAccuracy 	6.0
minTravel 	0.0
maxTravel 	2.0
neuralNetworkClass 	class coursework.ExampleEvolutionaryAlgorithm
Training Set Training
Fitness 0.05006019287887535