-5.848320536194317,-2.4796423271475545,0.04576352359241165,-3.15831647298123,1.4965511791909378,-2.2762348932015115,-3.4851996501295948,-2.0465732757508706,-0.45699768948827924,-2.206422965749768,-4.801967645214662,-4.644530486422435,0.08400554171179575,2.3783668856847786,-0.8522018373006328,0.5257694215011828,-1.5089669815718274,-3.027966264455192,-1.6148539723354371,-3.4892799354094723,3.005367123789118,4.383162084118638,1.8687412075761607,-2.311903156023991,2.1131045490334195,1.2450296491343922,2.2893787477169703,-0.5479926610157242,1.5958414907981746,-1.4965815835499714,2.7270377256164124,-2.2916722346362057,-1.8035562793470072,1.4628327120087556,1.0487267234625346,0.2898668188707285,0.41641601377318516,1.2963226957778247,0.05334604194554693,0.3798497474823188,2.563853465571235,-0.5654747787193131,-0.058436192490432415,-1.0772470818060011,-3.5815066067471752,4.253857899194066,2.9699781128941494,-1.2515411792591777
numHidden 	5
numGenes 	48
seed 	1585519591313
random 	java.util.Random@76fb509a
popSize 	80
maxEvaluations 	20000
minGene 	-3.0
maxGene 	3.0
tournamentSize 	12
crossoverPoints 	1
mutateRate 	0.05
mutateChange 	0.5
mutateRatio 	0.5
mutateRateSmall 	0.1
mutateRateLarge 	0.8
wepMax 	1.0
wepMin 	0.2
expAccuracy 	6.0
minTravel 	0.0
maxTravel 	2.0
neuralNetworkClass 	class coursework.ExampleEvolutionaryAlgorithm
Training Set Training
Fitness 0.11569369519148263