-0.8394143999598889,0.14811137972049693,3.9014658890662943,2.412319421826292,-0.6631166475766195,0.04439702348508945,3.1085582402953236,3.2108177093903594,0.76879020024829,2.0939650023087957,-5.748581532165296,-1.5142947575405787,-2.5947588283527647,-2.3367850219513073,-2.2036061995812997,-2.456985168787614,-2.3660504202209696,3.2326754672451328,-0.5582003590997897,1.6977320109238256,1.124850598819437,-3.6338331046927888,1.8839050414350496,2.024415118308413,-2.60596060181056,0.2629093501617632,-1.221602522635791,3.3887821937820046,1.1216382453170919,-0.4194671563558119,2.377275758353738,2.8290137487588414,-2.6150712351679455,-5.1518389497412995,-0.18900839155512106,1.965810400298409,2.087185463544807,2.431853746644535,0.6173386751957324,-0.8862806549200579,-1.7312072795973537,1.2873475494259443,-6.079950492262823,1.868816485611478,1.9033688544755263,-2.7453280931132173,-0.29349497696641924,2.328686701296152
numHidden 	5
numGenes 	48
seed 	1585519591313
random 	java.util.Random@76fb509a
popSize 	80
maxEvaluations 	20000
minGene 	-3.0
maxGene 	3.0
tournamentSize 	12
crossoverPoints 	1
mutateRate 	0.05
mutateChange 	0.5
mutateRatio 	0.5
mutateRateSmall 	0.1
mutateRateLarge 	0.8
wepMax 	1.0
wepMin 	0.2
expAccuracy 	6.0
minTravel 	0.0
maxTravel 	2.0
neuralNetworkClass 	class coursework.ExampleEvolutionaryAlgorithm
Training Set Training
Fitness 0.08881049121446857