-1.570693978019702,1.0964963750443735,3.933481836657048,0.4630330098597044,1.7158298633318365,1.5325474226882916,-0.9301174537401407,-1.4383524126610556,-2.413940537400194,-0.05559962748111591,-1.0134001247910316,1.0148283493677015,-0.925549091654851,-1.1943728248369474,2.441908043131898,-1.3490421207384808,-2.0721938513097555,2.6293364587325803,-2.4429145203356875,-2.613050314509006,-3.0366033250038997,-1.573352033971223,-2.4858971701087835,0.7267820898613695,1.7775087409026318,-1.791362641289453,-1.1819037748417363,0.15172119509611193,0.33202569485825784,-1.7703031105252636,0.11855267017524662,2.5762622437359006,-0.3348898425304512,-3.421591215991937,-2.984848395446063,-1.958304427561504,1.3677523256001507,-0.6954019980408361,1.7744635010430638,-1.6584300805188676,-1.9311995527773953,-0.8491426945707019,1.472579594092828,-0.744249762185246,-2.674615002487954,-0.34198065332443317,0.9120855200255917,-1.598446746657665
numHidden 	5
numGenes 	48
seed 	1585519591313
random 	java.util.Random@76fb509a
popSize 	80
maxEvaluations 	20000
minGene 	-3.0
maxGene 	3.0
tournamentSize 	12
crossoverPoints 	1
mutateRate 	0.05
mutateChange 	0.5
mutateRatio 	0.5
mutateRateSmall 	0.1
mutateRateLarge 	0.8
wepMax 	1.0
wepMin 	0.2
expAccuracy 	6.0
minTravel 	0.0
maxTravel 	2.0
neuralNetworkClass 	class coursework.ExampleEvolutionaryAlgorithm
Training Set Training
Fitness 0.06538178345198455