2.2883022233181327,-1.329142682575924,0.7248086332852082,2.407576350764323,-3.060426042975932,-3.7803878748153705,0.3478935426609171,-1.2650437524203226,-0.6030438597701628,-2.232923886414408,2.3077535757111125,-0.45028755862780034,0.6698873736381321,3.836426119806913,-2.7770794238462746,-4.7221292876435355,-1.6408628100907254,-3.2823976111010014,0.8045826935336313,-0.8303234183713526,-0.6760350984963477,-0.5548122807195943,0.4225186712651614,-0.7500867323290601,-0.39811618312666974,1.291919161304044,-2.7736001457373156,-0.2902635466285943,1.7737086440432819,1.7456324686023041,1.8256744849579452,-2.0745619562459714,-0.7901063143521339,-0.2942695286802355,0.26254287864010006,-3.1655579845587454,1.3948872560922325,1.0448462396544587,-2.195655752113934,-0.16731159072732016,-2.323886888852126,-0.31694352809850646,-1.7997903052797675,0.9734757455645129,-1.8175959188762705,0.45681713109215494,2.6756608947318616,-1.2544835791122169
numHidden 	5
numGenes 	48
seed 	1585519591313
random 	java.util.Random@76fb509a
popSize 	80
maxEvaluations 	20000
minGene 	-3.0
maxGene 	3.0
tournamentSize 	12
crossoverPoints 	1
mutateRate 	0.05
mutateChange 	0.5
mutateRatio 	0.5
mutateRateSmall 	0.1
mutateRateLarge 	0.8
wepMax 	1.0
wepMin 	0.2
expAccuracy 	6.0
minTravel 	0.0
maxTravel 	2.0
neuralNetworkClass 	class coursework.ExampleEvolutionaryAlgorithm
Training Set Training
Fitness 0.019583068534018165