-3.871628890660453,0.38157612788882567,-2.369009890720672,2.4283186323424086,-2.3009975333813464,-1.4942318990188193,2.294944622204465,0.9474974339814763,1.6114653338267484,0.7267787076411816,1.0994812482080185,1.1497461098021469,0.06691225075568319,1.7070147921085637,-1.3819981958165712,-2.8510511978213873,0.1870168214495953,1.6435661528209522,-0.14260069738675485,0.7239241325029058,3.210318606050053,-1.344744816879201,0.8709188347704107,1.716342471695155,1.0659562087556198,-0.5963752294271236,-0.68363330301077,0.28303340984582537,-0.6003255229696807,-1.9699206495818902,0.060924973483776235,-2.146545378598872,-0.6483904044045878,3.0753767021575387,-1.2478098956598493,1.5708230499740408,-2.7025428438837054,1.3191539819970899,0.28090930616069887,2.1106483097738167,0.3642437658478008,0.4361563063552385,-2.7457482453410007,0.26333792232487774,0.06781724213210838,0.7846125041991225,-0.02069122775094323,1.1361919072318072
numHidden 	5
numGenes 	48
seed 	1585519591313
random 	java.util.Random@76fb509a
popSize 	80
maxEvaluations 	20000
minGene 	-3.0
maxGene 	3.0
tournamentSize 	12
crossoverPoints 	1
mutateRate 	0.05
mutateChange 	0.5
mutateRatio 	0.5
mutateRateSmall 	0.1
mutateRateLarge 	0.8
wepMax 	1.0
wepMin 	0.2
expAccuracy 	6.0
minTravel 	0.0
maxTravel 	2.0
neuralNetworkClass 	class coursework.ExampleEvolutionaryAlgorithm
Training Set Training
Fitness 0.0424395762005959