-0.062226590426727846,1.2645340575224582,0.00686418727928384,-0.48453495842705596,2.6519954917748185,1.8478388290199455,2.7704765509659097,-0.6265229743217113,1.9441448543317215,-0.7612323674173158,0.1270115234702498,0.7910729959033231,1.5847046413939159,-0.358545331391269,1.831895134837687,0.8521033931252378,-3.819272192146447,-0.5217960681263918,0.7936694398749609,-1.8575896987024993,4.16201508173319,1.2481029660669314,1.4460759319757948,-1.739677788949689,-1.9436966397781772,6.125138655969608,-0.4709178037622399,1.4190701412186133,0.0379424483877715,0.45131171212261245,-2.7822724906613416,-2.0439372625224284,0.6554250895818514,0.506209241788846,-0.640842835651394,-2.719192112824906,1.1683342667939334,2.098682966006484,2.919077645614297,-2.195759921658908,0.8293051055766787,4.118295080332002,0.21071977162266542,-2.250950121343136,-0.46254885300094806,2.042809454800948,0.4841274025419118,-1.2691526429088056
numHidden 	5
numGenes 	48
seed 	1585519591313
random 	java.util.Random@76fb509a
popSize 	80
maxEvaluations 	20000
minGene 	-3.0
maxGene 	3.0
tournamentSize 	12
crossoverPoints 	1
mutateRate 	0.05
mutateChange 	0.5
mutateRatio 	0.5
mutateRateSmall 	0.1
mutateRateLarge 	0.8
wepMax 	1.0
wepMin 	0.2
expAccuracy 	6.0
minTravel 	0.0
maxTravel 	2.0
neuralNetworkClass 	class coursework.ExampleEvolutionaryAlgorithm
Training Set Training
Fitness 0.05547782361798929