-5.503691916248924,0.1549721702298763,1.67145704385546,2.0284334330432188,6.393278507867066,6.747056547057588,7.3743589901583135,6.176547790189463,-4.598437345980837,3.042782221262069,-9.171298719346101,-1.597892355563975,4.846898661869131,5.727591336341673,-4.195602959747014,-0.17765348368918055,12.460813468434349,2.7467643536297226,-9.398738135622038,-3.0922345831307876,-1.1035810554877155,1.1727333660060406,4.832325389742278,-1.5730302214496295,-0.3974909259107777,-0.3628303402805404,4.45517533759876E-4,-4.73525324640243,-0.6589552407737105,5.093094007268881,-11.91785761396961,10.630417000421364,-2.0893125370308567,-7.008134035136756,-2.276314320925315,7.368086563894945,0.9737150651850914,-6.860890498705368,2.409458132884499,1.7735825164278713,-3.6865604125946376,0.8383040615307804,-2.744016921653957,-10.19978188353939,-1.6759315101746495,-0.5054143015426744,4.267732942455094,2.358171108737594
numHidden 	5
numGenes 	48
seed 	1586016150809
random 	java.util.Random@76fb509a
popSize 	80
maxEvaluations 	20000
minGene 	-3.0
maxGene 	3.0
tournamentSize 	5
crossoverPoints 	1
mutateRate 	0.6
mutateChange 	1.0
mutateRatio 	0.5
mutateRateSmall 	0.3
mutateRateLarge 	0.6
wepMax 	1.0
wepMin 	0.2
expAccuracy 	6.0
minTravel 	0.0
maxTravel 	2.0
neuralNetworkClass 	class coursework.QueenBeeEA
Training Set Training
Fitness 0.006970280359423885