8.815071380574572,0.0819816719975961,-0.9926273261797305,-1.22222803630686,-4.59531294816847,4.82771694077795,-3.659274526552928,-1.377054183605145,9.776559984188513,-4.7230407659466485,7.730869764148471,1.5124073180569715,-4.515157760705243,4.148786205186659,-4.340152159454488,-4.891712246241513,-6.178917762582981,-3.939784838022651,2.1682532244484243,-2.8247286331475046,-4.635185485963798,-1.3279136024878717,-1.4270483497450455,-5.2483057928292585,5.1526817159810925,-0.08023389636642086,-0.21009066545132793,-0.9580535909611569,-0.5893729997545334,-4.964898544228681,6.86127154469546,-1.0724298798288192,-3.9575743420608607,-6.353897829301078,0.7304390273806116,-9.328685178447227,-3.9412507621207613,1.356164756333536,-1.9989324088070513,-1.2241258316443995,-1.760733734599885,7.369430500917227,1.6406229400855423,3.0824527841732525,-2.063343017253519,-2.687149839923986,1.907482582717655,-3.3779606866655607
numHidden 	5
numGenes 	48
seed 	1586016150809
random 	java.util.Random@76fb509a
popSize 	80
maxEvaluations 	20000
minGene 	-3.0
maxGene 	3.0
tournamentSize 	5
crossoverPoints 	1
mutateRate 	0.6
mutateChange 	1.0
mutateRatio 	0.5
mutateRateSmall 	0.3
mutateRateLarge 	0.6
wepMax 	1.0
wepMin 	0.2
expAccuracy 	6.0
minTravel 	0.0
maxTravel 	2.0
neuralNetworkClass 	class coursework.QueenBeeEA
Training Set Training
Fitness 0.01267413461647705