3.7958561933069546,-2.03874614202331,-6.384511202318291,3.6789167617453424,-1.0673863064417644,2.6053479141906406,-3.735414151849878,-2.3433602691053146,-3.9696506958974096,0.731419261909712,-5.804064714291829,-1.3928729404586138,2.5352222276136915,2.8226674965912837,-6.620602992747665,-3.7368055388685573,-3.6273453598733543,0.6796384324673328,-6.87486448401487,-2.3362204719595914,-5.291885334532163,-1.4677193352656355,7.340922840971472,-0.508088485074472,0.262692083907333,0.6737604114110924,0.27218242327712616,1.9158536852199632,0.5818419558338825,0.28931137284650044,0.01279781753528697,-0.4802176728438603,0.9193475337184678,-0.16105320596402528,2.057133871189719,-4.935336671408411,-4.400281860234346,-2.5240946030428812,0.08363806006319674,3.4117863772273793,-4.139081823759729,-5.45674933460563,-2.9821862538887824,3.970710824964102,-3.744510556089458,3.1890909839385646,3.217276966395258,3.5001762145275777
numHidden 	5
numGenes 	48
seed 	1586016150809
random 	java.util.Random@76fb509a
popSize 	80
maxEvaluations 	20000
minGene 	-3.0
maxGene 	3.0
tournamentSize 	5
crossoverPoints 	1
mutateRate 	0.6
mutateChange 	1.0
mutateRatio 	0.5
mutateRateSmall 	0.3
mutateRateLarge 	0.6
wepMax 	1.0
wepMin 	0.2
expAccuracy 	6.0
minTravel 	0.0
maxTravel 	2.0
neuralNetworkClass 	class coursework.QueenBeeEA
Training Set Training
Fitness 0.008202337976144936