-1.8741471361281952,5.176350602945791,-2.1801689136540716,-1.9028705976152231,-1.4744967184780515,-3.865127498132927,4.503209917364449,1.3863041382873043,-4.223366478644838,10.852515827040037,5.515722697265333,6.202397139231598,-5.120868531651466,-0.544422040108524,-2.82944516662859,-6.489525242211974,-7.993588027624649,-6.772799096365549,-4.080484249138008,9.04555079070659,3.39084624904031,-5.704009342715974,-3.0805989438879307,-4.965772505082866,-0.8997177917585404,6.705874113897313,0.9413307969064459,-0.1442344463848908,4.71802186210499,-0.49465163058358463,0.32671536486980646,-0.039764722399858954,-2.1553605306511283,1.873594178171337,-11.298550299073508,2.469036663003016,-9.275321574042458,1.998288206014398,-6.600594336590514,-6.923883746584395,0.8547821830207618,1.5898756059687509,-7.236886487314305,-0.5514458952973982,11.522322858889002,-2.0963580848249723,4.166285701605467,0.47718561217259126
numHidden 	5
numGenes 	48
seed 	1586016150809
random 	java.util.Random@76fb509a
popSize 	80
maxEvaluations 	20000
minGene 	-3.0
maxGene 	3.0
tournamentSize 	5
crossoverPoints 	1
mutateRate 	0.6
mutateChange 	1.0
mutateRatio 	0.5
mutateRateSmall 	0.3
mutateRateLarge 	0.6
wepMax 	1.0
wepMin 	0.2
expAccuracy 	6.0
minTravel 	0.0
maxTravel 	2.0
neuralNetworkClass 	class coursework.QueenBeeEA
Training Set Training
Fitness 0.006320914956814311