-5.593160079247899,-0.6888382486002262,-0.4380844619830171,4.348451292750678,6.18204798041328,1.5867887022379703,7.790955533497222,2.6375633198872435,-1.122623168244759,-4.241730563948882,-4.495132337782707,-1.2208343196199776,0.5821852258166587,2.5534084645411173,2.753924395269933,-4.5524247459109555,6.4920130896685215,7.177357270897417,4.628049978257007,-0.4439562113627451,-4.964202412611499,0.46709290723470165,-3.9323671063652386,-3.803795413846313,-1.37259279358421,0.856235530054291,-0.7722960889060406,6.297129860030763,1.1783978214014423,0.9936505766208112,-8.824064351674604,6.920685675813868,-4.657124932267966,3.427637336459222,1.382656366518809,10.271979851451981,-6.513164850636533,-4.976628964214918,3.3263014835885,1.353308947096226,-5.416662089994791,2.7246173403997327,5.590463609794594,-0.27287835410744377,-3.3686479263418665,4.901605809303736,3.068934619263561,4.078118384671582
numHidden 	5
numGenes 	48
seed 	1586016150809
random 	java.util.Random@76fb509a
popSize 	80
maxEvaluations 	20000
minGene 	-3.0
maxGene 	3.0
tournamentSize 	5
crossoverPoints 	1
mutateRate 	0.6
mutateChange 	1.0
mutateRatio 	0.5
mutateRateSmall 	0.3
mutateRateLarge 	0.6
wepMax 	1.0
wepMin 	0.2
expAccuracy 	6.0
minTravel 	0.0
maxTravel 	2.0
neuralNetworkClass 	class coursework.QueenBeeEA
Training Set Training
Fitness 0.01703863180183581