6.029369640496572,0.5802752642245186,3.1091304173854013,-1.30911405320186,5.1312856261339475,3.434280326879696,7.656221960718758,-5.438355081046804,5.806100636608488,-3.92018180886609,12.597882136557985,3.0031994341385957,-0.19870174771848426,1.898465054456688,-0.06046431254497886,3.5707660909559493,3.649635437453158,-10.777109014688026,1.7304390335000805,-1.8326803509406382,1.06814963762724,3.133603825405326,-1.8623396006987907,-4.314543971096404,3.8913984079694552,-0.34362339596668323,0.037447339577834526,0.7595730429229572,0.4936770209335899,-6.10745087490065,11.44974112726296,-9.774605311641466,-1.6961257585686735,-0.5610402496261724,-0.6457999317664314,1.5520263069651836,-0.5189273917950015,-2.3410315469102003,-7.40666543703894,0.32363970530703456,-0.7683846627357749,1.2925141565642067,0.29892623747876623,3.2703665690910135,-5.235338389573613,1.633658672397356,0.6732118447522302,-2.8500320182224037
numHidden 	5
numGenes 	48
seed 	1586016150809
random 	java.util.Random@76fb509a
popSize 	80
maxEvaluations 	20000
minGene 	-3.0
maxGene 	3.0
tournamentSize 	5
crossoverPoints 	1
mutateRate 	0.6
mutateChange 	1.0
mutateRatio 	0.5
mutateRateSmall 	0.3
mutateRateLarge 	0.6
wepMax 	1.0
wepMin 	0.2
expAccuracy 	6.0
minTravel 	0.0
maxTravel 	2.0
neuralNetworkClass 	class coursework.QueenBeeEA
Training Set Training
Fitness 0.008211409297546471