0.03433294224494521,4.385882154969121,4.970885241687744,-1.7372207254834544,-2.2733615540600915,2.8336283317391695,4.067855757013529,3.6647740154510267,8.551408620208688,-2.0968760240772895,2.7743448342726094,1.6018696379993145,11.798907155826436,4.176436752886582,0.7477392505768079,-4.643022525555149,-1.5548238396915242,-2.8103332673264854,9.825224423910223,-4.91332570776872,5.5045657484945245,1.9705258051793786,-2.4880823684185875,1.1814420454814898,0.3694305568577634,-0.14046128676146186,0.5349523244867749,0.9877346805976812,0.13020803831606242,5.775964374684598,2.3083189139544675,2.4464832552291753,-1.4011736580946028,-1.3654387474073468,-0.6814653854180301,-3.244834428177535,7.41433664277019,-10.830394295934553,-1.7406350832814104,0.5254920717401532,1.3996613104653326,11.791524967716907,-5.917799848442739,-4.83797095307457,-2.2826115179149555,-0.09496302936589451,2.9647118217450306,1.4560834980492854
numHidden 	5
numGenes 	48
seed 	1586016150809
random 	java.util.Random@76fb509a
popSize 	80
maxEvaluations 	20000
minGene 	-3.0
maxGene 	3.0
tournamentSize 	5
crossoverPoints 	1
mutateRate 	0.6
mutateChange 	1.0
mutateRatio 	0.5
mutateRateSmall 	0.3
mutateRateLarge 	0.6
wepMax 	1.0
wepMin 	0.2
expAccuracy 	6.0
minTravel 	0.0
maxTravel 	2.0
neuralNetworkClass 	class coursework.QueenBeeEA
Training Set Training
Fitness 0.008249219511841278