-0.441123985942751,-1.8359066895520104,0.19561492633342434,1.709301209398053,-5.548305325296363,2.0932309277221353,4.333582429864762,-4.815601854020404,-0.9500080625337801,-1.9124256319034032,-1.7288515378320553,-0.8481599857768007,-2.001093897549163,3.0817564471341874,-2.9546491854976678,-0.07546195289556738,3.977661244711743,3.162004858364102,6.606715819979081,-0.3550543563501118,2.7678221058785435,-1.6624592208523512,3.0545087004160156,-1.189527987962264,-4.616552710296545,-1.6279555553897298,0.2974738569610527,-3.4025136475327638,1.7161694596544714,0.4085042372425078,0.165068328978765,-0.5784732831561032,2.4074220557742367,-3.6526352423238198,-3.1589726093134503,5.557566194476027,-0.25293658944426656,-1.1753138157075211,0.6396359965264851,0.4581842353450867,-2.2912058878785673,2.4222202909756807,-2.7332742626164306,-1.1405591282146152,-1.0327130252752434,-1.9014209973996556,-2.1765905658592053,-1.404669530725014
numHidden 	5
numGenes 	48
minGene 	-3.0
maxGene 	3.0
tournamentSize 	5
crossoverPoints 	3
popSize 	120
maxEvaluations 	20000
mutateRate 	0.5
mutateChange 	0.9
seed 	1584056008591
random 	java.util.Random@76fb509a
wepMax 	1.0
wepMin 	0.2
expAccuracy 	6.0
minTravel 	0.0
maxTravel 	2.0
neuralNetworkClass 	class coursework.ExampleEvolutionaryAlgorithm
Training Set Training
Fitness 0.027616926563212282