4.019162120025353,3.213896048994049,-0.13167446829920232,-1.2928333504417207,-1.1978676929073233,-4.110958905703066,3.4287055415080605,0.7765898842847665,-2.353674257818706,-2.049666808869775,1.531159179574032,0.14868137370716344,3.442372732340766,3.756909030633073,-1.0862891938063608,-5.058689089360961,2.3160928341600187,0.6853891695452993,2.654787168010176,-2.183140386916417,1.7165588166451413,-2.042523128559398,1.0546837885908438,3.3101689566215966,0.35063259439241823,-1.2304793627423496,1.0075585946371062,-4.548501274927499,1.659021359423381,-0.5117179836044039,-1.4580113209664034,-2.650309609468369,-3.7582876217654566,2.7334195145060294,0.8871608826709199,0.08568734505465517,-2.656510104778029,2.852890159153531,3.1631248779074124,-3.00754557293892,0.6145752080979064,0.5137168520886186,-2.8034200011405987,2.3587856422381184,-4.813131278243581,0.8931777387195973,3.812562596339734,-2.719219574725342
numHidden 	5
numGenes 	48
minGene 	-3.0
maxGene 	3.0
tournamentSize 	5
crossoverPoints 	3
popSize 	120
maxEvaluations 	20000
mutateRate 	0.5
mutateChange 	0.9
seed 	1584056008591
random 	java.util.Random@76fb509a
wepMax 	1.0
wepMin 	0.2
expAccuracy 	6.0
minTravel 	0.0
maxTravel 	2.0
neuralNetworkClass 	class coursework.ExampleEvolutionaryAlgorithm
Training Set Training
Fitness 0.036018338879046305