0.5322671012389958,1.5881475565611667,4.3089529787468575,-2.7756930392093633,2.1220273690245017,2.898098655015012,2.113829569402491,3.6863819396115196,0.7890917643541848,-2.581714672407673,2.9462792836636122,-0.9969690242157758,0.4416745582857275,-3.4352119713057108,1.6363571374652774,4.561135252633131,-1.2750357982566027,-0.15092001546473355,-0.3109478293383455,0.09516679166724155,-2.480678996525577,-1.4119377696949658,-0.18590701700634937,1.8933723154932134,2.1675480281197173,1.4611217318866203,1.384709748673323,0.2044424809628738,-0.6664274391356696,1.2462407235470199,-2.413264788737081,1.1948367568932714,2.8452691595787543,2.876441376561764,1.0689561813439326,-0.5579123194602854,-3.6629156501446705,-7.42833117173531,1.2948847235248964,-2.6098927864417782,5.27007373766022,0.8640328218510677,1.7627501512343862,3.824421310601281,-5.719068468464742,-0.19048474517722386,-1.1097450711155172,3.1308298664245657
numHidden 	5
numGenes 	48
minGene 	-3.0
maxGene 	3.0
tournamentSize 	5
crossoverPoints 	3
popSize 	120
maxEvaluations 	20000
mutateRate 	0.5
mutateChange 	0.9
seed 	1584056008591
random 	java.util.Random@76fb509a
wepMax 	1.0
wepMin 	0.2
expAccuracy 	6.0
minTravel 	0.0
maxTravel 	2.0
neuralNetworkClass 	class coursework.ExampleEvolutionaryAlgorithm
Training Set Training
Fitness 0.055240987861935306