-0.6443003625125807,2.986916670395477,-0.6431064161708875,-0.47570599953572046,4.361291840202349,0.612627650436365,1.2381315404417181,-1.8541354885251253,-0.8962581680083135,-1.7242268245966532,-3.3157936000350414,0.9394846701415136,0.9040955498292762,1.2016443771155183,-0.8590210428501768,-0.7762105002028505,-1.120816874745994,-1.1637412888148977,-0.17476734555410367,2.4063056047758806,2.374974820138176,-2.413436523930703,1.7814507363095977,-0.7662985489876317,1.9401289169138844,-2.4694886996746863,-1.6210676519061038,-0.5585275222677097,-0.9682902861880702,-0.38833427112591723,0.5947741165591252,-1.2262567171783432,0.6918926726228296,-0.7386215255920163,-1.6040660710522996,1.8158996893682282,-1.8801431871881933,-1.740970273887981,-2.5680914829451904,-3.9300507582903306,-0.525317594577055,1.6785541483055528,-0.8749097484945727,0.32762702629768636,-0.6266499468612174,-0.3282245665171215,2.746367385119912,1.7504316349343991
numHidden 	5
numGenes 	48
seed 	1585581151397
random 	java.util.Random@76fb509a
popSize 	80
maxEvaluations 	20000
minGene 	-3.0
maxGene 	3.0
tournamentSize 	10
crossoverPoints 	1
mutateRate 	0.05
mutateChange 	0.5
mutateRatio 	0.5
mutateRateSmall 	0.1
mutateRateLarge 	0.8
wepMax 	1.0
wepMin 	0.2
expAccuracy 	6.0
minTravel 	0.0
maxTravel 	2.0
neuralNetworkClass 	class coursework.ExampleEvolutionaryAlgorithm
Training Set Training
Fitness 0.1259541382603205