-1.2800321483327775,1.8773332004439354,-2.7890278265486614,-1.3942108636373347,-1.0815996173356472,2.8623213830015164,-0.5384875124789152,2.7062735389996604,1.337612457013491,-3.141993269951698,-2.422133495418726,-1.084752470508734,2.6939976301484716,-1.606748054364933,-1.5316622022079776,2.8718005099827097,-0.9879361823291974,-0.5816741198377917,0.7801430627369421,-1.7969803678744647,0.7709637876760955,-0.6397266199440552,1.2721921065114357,2.6090268502665586,-1.3458060461616699,1.1939932881952071,-0.1357645122402249,1.4655543962863433,-1.9617492265220609,0.3373439524792059,-1.784410852792052,1.2499057936689963,1.8029484683496886,1.7727999189412067,-0.43249396760656555,-0.9136172151623647,-1.4792901022490355,-1.8678259640807735,-1.8483766579431566,-0.615003780494721,2.744251388751781,-1.497600991318331,0.7227765853004966,-0.08749120598513027,-2.5383067602318863,2.9193485963059125,1.0779772415197773,-1.5552217681992497
numHidden 	5
numGenes 	48
seed 	1585581151397
random 	java.util.Random@76fb509a
popSize 	80
maxEvaluations 	20000
minGene 	-3.0
maxGene 	3.0
tournamentSize 	10
crossoverPoints 	1
mutateRate 	0.05
mutateChange 	0.5
mutateRatio 	0.5
mutateRateSmall 	0.1
mutateRateLarge 	0.8
wepMax 	1.0
wepMin 	0.2
expAccuracy 	6.0
minTravel 	0.0
maxTravel 	2.0
neuralNetworkClass 	class coursework.ExampleEvolutionaryAlgorithm
Training Set Training
Fitness 0.0297731464611809