-1.4446957696066711,-2.4417867427234423,-0.8785645090252321,-4.497234079110835,4.084035575146823,-1.2117360057980555,2.3795711713608965,-3.0691356283414803,-2.1165785457407145,-0.7930590026239048,0.5251929816483383,-3.7451598578613536,3.3109872269070317,-2.034875300297486,-1.4300319366736094,-4.227662744606329,2.6025929188645502,-1.0556620246898172,-3.5766424558657337,-2.1867311649808157,-1.4951569931891084,1.0416386421683423,3.1793307138862463,-0.6359110614073185,2.792559701001492,0.8584619200017887,0.009104231296071852,2.3409507689479234,1.361795803581602,0.20523584662772087,0.08386935198776424,1.7841970125776534,-1.3289557964295409,-3.4515860065937582,0.5442938813208622,1.2053210966889094,0.519106941279663,-3.84256355861001,2.273816543408735,0.5421507051205712,3.2320738046351174,-2.9725180481210627,0.6604883826407866,-2.4098900989006804,-1.3966568503385326,-0.3402595331153906,1.6473474108549624,1.37703003313276
numHidden 	5
numGenes 	48
seed 	1585581151397
random 	java.util.Random@76fb509a
popSize 	80
maxEvaluations 	20000
minGene 	-3.0
maxGene 	3.0
tournamentSize 	10
crossoverPoints 	1
mutateRate 	0.05
mutateChange 	0.5
mutateRatio 	0.5
mutateRateSmall 	0.1
mutateRateLarge 	0.8
wepMax 	1.0
wepMin 	0.2
expAccuracy 	6.0
minTravel 	0.0
maxTravel 	2.0
neuralNetworkClass 	class coursework.ExampleEvolutionaryAlgorithm
Training Set Training
Fitness 0.015493705787650098