2.903126502900018,-2.9854071260564012,-1.2725182554036607,2.040899175906465,1.397892453998323,2.024281347278462,1.8527380727180631,1.664663623995354,-2.8687348783271522,-2.042150894489422,0.40137610490400366,0.7105790486682704,-1.464947233786741,-0.7180054904651447,2.1417461103676754,0.8041852656087878,1.468877215174409,-0.39662542268429846,0.25984166454486424,-0.20281158292205648,-0.5221576500351424,-1.3258131769789565,-1.6440264665308222,-2.4700558988432677,3.4119883381100493,-1.3312572852690714,-0.35904812199401137,3.2794563936714987,-4.270079982664571,-2.674786010843034,1.8141343839918678,0.38452884898023676,1.6989380927938669,-1.0489754414917167,-1.9431241928569571,2.912752954059078,-2.9548351607925603,-0.8678418773587877,1.463581578370734,-1.9554328644040995,-1.4057777309983825,0.2659506568059866,-1.4412561422216772,-1.9023368636952211,0.9404879452065256,2.753732585457338,1.8120061244194163,1.3005669344431006
numHidden 	5
numGenes 	48
seed 	1585581151397
random 	java.util.Random@76fb509a
popSize 	80
maxEvaluations 	20000
minGene 	-3.0
maxGene 	3.0
tournamentSize 	10
crossoverPoints 	1
mutateRate 	0.05
mutateChange 	0.5
mutateRatio 	0.5
mutateRateSmall 	0.1
mutateRateLarge 	0.8
wepMax 	1.0
wepMin 	0.2
expAccuracy 	6.0
minTravel 	0.0
maxTravel 	2.0
neuralNetworkClass 	class coursework.ExampleEvolutionaryAlgorithm
Training Set Training
Fitness 0.12440100984535246