1.7786014700578816,1.1484969775616434,-2.5163892922638693,-2.926452624197678,-2.5996235449373013,0.016993745692031936,-0.8816810576343697,0.18428085000211425,-0.4968373681394356,-0.567161714775156,-1.4664459348685597,0.8995970920310628,0.9964684688546006,3.9018835554343303,-0.9554150516297621,-0.6987203518770955,1.3729222919550725,-2.4932729308586783,-0.20790342310287357,1.7875291870630612,0.9906303047170333,-1.7767324591477607,-1.510019231996848,0.5590522277659122,-2.8767266507050246,0.5527499459331331,1.4508186702955106,1.1564469209352417,2.2197499423949223,3.5966798840597844,0.35774641266259355,-2.3950207536624077,0.8567044129701324,1.513154031877482,1.9885128648133588,-1.6245668300135068,-2.3099963235465855,1.2009233901877998,0.5088670408808591,2.0350880034390846,1.8214543315972982,0.496272619852391,-2.9097968530108886,0.4943823699370511,-2.4981291715475544,2.7682356768075262,1.6909854675604077,-1.1594527137411506
numHidden 	5
numGenes 	48
seed 	1585581151397
random 	java.util.Random@76fb509a
popSize 	80
maxEvaluations 	20000
minGene 	-3.0
maxGene 	3.0
tournamentSize 	10
crossoverPoints 	1
mutateRate 	0.05
mutateChange 	0.5
mutateRatio 	0.5
mutateRateSmall 	0.1
mutateRateLarge 	0.8
wepMax 	1.0
wepMin 	0.2
expAccuracy 	6.0
minTravel 	0.0
maxTravel 	2.0
neuralNetworkClass 	class coursework.ExampleEvolutionaryAlgorithm
Training Set Training
Fitness 0.19901293643941098