4.946536909285968,0.6785742474827074,-2.6609063090139475,1.0019574265170599,0.9206294034177649,0.726760744858816,-1.531520116580913,2.9851839262691655,1.208198081642553,-1.498334973646677,-0.42908185619166783,-0.35754187067896126,2.7769320704523937,-1.36249277200739,5.898747913178543,0.9296510902786217,-3.4262684413936846,-0.5203389460070058,-3.6753607816932856,-2.590376842171673,1.8759799184352843,1.644407203663686,0.14702248348200442,0.8221123022725632,-0.3456357591901553,1.0991891293868958,-1.2672841006012407,1.3676228917311901,-2.995588918783308,3.7090585900888255,5.639223359794876,-0.6505884622593507,0.7706609584140809,-0.5158982190579608,-0.9033449912342597,-1.8198474398786524,2.972891390862028,0.9132030518792824,-1.5567670865593044,-2.308351240555914,-0.5923506076255016,1.4556107120617696,1.518440418883122,0.18393190566258433,-1.216295167406091,0.13134758168301985,0.8954627396356081,2.0726178113414617
numHidden 	5
numGenes 	48
seed 	1585581151397
random 	java.util.Random@76fb509a
popSize 	80
maxEvaluations 	20000
minGene 	-3.0
maxGene 	3.0
tournamentSize 	10
crossoverPoints 	1
mutateRate 	0.05
mutateChange 	0.5
mutateRatio 	0.5
mutateRateSmall 	0.1
mutateRateLarge 	0.8
wepMax 	1.0
wepMin 	0.2
expAccuracy 	6.0
minTravel 	0.0
maxTravel 	2.0
neuralNetworkClass 	class coursework.ExampleEvolutionaryAlgorithm
Training Set Training
Fitness 0.11496123821999638