0.4603445394017549,-2.4292199545432327,-3.452305573665088,-1.2147962312251348,4.448458753706201,2.7800465712136706,-0.21246704437263997,1.6900287007237713,2.2329110716664307,-1.2040172733118713,-0.15505065570357446,-2.6195007559448564,-0.15631976227243216,1.7471540891141562,-0.1155112268573415,1.5911619751381885,2.4484214449572717,0.4242172703461953,1.2031094902574915,-1.7460138811033579,-1.9297378599563992,2.83006257048443,2.486128265977027,-1.7821858208107948,1.5462495971233574,-0.6677907357076722,-0.8427634239149064,0.42453981014566455,-1.4313790148688608,-2.3269669133038398,0.342273422402128,2.0973694321175973,2.908170078413436,2.6526747811232987,4.39521380093166,1.3981377614776904,2.2181572858095873,1.527520588756209,-0.3236053634958531,-1.4112756465017833,1.9393500554940264,1.0494180526869727,-1.6382391740704447,-1.4075416875538873,-2.7524728217945977,1.904235606875421,1.8282240589578977,-0.03285494429903224
numHidden 	5
numGenes 	48
seed 	1585581151397
random 	java.util.Random@76fb509a
popSize 	80
maxEvaluations 	20000
minGene 	-3.0
maxGene 	3.0
tournamentSize 	10
crossoverPoints 	1
mutateRate 	0.05
mutateChange 	0.5
mutateRatio 	0.5
mutateRateSmall 	0.1
mutateRateLarge 	0.8
wepMax 	1.0
wepMin 	0.2
expAccuracy 	6.0
minTravel 	0.0
maxTravel 	2.0
neuralNetworkClass 	class coursework.ExampleEvolutionaryAlgorithm
Training Set Training
Fitness 0.09972883923858154