-0.029103506184961603,-1.0815762954022654,3.463535019038531,0.6533778261325125,-1.4353606564870014,3.2326089154329303,-0.5747828810065461,-0.4670498742048519,-0.7946751474469398,-0.9760303693263719,-0.7827933797910811,0.02789769169655365,-1.342878925346817,-0.22817882163374392,3.2536290307616573,1.197556968739124,-1.1958835375421346,-1.915375317223339,-1.2755385067114382,-0.3068467299202524,0.26877235291901913,1.8830780254988824,-0.5148677631808616,-0.7416390848530048,0.5892303775895549,-3.084681525074222,-1.6939172839426997,-0.5410765861301865,0.6796983650716926,1.909664355505159,-2.269880794262648,-1.4251050185797893,1.583865137674323,1.3488792652525978,1.5056225376487458,-1.9537340757121264,1.5907627895757495,1.3708826612216822,-0.39560552079002687,0.35763652898122356,2.755069388958672,-0.2360248067253783,-1.4796468676061363,2.958309479113061,-2.096375368179066,3.5550844014860994,2.7869930336420294,1.7073864511115815
numHidden 	5
numGenes 	48
seed 	1585581151397
random 	java.util.Random@76fb509a
popSize 	80
maxEvaluations 	20000
minGene 	-3.0
maxGene 	3.0
tournamentSize 	10
crossoverPoints 	1
mutateRate 	0.05
mutateChange 	0.5
mutateRatio 	0.5
mutateRateSmall 	0.1
mutateRateLarge 	0.8
wepMax 	1.0
wepMin 	0.2
expAccuracy 	6.0
minTravel 	0.0
maxTravel 	2.0
neuralNetworkClass 	class coursework.ExampleEvolutionaryAlgorithm
Training Set Training
Fitness 0.12589444723182175