4.242993584411016,6.073884947458662,2.2982013794559943,-1.334392353019557,2.148948193605816,1.5006745708291946,-1.2966077889279917,-4.34077571507369,-0.7702372081877917,0.5223120482204546,-6.403038015898529,1.9013013434878419,-0.9717490312827004,0.006185603053020294,-2.3709402860569786,-0.23312097044680602,-0.6328720631669489,-0.07268572730304146,-3.6077681828463337,-0.050027341543723125,-1.0266899821095805,0.6011096157366411,0.8003370743363929,-0.6000820669324112,-0.5082707587897435,3.124994480635526,-0.870920799179284,2.46429164885199,0.9920209333448842,-3.1754622451572456,-0.4118011941674089,0.40594405959541313,0.48657641535306695,-1.5103138938139802,-1.4946574826400996,-0.46031010823982754,2.3358772571515125,-0.2840249904304475,-0.017665870554979257,-0.8176870809828145,-2.2443763806097206,-1.0313819168271698,0.21867201215291843,0.5575390147853454,-0.6041114741377278,5.730205399787016,2.702556772811918,-0.6242855160765566
numHidden 	5
numGenes 	48
seed 	1585581151397
random 	java.util.Random@76fb509a
popSize 	80
maxEvaluations 	20000
minGene 	-3.0
maxGene 	3.0
tournamentSize 	10
crossoverPoints 	1
mutateRate 	0.05
mutateChange 	0.5
mutateRatio 	0.5
mutateRateSmall 	0.1
mutateRateLarge 	0.8
wepMax 	1.0
wepMin 	0.2
expAccuracy 	6.0
minTravel 	0.0
maxTravel 	2.0
neuralNetworkClass 	class coursework.ExampleEvolutionaryAlgorithm
Training Set Training
Fitness 0.1017630676234186