-0.5630105218072714,2.9350113856819053,1.9348403831072574,-0.9938375534532105,1.6359586118608842,-5.7435326643739835,-1.0686656950920985,0.40793879533486166,-0.606631198335263,0.10112363036274141,-0.2701890930715374,-3.844115524731264,2.3173812503958384,0.011408499988801779,1.6874393812780961,-1.3259834454047672,-2.3848436053373536,4.819213726640404,0.06978747196739477,-0.9624525359545855,1.2304695582284415,-0.48220455087115965,-1.7080787600759002,-0.869944192669938,-0.6713384750803084,-0.22145963962560078,3.2248268653274286,-0.6189616119875643,-2.501998604749546,0.7097033780053739,1.8571304957038892,0.8752867324943958,-2.6372844288469723,2.7022719717654624,2.6470174564026046,-2.1576725910148427,1.0666041661399515,2.3936557377493015,2.381671952508782,0.18846287340884627,0.7873417299853416,-3.0970491593998855,-1.2185184407501186,-3.67425328348477,-0.9197723809869816,0.05207302732008845,2.443670437163637,0.16551654549047967
numHidden 	5
numGenes 	48
seed 	1585581151397
random 	java.util.Random@76fb509a
popSize 	80
maxEvaluations 	20000
minGene 	-3.0
maxGene 	3.0
tournamentSize 	10
crossoverPoints 	1
mutateRate 	0.05
mutateChange 	0.5
mutateRatio 	0.5
mutateRateSmall 	0.1
mutateRateLarge 	0.8
wepMax 	1.0
wepMin 	0.2
expAccuracy 	6.0
minTravel 	0.0
maxTravel 	2.0
neuralNetworkClass 	class coursework.ExampleEvolutionaryAlgorithm
Training Set Training
Fitness 0.05118181157385451