0.037888385439678096,-0.44439306208438367,2.9805469723426183,1.2548709316272917,2.7703535560574446,2.2117578807031055,1.6047976643354271,2.2308667150433985,-0.7440588888045916,0.8517756349344294,-2.2361031069188266,-0.8548338002250939,3.564305688549873,-0.0736744582796236,-0.2588981592509585,2.677427010844598,-1.5132782334222827,2.1159172724239026,-0.7514939473272557,-1.717817343638858,-2.9345697189907156,-2.834651407034163,1.3452632029437126,-1.619735290990143,0.8593424898978377,1.6088484620682912,2.069676441144378,-1.9988028075937931,0.049066552089288784,-3.2088675892194183,-0.3237951373034722,1.0307973017700247,2.9197704177656822,0.8220036671529778,-2.727263487754411,-0.8306070263717782,1.1334409110850805,-3.7279429956285455,-0.5047252701450451,2.0947332102403893,-3.4873538250679754,-2.9755383495154764,0.13647916955693384,4.1498466739302415,-0.6940446629188033,1.7427257106910297,1.8613026844397442,-3.360231878024085
numHidden 	5
numGenes 	48
seed 	1585581151397
random 	java.util.Random@76fb509a
popSize 	80
maxEvaluations 	20000
minGene 	-3.0
maxGene 	3.0
tournamentSize 	10
crossoverPoints 	1
mutateRate 	0.05
mutateChange 	0.5
mutateRatio 	0.5
mutateRateSmall 	0.1
mutateRateLarge 	0.8
wepMax 	1.0
wepMin 	0.2
expAccuracy 	6.0
minTravel 	0.0
maxTravel 	2.0
neuralNetworkClass 	class coursework.ExampleEvolutionaryAlgorithm
Training Set Training
Fitness 0.04716426702424997