-1.5689988634282641,-0.25663453587801954,0.7854081554350936,0.5403467844686052,0.038885250972061414,2.9852208803408766,2.1037262380197124,2.464740802445589,1.9392647187482988,-2.2199778793636034,2.0502787419677153,-1.369545543198136,0.6308938637292281,-1.6345130731149509,-2.0321995516766904,2.3405933110971615,1.9347318192585448,-3.2848227296057337,-1.4505311135867267,-0.47260616214465934,-3.468354314491596,0.5635604051307315,-1.4930948317576067,2.4604614875783923,1.806079277786564,2.187215695690263,-1.470835971951295,1.3304561762819933,-1.2578322695348354,0.5832450043546169,-2.049371890255827,1.406733934531358,0.19141742311356946,1.5061396590347442,-1.895399765616726,1.087674297019447,3.3139443788123923,-1.265042525633369,2.285994671352059,1.7200182140566476,2.4376818832971416,-1.2774073799293593,-0.08928478847199317,-3.4096233412613617,-0.9447629767545696,2.8443292447843147,3.0368827168184467,-0.8771078618803667
numHidden 	5
numGenes 	48
seed 	1585581151397
random 	java.util.Random@76fb509a
popSize 	80
maxEvaluations 	20000
minGene 	-3.0
maxGene 	3.0
tournamentSize 	10
crossoverPoints 	1
mutateRate 	0.05
mutateChange 	0.5
mutateRatio 	0.5
mutateRateSmall 	0.1
mutateRateLarge 	0.8
wepMax 	1.0
wepMin 	0.2
expAccuracy 	6.0
minTravel 	0.0
maxTravel 	2.0
neuralNetworkClass 	class coursework.ExampleEvolutionaryAlgorithm
Training Set Training
Fitness 0.12669028520626568