3.1858661986442955,-1.530565161330836,-2.9162228003282094,-2.0851978267089297,0.95470410004505,-3.445498948767689,-2.712157155212449,0.6387372390362316,-3.5301371158979498,-2.625841553416601,4.950765837439274,1.1777523065838365,-1.0977562730446764,1.250124825690329,0.8362759866715108,1.001769625740172,0.2568056656694613,-2.556127310631344,1.1121455601542367,-3.1585908158955873,0.06710694832200126,-1.7655535352272733,0.8572370001410858,-1.4039036181669848,-1.37267992189921,0.3636327809867508,-1.934533348596049,-0.47717765224272535,-1.8355083547698097,-0.2668109035830506,1.8844171957255558,-2.2388388991025145,0.6331143261061203,1.5650059118702124,0.574374757003584,2.7950670569737603,0.03087684078947195,-2.0012468983990717,-1.1408799613751075,-3.065599896490972,0.28875193949875566,-2.6972713143873213,2.4628434923227074,-3.1809521024918856,-3.119616724615076,-0.9876979388397547,-0.8118953424316786,-1.6940660586960372
numHidden 	5
numGenes 	48
seed 	1585581151397
random 	java.util.Random@76fb509a
popSize 	80
maxEvaluations 	20000
minGene 	-3.0
maxGene 	3.0
tournamentSize 	10
crossoverPoints 	1
mutateRate 	0.05
mutateChange 	0.5
mutateRatio 	0.5
mutateRateSmall 	0.1
mutateRateLarge 	0.8
wepMax 	1.0
wepMin 	0.2
expAccuracy 	6.0
minTravel 	0.0
maxTravel 	2.0
neuralNetworkClass 	class coursework.ExampleEvolutionaryAlgorithm
Training Set Training
Fitness 0.010533183806167436