2.9365557387520216,-0.10804269980618209,1.2972950549240956,0.5031293470451859,-2.7751970025304527,2.0159454687594742,-1.2279627849209835,2.651170933847512,1.0741101767031427,1.9609373638650442,0.0030893959405191573,-2.1489484417962386,0.010441697246089454,1.5686076427906075,-0.4727662995192832,0.19033097709151647,-0.23249710393917056,1.6803397142759628,1.2245162712866424,-2.169291587165424,0.3556004076342725,-2.2318535630386345,-0.9282848597497733,-2.010080197393687,0.36670976246898856,-2.4943170332796556,-2.81896685368547,-1.3870285991416516,-2.268675911158201,2.940907340528625,-3.1706335850659886,-2.774148293402933,-2.7744259054437475,2.1558914952189525,1.2925904395064514,0.4177106707902398,-0.512148256619775,-2.736876462187433,3.027545272041144,-2.7493127695866386,-1.0392854079047158,-0.8067065031073675,-0.01179627527528826,2.415260565017477,-2.8933145354891354,1.3557139728560363,-0.4058616302903273,1.8902120622939211
numHidden 	5
numGenes 	48
seed 	1585581151397
random 	java.util.Random@76fb509a
popSize 	80
maxEvaluations 	20000
minGene 	-3.0
maxGene 	3.0
tournamentSize 	10
crossoverPoints 	1
mutateRate 	0.05
mutateChange 	0.5
mutateRatio 	0.5
mutateRateSmall 	0.1
mutateRateLarge 	0.8
wepMax 	1.0
wepMin 	0.2
expAccuracy 	6.0
minTravel 	0.0
maxTravel 	2.0
neuralNetworkClass 	class coursework.ExampleEvolutionaryAlgorithm
Training Set Training
Fitness 0.12712843441932792