2.0172953852820843,5.280425061726028,3.408373838636778,5.335675538328158,-0.04494595743052843,0.5148280905634488,-1.150580048186792,-1.4012504183017445,0.38503909695046135,-2.290458235692147,-2.89503915445351,3.621697084760344,3.9579279883036396,2.2715290860966464,-0.8311498114986651,3.0891827509569474,-2.9029729983951897,0.9950517770792731,1.5508507592328762,-2.7727494667741253,1.1769428355232519,-1.6530421241588877,-2.3101981078703138,2.5207610295515774,0.6187407716004705,-1.3108705908477534,-0.5954185993452201,-0.34786061847518757,-1.7195640343073424,0.060591589414944025,1.838855661663204,0.8845203902431824,3.160332065398343,-0.7976739184331678,-0.28696725158859504,-0.3583330460670968,-4.993100765578822,-0.4941204950891116,-1.0082443547227542,-1.4961581245022044,-2.5574493628097335,-2.4975935532386093,-0.19230353115695253,2.2431074459238864,-2.3401498822506266,0.8818305568591223,-0.8476686264790723,-1.1366786311812962
numHidden 	5
numGenes 	48
seed 	1585513346619
random 	java.util.Random@76fb509a
popSize 	80
maxEvaluations 	20000
minGene 	-3.0
maxGene 	3.0
tournamentSize 	8
crossoverPoints 	1
mutateRate 	0.05
mutateChange 	0.5
mutateRatio 	0.5
mutateRateSmall 	0.1
mutateRateLarge 	0.8
wepMax 	1.0
wepMin 	0.2
expAccuracy 	6.0
minTravel 	0.0
maxTravel 	2.0
neuralNetworkClass 	class coursework.ExampleEvolutionaryAlgorithm
Training Set Training
Fitness 0.09840817156802582