2.3164239404741194,-2.109583578420178,1.9071277792852523,-1.3690124579973624,-0.8378490493333892,1.3226758624020825,3.4002802365759113,0.20931809268421553,0.3718975192824341,-0.3441798168215717,-0.2813667268593627,-1.215739077465301,1.0084629533578315,-0.7696841815585946,-0.5197928573733117,2.5189712284933634,-2.7334543440390284,-2.1626728038087863,1.385085826050533,-1.664193774776126,1.2729749271275228,-1.0721924543337382,1.7568782625918082,-3.358114923578319,-1.18295004722483,1.2014549486424642,-1.353036388410996,0.6134717239057057,0.41949338536735237,0.919380545103154,1.6654459453468924,1.2643332805017131,2.7971269007251642,-2.451968629448821,-1.3907217684857844,0.33513851658998206,1.096494405081435,-1.2595660958316373,1.0136457155057883,0.4921162396504952,-2.726291043671777,2.2490710759963104,-1.7809203067589185,1.8072002199783617,-1.194976054763139,0.22257318586007457,-0.821709579764955,-1.4045662987057628
numHidden 	5
numGenes 	48
seed 	1585513346619
random 	java.util.Random@76fb509a
popSize 	80
maxEvaluations 	20000
minGene 	-3.0
maxGene 	3.0
tournamentSize 	8
crossoverPoints 	1
mutateRate 	0.05
mutateChange 	0.5
mutateRatio 	0.5
mutateRateSmall 	0.1
mutateRateLarge 	0.8
wepMax 	1.0
wepMin 	0.2
expAccuracy 	6.0
minTravel 	0.0
maxTravel 	2.0
neuralNetworkClass 	class coursework.ExampleEvolutionaryAlgorithm
Training Set Training
Fitness 0.110576827141229