-0.9937860988157177,-3.6027553139642743,-0.5096334734075239,0.32006777436984635,-1.8232473102682885,-2.888357469821817,1.7298031259237874,1.5373383425422427,1.250535567193591,-1.2666366115408945,0.8071328293280624,-2.6225290802469154,-0.03124623872354171,-2.645095019850774,1.353774669463994,-0.6834225358661179,2.119912683962501,2.1892420422035253,-1.456299890651893,0.48675409245328627,-0.065297452399673,-2.2304908160160393,-1.9865316148340804,3.007328380327178,0.5363321666160825,-1.6275585789847087,1.6917362568626402,-0.8093442061462739,-1.8725874174497878,1.6974052081232944,0.2280762648797392,0.197550732248299,-2.87637014654367,0.5033635831951031,1.9214645461676447,1.2784935876658148,-3.0895917089421063,0.11804232049243524,-1.1152849340640916,-0.46959117566245734,2.8048708341128883,-0.8227034046636907,1.5150665155793988,-1.8070171425277985,-2.746488974140182,2.9842992086117217,2.8266063146562725,-2.2131732028202027
numHidden 	5
numGenes 	48
seed 	1585513346619
random 	java.util.Random@76fb509a
popSize 	80
maxEvaluations 	20000
minGene 	-3.0
maxGene 	3.0
tournamentSize 	8
crossoverPoints 	1
mutateRate 	0.05
mutateChange 	0.5
mutateRatio 	0.5
mutateRateSmall 	0.1
mutateRateLarge 	0.8
wepMax 	1.0
wepMin 	0.2
expAccuracy 	6.0
minTravel 	0.0
maxTravel 	2.0
neuralNetworkClass 	class coursework.ExampleEvolutionaryAlgorithm
Training Set Training
Fitness 0.10446244746275958