3.13040686027293,3.9972019395572236,2.6854385632957616,-1.6790161316634395,-3.2499069877860656,1.9487549020181207,1.3296335927174985,0.14433326218985787,2.4295203849199423,3.364445177908145,1.340347992178332,0.6718465023424507,-1.9065384007315362,-2.674983773322504,-3.0809981770953874,3.6742101034904113,0.46642255110041164,-0.1398732159137548,-0.19696747329943132,-0.23861345980052073,1.8056561314971526,-2.5869900984209786,-0.41722662952507683,-3.031822126321917,0.5544262281448917,-0.08346179393782505,-0.9529842238459447,1.8363532453995832,-1.0820728408606826,-2.3107061247032052,0.8308255042926875,-1.3370566582296597,1.172551098465279,0.2838829109219647,-1.862732913104829,2.746808433833298,0.6928566467411628,2.5085761500433748,0.8907891524625384,1.5393011468994766,-2.970446660549961,3.1390817765656873,-1.472003416598803,-2.028646608659717,1.9249048890291531,0.3370309987072213,-1.1039392289195045,3.3405499398935206
numHidden 	5
numGenes 	48
seed 	1585513346619
random 	java.util.Random@76fb509a
popSize 	80
maxEvaluations 	20000
minGene 	-3.0
maxGene 	3.0
tournamentSize 	8
crossoverPoints 	1
mutateRate 	0.05
mutateChange 	0.5
mutateRatio 	0.5
mutateRateSmall 	0.1
mutateRateLarge 	0.8
wepMax 	1.0
wepMin 	0.2
expAccuracy 	6.0
minTravel 	0.0
maxTravel 	2.0
neuralNetworkClass 	class coursework.ExampleEvolutionaryAlgorithm
Training Set Training
Fitness 0.1064044835217555