1.4831995678951921,0.5243375209531651,0.47502018763868037,0.4977708078459351,-0.665092683796122,-1.7546672802045615,1.7097176024514518,-0.7186623007532478,-2.505975573673769,0.6869965685326798,2.6551052487431512,0.81482679450568,-3.1192423171435895,0.14415415340305238,2.199220256904044,1.6089304748782798,1.1324552019537588,1.144925400085632,-0.2065964275937504,-1.7586332850423925,2.1538634251979696,1.0568391084596134,2.414511908899616,2.8701828180930367,-2.6837539357592037,-2.7426928530182977,-2.707413952600239,0.6086931368543116,0.6575050904168496,-0.2596657599086498,-1.6383471204064093,-1.3609674025157772,-2.7739970313385642,1.1853392525512598,-0.09027133691262623,-0.09564897005352035,0.9283063057395022,1.888135719972058,-2.1267088991767937,2.9853922375309283,2.6271667946281543,-2.822261977762089,-0.7493006494002326,-0.00983197109212508,0.36773374200364817,1.29903193979706,1.6345441444590874,0.11632537053213277
numHidden 	5
numGenes 	48
seed 	1585513346619
random 	java.util.Random@76fb509a
popSize 	80
maxEvaluations 	20000
minGene 	-3.0
maxGene 	3.0
tournamentSize 	8
crossoverPoints 	1
mutateRate 	0.05
mutateChange 	0.5
mutateRatio 	0.5
mutateRateSmall 	0.1
mutateRateLarge 	0.8
wepMax 	1.0
wepMin 	0.2
expAccuracy 	6.0
minTravel 	0.0
maxTravel 	2.0
neuralNetworkClass 	class coursework.ExampleEvolutionaryAlgorithm
Training Set Training
Fitness 0.12728132858909488