-1.5508618581650566,1.6930568734121287,1.187322293761568,1.0705457772553881,3.133535537196231,-1.3184104955958817,1.218264400131277,0.8636292104989591,2.774965778614945,-2.142510717421449,-0.631134534971288,4.211877935480279,-0.6541433280849842,1.3936167169769247,3.1957855746841775,-2.6868889407331285,0.9701162543749495,2.056386388496203,1.893887760201026,0.9551739761850664,3.0122368893850817,0.6922596947565349,1.138463691084798,-0.5042505095356893,3.826145859606389,0.4810572401732158,2.080593206759838,-0.5973742762557968,-1.923277819799888,-0.4270344690107497,0.3373363938362637,-2.6714995475860293,-2.7837935170233097,2.347699804147682,4.786345983251566,2.378523918510086,-0.8886561719491644,2.374554829224503,1.2261476992777816,2.3813108941002534,-3.0833435103473965,0.8088780526901145,0.6019773086119553,0.8706375372921409,-1.079896366588367,-0.299266205720766,1.2216748170868836,0.5690201091826403
numHidden 	5
numGenes 	48
seed 	1585513346619
random 	java.util.Random@76fb509a
popSize 	80
maxEvaluations 	20000
minGene 	-3.0
maxGene 	3.0
tournamentSize 	8
crossoverPoints 	1
mutateRate 	0.05
mutateChange 	0.5
mutateRatio 	0.5
mutateRateSmall 	0.1
mutateRateLarge 	0.8
wepMax 	1.0
wepMin 	0.2
expAccuracy 	6.0
minTravel 	0.0
maxTravel 	2.0
neuralNetworkClass 	class coursework.ExampleEvolutionaryAlgorithm
Training Set Training
Fitness 0.1050138835153179