2.4001267381704174,0.1403718577067714,2.3948920517720946,0.5902147515385128,-0.33789171317975786,-1.0642458683234808,-2.294054823252008,2.5877556587840242,1.194747264062689,2.854455595912893,-1.7259623823422423,-5.25808866507767,1.1761043246081426,5.45902903921975,-0.8922368380894614,-1.9257628510376459,-1.4150451666289747,2.799328525193996,0.9867711888395414,1.86341696542598,1.5734808023072393,-0.24072276587796626,1.2230674415597704,0.6373777932331732,2.077370169661746,-0.39980306080961237,-0.24045249949662928,-1.1097443926747994,1.6554547896678402,-3.282271433461182,-1.0124622579391964,-1.0456718895732502,-2.1853188519499183,-0.1850814944483048,0.6475413509783845,2.1113251523913252,0.2773857573786125,2.8170943328892193,2.0973057645689295,0.6193251372690809,-0.7134817565241365,-0.08530183433680838,-2.411245259083983,-2.1392555857431237,1.1206237800357357,-0.8817043781849696,4.100015656952783,2.3619858063664623
numHidden 	5
numGenes 	48
seed 	1585513346619
random 	java.util.Random@76fb509a
popSize 	80
maxEvaluations 	20000
minGene 	-3.0
maxGene 	3.0
tournamentSize 	8
crossoverPoints 	1
mutateRate 	0.05
mutateChange 	0.5
mutateRatio 	0.5
mutateRateSmall 	0.1
mutateRateLarge 	0.8
wepMax 	1.0
wepMin 	0.2
expAccuracy 	6.0
minTravel 	0.0
maxTravel 	2.0
neuralNetworkClass 	class coursework.ExampleEvolutionaryAlgorithm
Training Set Training
Fitness 0.11045685180651849