-0.6654386131875114,0.9700035275867398,-0.6268763157685697,1.756341309766265,0.5189884133367215,-0.12516789545799334,-1.1748059919236686,-1.683456642372561,-0.16125697801223549,-1.890024533636749,-1.684675001039173,-1.7928225540654292,1.2264986563476095,1.0795046785395996,0.3462821431431511,-2.681735057498171,1.040763969614579,1.4193067456158674,1.323552074834375,-1.4097246072021068,2.8857804083974727,1.316078346141576,-1.685457945572871,1.6424261063696912,-0.5509345389813958,-0.9404601300298396,-2.436906737655419,-3.800370064043544,3.0292279097588324,0.9350975000412118,-2.1300848849367036,-1.0976153834211555,-2.2017478626240816,-1.3569548020164683,-2.271709332532952,-1.903693746306421,2.643819895703624,-5.496493343377215,-1.9507025879233206,0.859028315904018,-1.62900431416191,-1.3802426100973926,-0.8164349739168015,-1.1386540637761824,-2.7057204182521404,5.490685767207057,-0.6572533204780306,-1.28947051635493
numHidden 	5
numGenes 	48
seed 	1585513346619
random 	java.util.Random@76fb509a
popSize 	80
maxEvaluations 	20000
minGene 	-3.0
maxGene 	3.0
tournamentSize 	8
crossoverPoints 	1
mutateRate 	0.05
mutateChange 	0.5
mutateRatio 	0.5
mutateRateSmall 	0.1
mutateRateLarge 	0.8
wepMax 	1.0
wepMin 	0.2
expAccuracy 	6.0
minTravel 	0.0
maxTravel 	2.0
neuralNetworkClass 	class coursework.ExampleEvolutionaryAlgorithm
Training Set Training
Fitness 0.129832860494921