-3.983184579473988,-2.100965002639076,1.8367276110106179,-2.865441498982172,1.8593201940267114,-0.6784831384392742,-0.14249004525716247,-0.7952952954125676,1.1859233209462268,3.8052369178953462,1.1901294526453343,-3.487047492651152,-0.2649685904076846,-4.949433514573265,-1.7098678384788464,-4.199838900490446,-0.18150632136259714,-2.8521475030459946,2.640843993491755,2.1261950258506452,-0.9869300536493819,-0.9972211485082623,1.647561365504754,-0.03133274131095298,3.9536999724074633,-1.2820707186835563,-0.5487265664643819,-1.3178339118094575,0.5496290315813246,4.277894221940828,0.9100370852877444,1.7184376039868177,-1.9702552044536439,-2.5587075526175918,-3.623378813211513,0.6767184599992921,0.20492605670596387,2.5222296072723296,-2.5938864476816232,-1.0387361198548675,-0.24428348081520568,0.2424559549491958,0.12926507063281667,1.054709652398012,1.115277233129019,0.05409049225896112,5.212899354482263,-2.734126430208385
numHidden 	5
numGenes 	48
seed 	1585513346619
random 	java.util.Random@76fb509a
popSize 	80
maxEvaluations 	20000
minGene 	-3.0
maxGene 	3.0
tournamentSize 	8
crossoverPoints 	1
mutateRate 	0.05
mutateChange 	0.5
mutateRatio 	0.5
mutateRateSmall 	0.1
mutateRateLarge 	0.8
wepMax 	1.0
wepMin 	0.2
expAccuracy 	6.0
minTravel 	0.0
maxTravel 	2.0
neuralNetworkClass 	class coursework.ExampleEvolutionaryAlgorithm
Training Set Training
Fitness 0.10929989015085234