0.21847614032060525,-0.459879289364439,0.765046605894705,-2.8703011501626174,0.5887681081193561,-0.7717358706219111,0.27519812339766325,-0.8437063170112138,1.2552822863523634,2.194827694182198,1.612954691850546,-0.9524548760221343,-0.7440236597680305,3.1447867226482806,2.1881590320885884,-1.5480302607774528,-1.7021892247678236,-0.6785817413519983,-0.8389665815422149,2.736683548211129,0.6443210023836299,0.00874983434840404,2.09243003095186,-0.9703472874667525,0.33712474021029726,-2.0247099901442107,2.6113373273794362,-0.7513951277048134,-1.6285768965408127,1.808687866263222,-1.593778632877103,-0.8487895906206457,0.05297237333657945,2.8702627006232175,1.1729541902372613,-0.8760765780117408,-2.3678173001285043,1.3492193486077193,-2.5842476151490414,-0.8654779018376,-1.2926293955615964,-0.2219338502624053,-0.3012790980923561,-2.4309216855553806,-2.1397044970066217,2.144741396808583,2.114445473617633,2.65335475039584
numHidden 	5
numGenes 	48
seed 	1585513346619
random 	java.util.Random@76fb509a
popSize 	80
maxEvaluations 	20000
minGene 	-3.0
maxGene 	3.0
tournamentSize 	8
crossoverPoints 	1
mutateRate 	0.05
mutateChange 	0.5
mutateRatio 	0.5
mutateRateSmall 	0.1
mutateRateLarge 	0.8
wepMax 	1.0
wepMin 	0.2
expAccuracy 	6.0
minTravel 	0.0
maxTravel 	2.0
neuralNetworkClass 	class coursework.ExampleEvolutionaryAlgorithm
Training Set Training
Fitness 0.12853688709823963