-2.8220864711750533,1.4313725848379741,-1.2586136345030337,-2.964795435853307,-1.653946690027663,-0.31004541892929494,3.7979420276047398,2.0018547391309447,-1.9779467865848228,3.3909683500044023,-1.3375693146638499,0.7672282143940348,-0.31893254742108823,-0.8533606052462819,0.2762509848920489,-0.43955948410577683,3.34836165342431,2.239370370370546,1.4341860326114837,2.7032509525680446,2.6204599619804796,-0.1886186096575342,-0.6672128891999876,-3.00145689493043,-3.4090469004599497,-1.2297133935080145,-0.44159333052379335,2.4638964050860057,2.943465922904882,0.6710806984786744,-1.7974356707330506,2.406769380768501,1.4402369606971792,-1.0939876246405973,-2.49600154754898,2.6171124575572433,-1.7710384359518219,-1.9442070493636343,-0.9649019265882641,-2.0388886772874457,-1.9996211096283103,1.196398701898751,-0.4982765770799116,-2.203094042698482,0.7042422482640269,2.286528398486471,2.251128762236452,1.2567552287898547
numHidden 	5
numGenes 	48
seed 	1585513346619
random 	java.util.Random@76fb509a
popSize 	80
maxEvaluations 	20000
minGene 	-3.0
maxGene 	3.0
tournamentSize 	8
crossoverPoints 	1
mutateRate 	0.05
mutateChange 	0.5
mutateRatio 	0.5
mutateRateSmall 	0.1
mutateRateLarge 	0.8
wepMax 	1.0
wepMin 	0.2
expAccuracy 	6.0
minTravel 	0.0
maxTravel 	2.0
neuralNetworkClass 	class coursework.ExampleEvolutionaryAlgorithm
Training Set Training
Fitness 0.02140923013956335