-0.8777602978801857,0.4148036318718038,-1.70201940703308,-4.749545197117829,-1.268483971020319,-2.720815539681302,-2.7242556507258184,1.3036488568464515,0.7027035964731096,0.37085472728367463,2.647545353647283,-0.2815338954166666,2.178300014680784,1.5151537150018717,-1.9519367542358919,-0.18443608493674724,-4.026207395292751,-3.003419073746756,1.6216842952453492,-0.7119892452831946,-2.2091761216730017,0.2697522628244462,5.472157999038811,1.64932475456542,-0.3305050868929773,-4.385413110337001,0.7212692045830575,1.319754674714273,-0.8932367651779698,1.7220197442680583,-1.7250152300996553,-2.3709028812363098,0.25076805965356064,-1.6015627452027879,-1.6150743317093066,-3.4028006352762894,1.5903086737936323,1.6679586154170867,0.9267091151455791,0.8233731541431197,2.4219174236111076,-0.6451546176566221,0.2529011199670843,-0.7710397601377057,0.9127450643921566,3.298261052254521,0.15215991562146636,-1.1993939072913349
numHidden 	5
numGenes 	48
seed 	1585513346619
random 	java.util.Random@76fb509a
popSize 	80
maxEvaluations 	20000
minGene 	-3.0
maxGene 	3.0
tournamentSize 	8
crossoverPoints 	1
mutateRate 	0.05
mutateChange 	0.5
mutateRatio 	0.5
mutateRateSmall 	0.1
mutateRateLarge 	0.8
wepMax 	1.0
wepMin 	0.2
expAccuracy 	6.0
minTravel 	0.0
maxTravel 	2.0
neuralNetworkClass 	class coursework.ExampleEvolutionaryAlgorithm
Training Set Training
Fitness 0.1159540420784005