-0.26850520905076897,-4.605742740010543,4.42808623343168,-2.1275494471953778,-2.5315000192832326,-3.3853712316659283,2.0506075249135183,-9.075436411979855,2.4452421442456074,-3.6905943385924203,5.605216697739726,-12.444388848242879,8.204717578161615,-4.275018945547249,-14.051392363742195,2.873165122614937,-9.201960863193586,-6.421911486808338,-12.187509875942592,-7.520469548124114,1.651807266101021,-4.267486706912719,-0.9056578253218677,1.4696507108475056,0.19555436533981474,-3.5232336198337872,0.5579365604078154,0.623204604377284,-0.2824705295959974,4.428364774134189,10.277823730486354,2.430954779365367,-3.326842312559637,-3.2536043087099347,13.409542172891754,-3.184546876098025,3.5450763507588063,-4.758521906345516,-9.484524252110173,4.055887334506821,-1.2714683520354266,-8.40373801013798,-0.9439781179679837,-6.684759846935249,-1.4300150806692398,5.853151282016247,5.600101374704682,1.1617849008388224
numHidden 	5
numGenes 	48
seed 	1586544113911
random 	java.util.Random@76fb509a
popSize 	20
maxEvaluations 	20000
minGene 	-3.0
maxGene 	3.0
tournamentSize 	5
crossoverPoints 	1
mutateRate 	0.4
mutateChange 	1.0
mutateRatio 	0.5
mutateRateSmall 	0.3
mutateRateLarge 	0.7
wepMax 	1.0
wepMin 	0.0
expAccuracy 	6.0
minTravel 	3.0
maxTravel 	20.0
neuralNetworkClass 	class coursework.MultiVerseOptimisation
Training Set Training
Fitness 0.006870068278650846