1.3183427315136302,1.5597840242723051,1.4188768471883362,-0.20547342360081217,-5.134613901075667,11.574973606907816,-1.0629193778966022,2.3628319829562403,6.047953905115492,8.597924129282715,0.04721372554967425,1.617799493926672,4.334143630853378,-7.012581509615803,-2.8939784164198454,6.737200193475416,1.3000306764523217,-1.5856410498801938,5.648620506835799,-4.6344243676210555,1.0041029550904357,-6.1326060045616,0.8615840875321852,2.7769362148731687,0.7569818566493721,-0.39053079731877055,-0.8026496811520817,0.09154490592109046,13.138541278223746,-3.5466845683414903,14.174412296314928,-7.433415871491519,7.223282071746906,-1.8394439767810542,-1.271213323724942,-1.1236598609310788,-0.7435348060261023,-7.795434098884956,-4.65353174329722,-5.112577171974581,2.1646202236234475,-0.9428823387787989,-1.7047093976310541,3.358253865599732,2.363781399069331,-1.091077228839642,0.7587483964219406,2.4880285951966776
numHidden 	5
numGenes 	48
seed 	1586544113911
random 	java.util.Random@76fb509a
popSize 	20
maxEvaluations 	20000
minGene 	-3.0
maxGene 	3.0
tournamentSize 	5
crossoverPoints 	1
mutateRate 	0.4
mutateChange 	1.0
mutateRatio 	0.5
mutateRateSmall 	0.3
mutateRateLarge 	0.7
wepMax 	1.0
wepMin 	0.0
expAccuracy 	6.0
minTravel 	3.0
maxTravel 	20.0
neuralNetworkClass 	class coursework.MultiVerseOptimisation
Training Set Training
Fitness 0.01697455153520978