3.4630933739486323,8.792618770640479,10.352534468204022,-2.548462024619766,5.84210777232352,-12.280292121048696,3.308603175812103,-0.6012730295821767,-4.924610734368032,2.7913815109160094,1.7987588975525624,-15.11163399734462,11.933041427435882,3.4670349215802156,-3.4211842596667683,-11.423975698611416,8.668372830980053,12.018923989017077,-7.003231398530136,-6.515649185665853,-1.5149734882375867,-1.8232943617098907,4.646991977430238,-0.19957912526682386,2.7871551428668804,-0.2698535230538817,-0.6433808789514872,0.10862462109291049,2.3499600624643984,-3.3773159630916765,15.93558813266682,1.9563398038028248,-11.857698659628738,2.945646995225217,-3.071825398507913,2.6184622128454365,13.389253971414941,-15.077195177272387,2.583835455871295,-0.3705728892834032,0.2979722668740107,-8.816981703824885,2.4090273008370464,-1.437566426811704,-1.4919679695036547,8.845181702691827,0.8499994032224322,0.20564152281999776
numHidden 	5
numGenes 	48
seed 	1586544113911
random 	java.util.Random@76fb509a
popSize 	20
maxEvaluations 	20000
minGene 	-3.0
maxGene 	3.0
tournamentSize 	5
crossoverPoints 	1
mutateRate 	0.4
mutateChange 	1.0
mutateRatio 	0.5
mutateRateSmall 	0.3
mutateRateLarge 	0.7
wepMax 	1.0
wepMin 	0.0
expAccuracy 	6.0
minTravel 	3.0
maxTravel 	20.0
neuralNetworkClass 	class coursework.MultiVerseOptimisation
Training Set Training
Fitness 0.009571301951858317