7.5643188853035515,-3.4838160678562247,-11.223479565681108,0.42749813977641316,-19.588326525979245,-7.245172484137684,0.2329410523557211,4.617587526049994,-5.616917676664218,-2.0571114775178043,2.1834373577008015,6.0421483880700535,-1.7568622901411208,-1.0114179852048848,-17.344779466773755,-23.39017773370705,2.1218787032005135,2.8012142032835854,-15.062447812045733,2.170782730230184,-5.377580202040939,-1.9376256789858985,5.276680392828688,5.408820669084169,2.098689101243412,1.86360142575272,-1.9801876177586002,-0.18277829850535635,0.14053792013097324,-0.6746856863190661,-7.158034729353349,4.9239376903012,-10.09332814846048,3.7664878058459226,2.63355801591816,-2.531910535152528,4.266466073656283,-3.4624648055033806,4.651206420429334,-4.740115344291272,6.628143919315226,-5.10205238865835,-6.675976394922146,23.886997020558393,-0.39906509076382196,6.561279976640642,4.877895804677047,6.195896091613946
numHidden 	5
numGenes 	48
seed 	1586544113911
random 	java.util.Random@76fb509a
popSize 	20
maxEvaluations 	20000
minGene 	-3.0
maxGene 	3.0
tournamentSize 	5
crossoverPoints 	1
mutateRate 	0.4
mutateChange 	1.0
mutateRatio 	0.5
mutateRateSmall 	0.3
mutateRateLarge 	0.7
wepMax 	1.0
wepMin 	0.0
expAccuracy 	6.0
minTravel 	3.0
maxTravel 	20.0
neuralNetworkClass 	class coursework.MultiVerseOptimisation
Training Set Training
Fitness 0.006149396782245238