-10.539236054895783,3.1889151744710036,4.347789623457928,-4.722894197525554,0.9505256775977887,-2.7961983559987234,-3.133303025566721,1.1431861053701544,3.245804567237792,-7.151988154702204,0.8939614478562179,5.044488615776497,5.130181090500941,-8.169178609350698,-6.477321468694248,-2.6008796217720915,20.335043509603114,-1.6463218070666599,2.8512179279178325,-5.772880865105554,2.5875168669045014,10.036894615516644,6.569895353987929,-0.7837035987524774,1.0950319022769193,-2.404575512186142,-0.7619894261420574,3.6891663154466094,0.3285166971416946,0.558935862371973,1.718407434122025,3.1374060898891325,-1.2016869441980012,6.11809529035866,-4.401516610653073,0.2603434750199468,-8.45935844213512,-0.6995711254581577,-0.26554795277181464,-7.208087356513032,12.707439829390568,3.1890742780431878,7.496076300326502,4.4536077793771005,-6.240104708947836,6.55702060953738,-2.9254440211868227,1.1671263925753839
numHidden 	5
numGenes 	48
seed 	1586544113911
random 	java.util.Random@76fb509a
popSize 	20
maxEvaluations 	20000
minGene 	-3.0
maxGene 	3.0
tournamentSize 	5
crossoverPoints 	1
mutateRate 	0.4
mutateChange 	1.0
mutateRatio 	0.5
mutateRateSmall 	0.3
mutateRateLarge 	0.7
wepMax 	1.0
wepMin 	0.0
expAccuracy 	6.0
minTravel 	3.0
maxTravel 	20.0
neuralNetworkClass 	class coursework.MultiVerseOptimisation
Training Set Training
Fitness 0.0075618588419517335