-2.8759798470758886,-2.7667638496691387,-4.710960579414222,-21.305562628348135,5.1072368538663895,4.649241868942233,-6.573677619408353,-4.611881234031826,-5.798218508354587,4.414564991921114,-3.0362200447293013,7.1020231302579235,-2.102452260265511,-14.10966661687509,3.2267754563027866,9.389152103355256,-10.747099536562589,1.525406694862926,1.0991144675288982,-19.706284439705744,2.9785314972622268,-4.274251339747216,12.283192814892905,-1.054481815388666,4.963560285581285,-0.7476928909838831,5.595948891707296,16.49734532265238,0.2368534059528727,-0.8279959684174418,-11.578354447142566,0.7477782335396709,14.755098182617237,-3.876991780903535,-1.1614290171136854,2.187108048331449,-3.515506750785475,-3.6891137363001074,1.2743379366063479,-16.830132546154072,17.771865363842448,-2.262392121700204,0.9750951517707417,1.8328930244764021,-8.359273527238086,2.185301805245536,1.152680348791634,-0.9968911372514806
numHidden 	5
numGenes 	48
seed 	1586544113911
random 	java.util.Random@76fb509a
popSize 	20
maxEvaluations 	20000
minGene 	-3.0
maxGene 	3.0
tournamentSize 	5
crossoverPoints 	1
mutateRate 	0.4
mutateChange 	1.0
mutateRatio 	0.5
mutateRateSmall 	0.3
mutateRateLarge 	0.7
wepMax 	1.0
wepMin 	0.0
expAccuracy 	6.0
minTravel 	3.0
maxTravel 	20.0
neuralNetworkClass 	class coursework.MultiVerseOptimisation
Training Set Training
Fitness 0.00557634401631358