-2.283468399764773,4.819011918915372,-5.832207957737256,-2.959548566596417,-9.081860394679069,-4.241498069347102,-16.293394797618728,10.473996050285963,-3.702047671160368,3.149339178041743,-3.6893647105106306,4.892512794860942,1.8995456431475632,-8.856818863480159,-6.5510716787877215,3.1985268035431313,-11.848573419807401,-0.8851100940668524,-4.252477761381404,-3.530464799567063,4.765609982192648,-1.098267659367958,-2.4743467534912877,6.185370499834572,0.4662961188008517,-4.303261656051826,0.45824462734562466,2.279916144879968,-14.375446772803402,-0.06862779956695997,5.075409177006419,-1.0527270351962505,-5.132746157088883,10.100666858306498,-5.939296267729526,-13.364716937484799,0.9760448672841407,2.530632497761219,-1.0772454697844207,1.5667344122831608,5.703564673386506,4.503385225003729,-13.976358882510649,9.218760686373495,-3.245013028555095,0.7447323340895096,2.191734207671119,2.5990410217454527
numHidden 	5
numGenes 	48
seed 	1586544113911
random 	java.util.Random@76fb509a
popSize 	20
maxEvaluations 	20000
minGene 	-3.0
maxGene 	3.0
tournamentSize 	5
crossoverPoints 	1
mutateRate 	0.4
mutateChange 	1.0
mutateRatio 	0.5
mutateRateSmall 	0.3
mutateRateLarge 	0.7
wepMax 	1.0
wepMin 	0.0
expAccuracy 	6.0
minTravel 	3.0
maxTravel 	20.0
neuralNetworkClass 	class coursework.MultiVerseOptimisation
Training Set Training
Fitness 0.006344595093167439