-9.108166949891043,0.49280914367626794,15.360892344824485,6.690532215765376,-2.5861738998045025,-0.2532744571739008,-6.762976745190671,5.134128473852111,1.8055002192224754,4.716820674467029,-4.905221982333616,6.034104717778768,3.9494375236372528,-1.3349929769328654,-11.446806666288465,26.755241614681427,-3.789655353439854,8.034302164393454,-20.869226556602772,-1.5330759930396238,5.424684716525312,-4.162962792985195,1.6218299333501418,-4.250156932718439,0.12942454126821612,-0.5414133745485449,2.031946657060309,0.20585843303365206,16.48175309732921,3.807390013753577,1.4087104744353534,-1.0936891327234415,10.583607597702281,0.17746931040300723,0.2605371591347091,-3.4606755680268066,7.046169904221855,-9.647181213645531,8.735658039514158,-0.432297651138761,1.224723839013909,2.2367839141568746,-6.8967287909399495,-0.6437553925269642,9.117213254535812,3.983315924340003,1.698225818825267,-8.266130121516516
numHidden 	5
numGenes 	48
seed 	1586544113911
random 	java.util.Random@76fb509a
popSize 	20
maxEvaluations 	20000
minGene 	-3.0
maxGene 	3.0
tournamentSize 	5
crossoverPoints 	1
mutateRate 	0.4
mutateChange 	1.0
mutateRatio 	0.5
mutateRateSmall 	0.3
mutateRateLarge 	0.7
wepMax 	1.0
wepMin 	0.0
expAccuracy 	6.0
minTravel 	3.0
maxTravel 	20.0
neuralNetworkClass 	class coursework.MultiVerseOptimisation
Training Set Training
Fitness 0.009074488661308291