-1.2546157047799178,11.331927805027703,-4.384956846040819,1.191769395458056,2.9602391344626566,5.83990501482521,8.768091293594784,-1.8592762641746536,-6.534025225294289,6.129642938042245,3.8472058963075018,14.080489086345805,-9.013771693767229,-0.2120105882844437,-0.9235395470345019,4.624184776646388,1.5422894265936022,11.131956965451668,-2.410557090123393,13.07432280113881,1.9761040050939298,-0.9687058615553235,3.419991362906694,-6.833431278610594,1.4037967421860826,-4.792874873373624,0.05031691520509539,-0.7432353663335687,-9.35375820319818,-0.25034891888887634,11.594999444340242,2.6480105067715147,9.83333478367247,6.860989922416989,-31.283963491413157,-2.166466162398837,-6.13380966617437,-5.0015210440745745,-0.5657826626070913,-6.150425639329832,2.372589788473938,-10.359240815422181,6.237119500451421,3.9919106422481585,16.80601623895513,0.47886881677385873,-2.499648594766226,1.0178527460061377
numHidden 	5
numGenes 	48
seed 	1586544113911
random 	java.util.Random@76fb509a
popSize 	20
maxEvaluations 	20000
minGene 	-3.0
maxGene 	3.0
tournamentSize 	5
crossoverPoints 	1
mutateRate 	0.4
mutateChange 	1.0
mutateRatio 	0.5
mutateRateSmall 	0.3
mutateRateLarge 	0.7
wepMax 	1.0
wepMin 	0.0
expAccuracy 	6.0
minTravel 	3.0
maxTravel 	20.0
neuralNetworkClass 	class coursework.MultiVerseOptimisation
Training Set Training
Fitness 0.007171949328528505