-3.41011402958811,-2.9798427867377475,-2.2853053143496265,10.847445618612,-3.144016285246247,-14.993584869368737,5.410709573163185,-1.2782781134416135,-2.809504202353305,-4.355806349342296,-6.62310826476085,2.455256818291151,-2.417691537994597,0.44100254910752756,-5.511103137373074,-5.212796474059899,-2.8716059853138307,3.299910477084727,-6.804604256609424,7.317612062792047,-0.5062342364945309,-0.7026950108724149,0.6207071978786006,-5.0850306776664205,10.333836595086842,0.6823138755529474,5.750449220769605,0.5101244485142904,12.622737576740745,6.745351965331582,-10.93415927841211,3.2069381540384785,-4.007406945781118,2.979276349986556,2.9484813856043317,-1.7384583093904686,-9.84632251843172,1.5545804488656887,2.1384013924626775,0.33919382172288304,-1.2175865831736319,2.46491482369289,0.5310469034002266,-1.2465559633942376,2.642514694107354,2.8301614427920807,-2.143437078078284,-3.3967020684395837
numHidden 	5
numGenes 	48
seed 	1586544113911
random 	java.util.Random@76fb509a
popSize 	20
maxEvaluations 	20000
minGene 	-3.0
maxGene 	3.0
tournamentSize 	5
crossoverPoints 	1
mutateRate 	0.4
mutateChange 	1.0
mutateRatio 	0.5
mutateRateSmall 	0.3
mutateRateLarge 	0.7
wepMax 	1.0
wepMin 	0.0
expAccuracy 	6.0
minTravel 	3.0
maxTravel 	20.0
neuralNetworkClass 	class coursework.MultiVerseOptimisation
Training Set Training
Fitness 0.008016999293755324