-4.747782764000075,3.738394161273773,-10.91549489424519,5.7971133551288805,-2.219810732746659,-5.140386090163477,-1.5370117660030138,3.668874610583715,-6.024137484347486,7.321874299664653,1.5377078515353748,2.3476704974478992,-3.5602778539920115,2.8390062083257948,-0.04237915093441411,3.78698649440556,-0.8487203394514908,-7.6909195427663715,-7.460358156353813,6.396575622551149,-5.885226384270815,3.2232221890743373,-3.1614797253638125,-0.9371795047327145,-1.4030316595684427,-3.6521623648229804,0.90727918568678,0.2572180708130391,-0.12333525279908492,0.2037612221283588,-0.13731858567079683,6.960090003846095,-7.497469663824602,-2.7836854520068406,-7.5489956541637095,-1.2050478258677808,-17.115187729323743,5.812646954292818,-5.393701836406132,-5.689877331049787,-8.938059436675136,-4.657944712346254,-7.697087066988145,-2.9231407511124754,3.072712596301937,-5.0661288248705585,10.533618323752583,-8.177194676332316
numHidden 	5
numGenes 	48
seed 	1586544113911
random 	java.util.Random@76fb509a
popSize 	20
maxEvaluations 	20000
minGene 	-3.0
maxGene 	3.0
tournamentSize 	5
crossoverPoints 	1
mutateRate 	0.4
mutateChange 	1.0
mutateRatio 	0.5
mutateRateSmall 	0.3
mutateRateLarge 	0.7
wepMax 	1.0
wepMin 	0.0
expAccuracy 	6.0
minTravel 	3.0
maxTravel 	20.0
neuralNetworkClass 	class coursework.MultiVerseOptimisation
Training Set Training
Fitness 0.008325992103407547