-6.383013490329602,15.35674294629598,-0.02831676533841134,1.168063588973886,0.31944839645193596,1.9140848079116928,-4.886817663685772,-3.1845560068030645,3.9853841379965074,-10.851321523959674,-10.248384036574542,3.284951094194822,1.2317371621447437,-2.722636951902831,5.851338927917203,-1.0176293116429367,1.7515234237119475,-2.2321605503963466,-1.941550388425013,-9.871604969194957,-0.23770210857395968,2.427105150345556,-6.882765116123087,0.20490882505099411,-1.111056100141556,-0.08641490536513588,-2.994033995250156,-2.020172429175593,7.299207495237293,-0.8732285915606467,-8.283915274377875,7.314837164394151,0.6911370308348181,5.85325692022747,-3.1562647884934925,-2.9097928792533962,-3.9378948774888403,1.9210691849414436,6.499122460736736,-1.9427054323872353,-3.2985319912201154,-0.0676963240325672,1.2421038914864606,1.6866604719363731,-7.076610496618559,3.256130235095887,3.2313754871836724,-2.3295748076369485
numHidden 	5
numGenes 	48
seed 	1586544113911
random 	java.util.Random@76fb509a
popSize 	20
maxEvaluations 	20000
minGene 	-3.0
maxGene 	3.0
tournamentSize 	5
crossoverPoints 	1
mutateRate 	0.4
mutateChange 	1.0
mutateRatio 	0.5
mutateRateSmall 	0.3
mutateRateLarge 	0.7
wepMax 	1.0
wepMin 	0.0
expAccuracy 	6.0
minTravel 	3.0
maxTravel 	20.0
neuralNetworkClass 	class coursework.MultiVerseOptimisation
Training Set Training
Fitness 0.0073591345203182805