1.5050517195909063,3.938171083722077,2.972841579118512,1.699773052575173,2.1341161092363716,-14.254663958000506,0.09831755238700723,0.13796397863579235,-2.7059596065634155,2.410847348591273,0.3044032583097315,0.5687280638483178,4.50783473249091,8.488556995587698,0.7604884791604045,-5.308962679238585,7.09578296065094,-0.9297419123692808,-7.4286239701128265,7.440397897907853,8.781877417465331,-3.43291563798218,-4.371259800232868,6.167479552321416,-2.5856818360625056,2.362625256230101,-7.237070717326917,0.4338353152594647,-0.6927016056342715,2.368452054014143,3.3797132788387674,-1.4425653330790253,-11.983983602658292,2.6596552814115375,-3.819932688034353,-5.45581607717212,1.4933165727684052,-8.241158845563652,3.122533276040158,8.327768629349666,-3.277784743197383,-7.051522283578915,0.7608074691779885,-0.5695499071602609,4.925747761639845,3.200000771729365,-6.262438363663172,-0.44832589556092317
numHidden 	5
numGenes 	48
minGene 	-3.0
maxGene 	3.0
tournamentSize 	5
crossoverPoints 	-1
popSize 	50
maxEvaluations 	20000
mutateRate 	0.5
mutateChange 	0.9
seed 	1583955033490
random 	java.util.Random@76fb509a
neuralNetworkClass 	class coursework.ExampleEvolutionaryAlgorithm
Training Set Training
Fitness 0.04488619328396039