-2.2451894964645325,7.37149608468557,-6.165498082326947,-9.995154843309194,3.087009490535181,10.625437962281548,-8.417314202002132,-8.172613787405309,-5.204633030885548,1.10788131641413,-0.8757397944817765,-2.183196707970167,-2.968208402636918,-5.021130603401702,3.444537086294529,3.6528841320254446,8.146973584717333,5.885315552790851,-3.9585492842347363,0.9383096669349648,-4.12903083806172,7.847576981765549,5.567074832255939,-0.31604281582103233,2.8844062269209174,-0.1274897088150001,2.9290507365858254,0.01143194817997828,-0.10558228171462714,-12.628232095399957,-8.349815522035156,-5.761071797158993,9.151327238663152,2.493368683958226,-1.6338624519139713,1.6127482814865997,-12.687087599608342,8.649446085392102,-0.5343617891794129,-9.267585231262107,0.5563079486063954,0.4345993427109718,0.3578805677544511,-1.76544376972218,1.1195498467270069,-6.048618263120078,0.010210452251573576,-0.650194226216106
numHidden 	5
numGenes 	48
minGene 	-3.0
maxGene 	3.0
tournamentSize 	5
crossoverPoints 	-1
popSize 	50
maxEvaluations 	20000
mutateRate 	0.5
mutateChange 	0.9
seed 	1583955033490
random 	java.util.Random@76fb509a
neuralNetworkClass 	class coursework.ExampleEvolutionaryAlgorithm
Training Set Training
Fitness 0.016103369742389583