3.609538675813076,5.7129567099194185,1.8731894365946773,-4.6470469101759555,-1.0539237809462723,5.746571556238729,5.493974310082523,-3.937003233176895,-3.5136451055673295,-3.877130146052742,2.625934447800641,-3.1131238059370525,2.052400346473714,-7.087074837330319,5.1715788248488455,1.3761510218428357,-2.213499871190809,-8.57864164336759,-4.395988657088827,2.29245232634074,-0.6219312379596226,-7.502199625573453,-0.7517112595055464,-0.986469134326679,-0.5747882038625577,0.5234439996179769,-1.0746994635832117,0.14877995129041766,0.4729963050528124,-3.4391770749867647,-2.716038328787293,-7.040121496343625,-0.39193649676460773,0.6414821810887593,-0.9678541694043891,-1.4953369980573403,-1.520613174802555,-3.9547635196596835,-7.9248152423332545,-7.932918006353949,1.1386192550665988,2.010453696846078,-2.3466279248679247,-0.7158293695291491,-2.9634329260598578,2.643664867132088,0.8644977687519638,-4.900886513073068
numHidden 	5
numGenes 	48
minGene 	-3.0
maxGene 	3.0
tournamentSize 	5
crossoverPoints 	-1
popSize 	50
maxEvaluations 	20000
mutateRate 	0.5
mutateChange 	0.9
seed 	1583955033490
random 	java.util.Random@76fb509a
neuralNetworkClass 	class coursework.ExampleEvolutionaryAlgorithm
Training Set Training
Fitness 0.009695044665019413