-1.1423003367955664,-0.40128310609480894,0.789157891556336,3.6861828103961165,-1.2621622720956982,7.484726385848472,2.9978732212047334,3.0632636372609277,1.8969295837463922,2.818505837002804,-2.771191473696857,-2.4621243465028693,2.9433259005160566,1.204851208608965,-5.109937627368032,-3.9438925951146517,3.521801783473196,1.446386676685425,2.080660689191247,6.128861256630814,4.759844115303567,-0.40167930487948816,-0.22661391591473504,3.2087272614606976,-4.02149431938291,0.5612915591274171,-0.7353801339323426,-0.9674930486810204,-2.085415308750832,0.7840869564490482,-1.7446436332482091,-0.6216163543728915,0.025231049910069605,-2.919068876959597,3.5564458080278727,7.32493724423377,1.0261279732625592,0.7641941061958238,4.91832247969176,-2.480735302627837,-3.2518721975040576,5.250701984092848,-4.786597720922586,-3.0610122647695683,5.172983595167339,1.3795291254891113,0.5453448062940338,8.611183594229063
numHidden 	5
numGenes 	48
seed 	1586469174029
random 	java.util.Random@76fb509a
popSize 	20
maxEvaluations 	20000
minGene 	-3.0
maxGene 	3.0
tournamentSize 	5
crossoverPoints 	1
mutateRate 	0.4
mutateChange 	1.0
mutateRatio 	0.5
mutateRateSmall 	0.3
mutateRateLarge 	0.7
wepMax 	1.0
wepMin 	0.6
expAccuracy 	6.0
minTravel 	0.0
maxTravel 	3.0
neuralNetworkClass 	class coursework.MultiVerseOptimisation
Training Set Training
Fitness 0.015065641608923755