-5.529016261312572,-7.725569192450812,-1.5356173865039793,2.8629618295358457,-4.864407948803231,0.404606509996247,-2.8724801101239663,6.253165432480233,-1.977530737767679,-1.3723440588600297,-5.692152297830645,-1.0273044745943538,-2.229626044380423,3.6297935962852117,1.1656456811624913,-4.737996187333331,-3.2118424660406037,1.1895593971033083,6.859119850245159,-3.204865750481416,-3.3386539667105946,-1.1197739222277359,-4.674062066870367,5.224685378960538,-6.28656917319705,0.8216749020071911,-3.0678138792659997,0.24597476554615078,-0.8461781602647518,3.3845307076341395,-8.317226891627895,3.3875263016786246,1.2646833805417452,2.4342188002926,1.251287871135718,-4.386639521561184,-1.1816082467372437,-5.93547809078961,2.9366637947653986,1.6212841819040165,-2.3002327778520786,1.8624148449243614,-1.4216005946765264,0.7319651383842039,-0.3946488254815104,9.152454139210688,-1.4502616436930045,-4.249884753867737
numHidden 	5
numGenes 	48
seed 	1586469174029
random 	java.util.Random@76fb509a
popSize 	20
maxEvaluations 	20000
minGene 	-3.0
maxGene 	3.0
tournamentSize 	5
crossoverPoints 	1
mutateRate 	0.4
mutateChange 	1.0
mutateRatio 	0.5
mutateRateSmall 	0.3
mutateRateLarge 	0.7
wepMax 	1.0
wepMin 	0.6
expAccuracy 	6.0
minTravel 	0.0
maxTravel 	3.0
neuralNetworkClass 	class coursework.MultiVerseOptimisation
Training Set Training
Fitness 0.009081332860851204