0.3040021588933422,-6.2360981151067865,1.789578427666805,-0.6656752056064426,-0.6518856307939166,-6.81306537889046,3.122347665408264,10.211435314493214,-0.4470064516578946,2.0025298377616316,2.35486186194259,-1.400656913431438,0.33843042191411693,-3.4377947179780497,-0.9467600977148666,-0.7447084728851966,4.077462576484968,4.502484654845287,-0.8185459144608439,-0.9509289565769121,0.452255090785983,-2.3876705296664724,-9.398168823301186,0.1292524519653765,-2.145809215215273,-6.64747514853013,4.825926203407375,0.4116429782883513,3.0095738951770015,3.7835034748348146,-2.937699116047669,1.9384729068820472,0.19203622906070722,4.4957834002831705,3.7306489098715594,-2.5059099366551965,2.1137986951581453,2.7527610227923875,4.287055831945842,7.115475705318367,-2.286431574794392,-3.332942849295693,-0.6775491725227876,2.862757862951627,-1.5578923328032945,1.9796724003139845,2.64080946778435,4.161113921747291
numHidden 	5
numGenes 	48
seed 	1586469174029
random 	java.util.Random@76fb509a
popSize 	20
maxEvaluations 	20000
minGene 	-3.0
maxGene 	3.0
tournamentSize 	5
crossoverPoints 	1
mutateRate 	0.4
mutateChange 	1.0
mutateRatio 	0.5
mutateRateSmall 	0.3
mutateRateLarge 	0.7
wepMax 	1.0
wepMin 	0.6
expAccuracy 	6.0
minTravel 	0.0
maxTravel 	3.0
neuralNetworkClass 	class coursework.MultiVerseOptimisation
Training Set Training
Fitness 0.10467195709540104