3.9380952763477355,-5.840423672919031,-8.354666293782866,-3.587041319700215,-1.3473255148153893,4.762916994750439,1.4311425476721438,-0.12360278200985625,-2.0909554993007347,-3.548061208996,1.4610441946278272,0.5862738323629867,-2.133843249455541,5.4487606647584625,-1.7326415159392667,-0.1357867053357845,8.335426932719193,0.35302541945921534,1.4548971213711586,-8.793455076002674,-4.066616873029362,2.398329255043723,-0.5278393685683443,-2.282709065269526,-0.5266032676225796,2.3375280612701586,-2.6394117675496225,0.9421829972398114,4.006437185718819,-0.19859400122934373,0.6520180154384576,-5.835097352758654,4.688388085529044,-1.954334512375633,0.168158775434502,-0.8900782711475056,-4.750903756900418,8.243362673013946,2.451981591535295,4.367042531067968,-2.176464855432318,-4.336329927652804,-6.376317752169046,-2.7361225785831964,-3.5288470445918745,-2.611974673204036,2.3169867181410972,-4.2643384877324
numHidden 	5
numGenes 	48
seed 	1586469174029
random 	java.util.Random@76fb509a
popSize 	20
maxEvaluations 	20000
minGene 	-3.0
maxGene 	3.0
tournamentSize 	5
crossoverPoints 	1
mutateRate 	0.4
mutateChange 	1.0
mutateRatio 	0.5
mutateRateSmall 	0.3
mutateRateLarge 	0.7
wepMax 	1.0
wepMin 	0.6
expAccuracy 	6.0
minTravel 	0.0
maxTravel 	3.0
neuralNetworkClass 	class coursework.MultiVerseOptimisation
Training Set Training
Fitness 0.023844547437803378