-5.8066227303330376,-2.7273265014428847,-4.695342788951059,-5.425209399755907,-1.3346780518436687,-4.743738605105435,-1.0609895207712277,-0.7135187644555474,4.9289841659201095,7.1435338013026195,-3.614689051672614,-5.82561451862994,0.8909132012956332,-3.84728265233054,-4.088122451638102,2.5916604044688443,-3.16411373179854,6.916383172059983,3.3560143121414,2.13108081260189,7.705278261830593,1.181355274354032,-4.856953087127991,-0.24212728261820718,-2.6916566177134205,3.2589571852131862,-0.14448459367267652,-5.681970980405364,-1.7513091820968607,-2.6687265650838183,4.477131415642514,-2.7554269921427,-1.6534260766935733,1.828185471077255,4.941957244584494,-6.4082730078210774,-5.8658667979009955,1.913314925243584,-2.082432071491511,-2.3770603237569374,3.779421195459263,1.0156386779354722,0.037398933204011754,-1.2664918144448403,4.1328331228494735,4.232690039386822,5.3740806926586755,2.0646335061187737
numHidden 	5
numGenes 	48
seed 	1586469174029
random 	java.util.Random@76fb509a
popSize 	20
maxEvaluations 	20000
minGene 	-3.0
maxGene 	3.0
tournamentSize 	5
crossoverPoints 	1
mutateRate 	0.4
mutateChange 	1.0
mutateRatio 	0.5
mutateRateSmall 	0.3
mutateRateLarge 	0.7
wepMax 	1.0
wepMin 	0.6
expAccuracy 	6.0
minTravel 	0.0
maxTravel 	3.0
neuralNetworkClass 	class coursework.MultiVerseOptimisation
Training Set Training
Fitness 0.09453679940759155