-2.619010886224522,-4.656027452300197,3.3881791795365785,5.044576951495086,-2.2283169152993456,3.510987498131767,-0.31535646486947616,-0.22784256595613872,6.482895535094383,1.8559031330363813,-3.0901152191290424,-3.915808716396842,3.66882773066589,0.35310373703887643,2.4551409793547627,-4.313572217752098,3.4780711267242053,0.7114342241525736,1.9949871766903966,-0.35978260614286595,-6.610705318870987,4.5251946583042075,-4.67295335729418,-3.5013206135736827,7.987932725736153,1.2396321385613422,-0.4782142524100916,3.359225588744289,1.12265055440084,-0.2176319708573335,-1.1381467854012242,4.745188824695754,2.6309013409312207,0.10685325146306472,6.205072329443329,-1.0544152589620754,3.869035881084808,-2.6921836969431356,5.847505648644916,2.742133936247702,-1.5139561174704401,3.1406151218967295,-2.0589894711253587,-2.9784510931370227,-1.9758992597598914,3.7671398480124387,2.643871405605784,-3.4897433602948276
numHidden 	5
numGenes 	48
seed 	1586469174029
random 	java.util.Random@76fb509a
popSize 	20
maxEvaluations 	20000
minGene 	-3.0
maxGene 	3.0
tournamentSize 	5
crossoverPoints 	1
mutateRate 	0.4
mutateChange 	1.0
mutateRatio 	0.5
mutateRateSmall 	0.3
mutateRateLarge 	0.7
wepMax 	1.0
wepMin 	0.6
expAccuracy 	6.0
minTravel 	0.0
maxTravel 	3.0
neuralNetworkClass 	class coursework.MultiVerseOptimisation
Training Set Training
Fitness 0.054032132382070164