-2.049068710710012,-3.2594317183811823,2.4174027631251658,3.081551393069542,-5.335397888065394,5.286387103720078,0.10556774548924616,8.607862091394924,-1.1608662936294025,-0.609508605943315,11.219988408415508,-4.0569702382456265,1.1669420435964353,-3.288433167542605,-3.265440544514434,3.4464846272717975,6.298704650483652,5.890351717393527,-4.174399497110082,-6.015719831108403,-0.38866295018100183,-2.0576193096555806,-6.107912930028287,-1.029951200685029,6.1089934753094415,-2.378609530247529,1.299903160723179,0.1657473720124657,4.328254457373905,-1.140453431110224,7.963185872734421,-2.2643911361235736,0.7317370171409382,-6.765778983551956,0.6356119298722938,2.6581701104916915,-3.5990036619801327,-1.5641794780974865,4.617306575297608,3.464939920822761,-2.8727629952121605,3.7215189563360895,-4.041900804419182,4.318399690325142,-1.5749528972753852,8.1328144195699,3.402379064849006,-1.6857632114010912
numHidden 	5
numGenes 	48
seed 	1586469174029
random 	java.util.Random@76fb509a
popSize 	20
maxEvaluations 	20000
minGene 	-3.0
maxGene 	3.0
tournamentSize 	5
crossoverPoints 	1
mutateRate 	0.4
mutateChange 	1.0
mutateRatio 	0.5
mutateRateSmall 	0.3
mutateRateLarge 	0.7
wepMax 	1.0
wepMin 	0.6
expAccuracy 	6.0
minTravel 	0.0
maxTravel 	3.0
neuralNetworkClass 	class coursework.MultiVerseOptimisation
Training Set Training
Fitness 0.06095945519038764