2.9826494003818755,-5.379729977461789,-2.119049073545717,3.3792703610399384,-2.252731170626114,-2.743910025410371,-1.0779002640390505,-7.201515625781737,5.306151060219827,-0.5103157641368836,3.811683582320243,-0.9530680682597535,0.1256760045295352,2.6168247219639467,-2.993125542801921,0.12683119045118812,0.6278746652729612,-7.088815517030909,-7.561409220829978,-4.035359998150803,0.9143971365649173,-3.464178905909814,-0.7068142070133696,-2.3340062817326386,6.459658098090698,1.1619236637246781,3.405180906885714,1.1176281401941548,-4.667428196581156,6.023691753806975,-2.523669593374936,-9.694955352601976,-0.6416087029973804,-5.211222968888781,0.42424012391047083,6.268412924123347,-6.808082710711909,5.959019533985904,-5.3304038101058335,6.638209796849945,-0.42230874444429073,0.41500106038691775,-1.9697346798979245,-2.361621345629998,3.2973750618365516,6.001293211812426,5.07600805920409,-4.749117678704299
numHidden 	5
numGenes 	48
seed 	1586469174029
random 	java.util.Random@76fb509a
popSize 	20
maxEvaluations 	20000
minGene 	-3.0
maxGene 	3.0
tournamentSize 	5
crossoverPoints 	1
mutateRate 	0.4
mutateChange 	1.0
mutateRatio 	0.5
mutateRateSmall 	0.3
mutateRateLarge 	0.7
wepMax 	1.0
wepMin 	0.6
expAccuracy 	6.0
minTravel 	0.0
maxTravel 	3.0
neuralNetworkClass 	class coursework.MultiVerseOptimisation
Training Set Training
Fitness 0.009587312028629615