-1.4314082367302685,3.194403775118498,-1.7891201715221412,1.062416040934723,-2.9011867164364413,-0.43040560120344074,2.7464311658448723,-2.230684753250799,1.03540133530256,6.682481969958009,1.3852861932964529,0.04236379455302093,-7.163829335546018,1.5086406976450715,-6.830920845110656,-0.0837230630707322,7.712358753452276,-5.890631488574427,-5.508676547481884,3.970099050739846,6.067390101447083,2.1704604080003658,1.3737763656023527,-2.7703353795103913,-2.5387152441215894,-3.9779564294820764,-0.16855712041275073,1.264230932456056,-1.90971715451114,-0.4262973645473231,2.809664139071207,5.798595086729763,-3.5101679334779474,3.0007863017186494,-2.198142266509656,2.406835684622433,0.31421760865141546,2.4281146262020967,-4.069161958379969,1.3035953038412442,0.5092853270205302,3.526251289787061,-3.742947509983855,4.9905682812467065,5.629134229853167,1.8896316572212286,5.584487252186056,5.154945520694427
numHidden 	5
numGenes 	48
seed 	1586469174029
random 	java.util.Random@76fb509a
popSize 	20
maxEvaluations 	20000
minGene 	-3.0
maxGene 	3.0
tournamentSize 	5
crossoverPoints 	1
mutateRate 	0.4
mutateChange 	1.0
mutateRatio 	0.5
mutateRateSmall 	0.3
mutateRateLarge 	0.7
wepMax 	1.0
wepMin 	0.6
expAccuracy 	6.0
minTravel 	0.0
maxTravel 	3.0
neuralNetworkClass 	class coursework.MultiVerseOptimisation
Training Set Training
Fitness 0.008981179080425564