5.013100535820794,-8.522350353906443,-2.9876741002740705,-0.38387125801520083,4.727717320696884,0.09197585924700147,4.605036283626479,6.342197015112511,4.705994889657056,-1.3818540386771145,0.4756645519841771,-9.34835568242962,-1.3464633745167212,-0.37855908973547026,5.7047620815174565,9.288276718087522,-4.7440113867016205,14.304824535936701,0.9633666203979501,9.189331340126772,-3.0711627784331093,-1.415219782092921,3.8710974376669203,-0.4837625267885053,-0.7073686346675712,1.3774390736143496,0.3515629029656684,-0.7528690538463692,3.8154409620671665,-0.6382927304133248,-2.9373236324379723,1.797822263175167,2.5744499214535237,-10.931223996420082,7.147421377407374,-0.5292931258620626,-5.746438602917253,2.323880397377769,5.744685686553893,0.8543202788130002,-13.81866185956078,2.9841035284486925,-0.9371372157095461,-5.603992548362303,4.92083980414645,-4.873065529499176,6.230039107412596,0.18704613151085736
numHidden 	5
numGenes 	48
minGene 	-3.0
maxGene 	3.0
tournamentSize 	5
crossoverPoints 	2
popSize 	50
maxEvaluations 	20000
mutateRate 	0.3
mutateChange 	1.4
seed 	1584109799822
random 	java.util.Random@76fb509a
wepMax 	1.0
wepMin 	0.2
expAccuracy 	12.0
minTravel 	0.0
maxTravel 	2.0
neuralNetworkClass 	class coursework.ExampleEvolutionaryAlgorithm
Training Set Training
Fitness 0.007259738115952447