7.2229861911669175,-0.46464011416365547,-2.09790314261976,-4.567739251840673,0.9707894607376247,-2.147698362298669,-0.5716046780741574,-6.022412805640211,3.65853008396215,-9.22705034306265,4.294806105462492,-2.4569501889659313,-6.379884385387461,-4.2924527161975075,-3.970009109974152,-6.317109681368952,-1.6167146488331998,-6.664195267029833,8.058718840062456,-7.063631144117509,0.19059091013912452,1.8367898696546092,1.0490613265226938,1.4649278243659967,5.1802039789412415,0.9690662584337767,1.6657888036614146,0.5655749700826521,-0.0946470473259669,-3.9211497966954973,5.905820088228498,-2.4071762194944006,-1.1437714485549202,0.0467844200619283,-6.962442263853538,2.224163390806069,-7.59349243953648,6.104705921956004,-5.6315634864842465,-2.157210379576924,2.8143306762912785,5.42177441827875,0.6399081966067741,3.406745407904099,-4.472292486456022,0.2793870409194114,7.4040161366481865,-3.5291393657436125
numHidden 	5
numGenes 	48
minGene 	-3.0
maxGene 	3.0
tournamentSize 	5
crossoverPoints 	3
popSize 	35
maxEvaluations 	20000
mutateRate 	0.5
mutateChange 	0.9
seed 	1584057468164
random 	java.util.Random@76fb509a
wepMax 	1.0
wepMin 	0.2
expAccuracy 	6.0
minTravel 	0.0
maxTravel 	2.0
neuralNetworkClass 	class coursework.ExampleEvolutionaryAlgorithm
Training Set Training
Fitness 0.00539686087644781