-1.1626167180521287,-1.6682935040983526,7.954117070590826,-9.50998769984813,-3.0963192616978823,0.1362828593819786,4.637558985114322,4.958379302097466,-3.7923830729355945,-8.068590538290175,-4.229889695480983,-3.216239014680131,-1.9198858475729077,-0.23653669014727768,-10.358528918468362,-0.24830636185070726,9.358692869904935,-1.447243817234548,0.7418524536011867,-6.026321012263162,0.18733330134054116,1.0696851664705889,-3.9196443764493356,-1.181536707721911,-0.8101417649947822,-2.3909067630273295,0.7561872025486847,-7.650299925082237,-1.687320064158557,-0.809347782438085,1.6697735062833396,-5.495363389827722,4.421609897957634,-2.841601303542238,3.297884744784439,8.878268392141816,0.896024104616885,-0.38212398377081713,-0.9022379712900869,-0.8728750290940496,4.750607843415447,2.575966417574576,-3.310875030528659,9.113203533600663,-1.618316670529952,1.1523779599447541,-1.2343543163790311,-1.7834814828854157
numHidden 	5
numGenes 	48
minGene 	-3.0
maxGene 	3.0
tournamentSize 	5
crossoverPoints 	3
popSize 	35
maxEvaluations 	20000
mutateRate 	0.5
mutateChange 	0.9
seed 	1584057468164
random 	java.util.Random@76fb509a
wepMax 	1.0
wepMin 	0.2
expAccuracy 	6.0
minTravel 	0.0
maxTravel 	2.0
neuralNetworkClass 	class coursework.ExampleEvolutionaryAlgorithm
Training Set Training
Fitness 0.006042799793151158