-3.9236456342950095,-1.3774408425913243,-4.61545975177893,-2.237491715247222,2.5589148740230923,-1.652686846536475,0.7304885919147084,1.7206600140495756,0.2241770969386473,-4.928451342031195,-7.711951918355017,-2.4314153582504647,1.795123193649433,0.8946393269019588,4.078359314807198,-1.8236167721678245,-4.356102480889635,-0.34146957204803036,6.59779557394909,-4.652345618719155,1.9373791596244914,-4.050689218167454,-0.34136427602207187,-4.1292804515819475,0.5382012680948176,-0.13427928959003757,-0.6776746555914284,4.134788029069858,-2.51857673758697,1.6113889450667296,4.613404659090217,6.2524884389134066,-8.82909108367861,0.9263518931845505,-3.033734153402704,1.672226967485647,5.585909459526688,-1.6002957872277066,8.536556958391827,-0.4709477154342426,-0.014373821974052967,4.122106848492901,-0.737576897153512,-2.3373549631068333,-9.250863660317801,7.951860896003842,2.8486740644387267,-2.5669261444471076
numHidden 	5
numGenes 	48
minGene 	-3.0
maxGene 	3.0
tournamentSize 	5
crossoverPoints 	3
popSize 	35
maxEvaluations 	20000
mutateRate 	0.5
mutateChange 	0.9
seed 	1584057468164
random 	java.util.Random@76fb509a
wepMax 	1.0
wepMin 	0.2
expAccuracy 	6.0
minTravel 	0.0
maxTravel 	2.0
neuralNetworkClass 	class coursework.ExampleEvolutionaryAlgorithm
Training Set Training
Fitness 0.09453637820080943