5.960859307583467,0.4483725365037438,-6.647630969852045,2.0311624004509468,1.119420052910911,0.1932361866986548,-1.9407785190531903,-4.538094091585463,8.143641495491906,-7.225997484171496,4.989270980140361,1.3691355621132413,6.316099947080829,-0.7095864762472744,0.8657214827544575,1.8567346776985407,-6.332784371151656,1.0717037092644157,5.724682707994388,-3.74116311214553,-0.26091966948006273,-1.1129588994283004,3.135307620454313,-2.8909069711447812,-2.2348043317061124,0.05784908577090811,1.310605231528642,4.711629013215179,-6.257495262467945,-1.3444411788198425,5.415824459414862,-3.2420792661939704,0.5030833684010042,3.7808876242910867,1.8778738892649862,-4.2105002262217734,-5.9542757057899305,3.139123802379105,5.103029608590626,-2.7567337898506907,-2.94778162623274,3.1575959090329575,4.822610007359769,6.916627617198325,-4.145179214866541,3.891255992020192,-1.191717863373301,-2.3040429904548607
numHidden 	5
numGenes 	48
minGene 	-3.0
maxGene 	3.0
tournamentSize 	5
crossoverPoints 	3
popSize 	50
maxEvaluations 	20000
mutateRate 	0.5
mutateChange 	0.9
seed 	1584058457421
random 	java.util.Random@76fb509a
wepMax 	1.0
wepMin 	0.5
expAccuracy 	6.0
minTravel 	0.0
maxTravel 	2.0
neuralNetworkClass 	class coursework.ExampleEvolutionaryAlgorithm
Training Set Training
Fitness 0.010300384590551617