-5.101661827746478,10.032165593382315,-1.7113707833259266,1.5385954443646148,-1.444255412975655,-3.1327200242137403,2.346369158298553,-3.9607524818222117,0.31469467231962267,-3.597076792396547,-6.922673160991663,4.0790194316131245,-6.551062814737043,-0.8309223344683327,-0.7991261934385748,5.260329993179233,-2.0203716288018203,2.5210216152555542,1.3686116550820775,-6.022173484192037,1.914060917758808,6.278486590761489,-0.9971467240934205,2.5961999202840826,-0.35514911146447903,-0.8318195616585423,-10.76582483724273,4.941321930507789,4.188128280014172,-0.6035996527589016,-4.597463064272387,8.060455389414226,0.7915394843580368,5.02090038803309,2.9977569387752685,-3.404025271400536,-1.6871370101493652,-1.4392057991622087,-5.247351807110824,5.9624962002344235,3.6901726942189432,0.867163394114514,1.7006093388780694,-2.066181444176474,-8.628281116957032,-1.2274399225554613,1.3192881934833893,-3.6325542588681756
numHidden 	5
numGenes 	48
minGene 	-3.0
maxGene 	3.0
tournamentSize 	5
crossoverPoints 	3
popSize 	50
maxEvaluations 	20000
mutateRate 	0.5
mutateChange 	0.9
seed 	1584058457421
random 	java.util.Random@76fb509a
wepMax 	1.0
wepMin 	0.5
expAccuracy 	6.0
minTravel 	0.0
maxTravel 	2.0
neuralNetworkClass 	class coursework.ExampleEvolutionaryAlgorithm
Training Set Training
Fitness 0.007410484997650764