4.327639146547068,3.104544760187109,-2.6600082416417403,-3.436411530182518,-7.947383645975221,-2.013375763478827,-6.3143335097536335,1.5570474556944693,-1.6423701220905356,3.3109536011590746,-2.45567413603615,1.143050552729061,-1.6973171361970505,11.188000141382362,-5.4265790355056085,1.8901309490755827,-1.5491618783254744,0.030563305593059992,3.0240052471624383,-1.448899070153918,-5.983490357539971,5.2365407723969986,-2.5460853578739955,3.8119589012969897,-3.131116159405444,-3.493514225703673,-0.843037688180945,-3.053266167040393,-3.193081639989431,0.19410133912296448,10.041153851112432,7.292057215081386,1.6485874676748358,2.841778844572514,0.16946267732997092,-7.8931095483638085,-4.753134794607272,-3.1433076187101894,3.5217766120278604,0.12834532564278742,1.189959278893747,1.7335185872058414,-8.14946708335452,10.122937773865072,2.9543552703631524,7.456214459110218,5.486315533850281,2.6637991274962785
numHidden 	5
numGenes 	48
minGene 	-3.0
maxGene 	3.0
tournamentSize 	5
crossoverPoints 	3
popSize 	50
maxEvaluations 	20000
mutateRate 	0.5
mutateChange 	0.9
seed 	1584058457421
random 	java.util.Random@76fb509a
wepMax 	1.0
wepMin 	0.5
expAccuracy 	6.0
minTravel 	0.0
maxTravel 	2.0
neuralNetworkClass 	class coursework.ExampleEvolutionaryAlgorithm
Training Set Training
Fitness 0.022011908346711954