-4.186701759274941,-0.7327224181566441,-2.151365674363416,-1.250592389085722,1.3689645673733448,-0.8873469680292949,4.439715172990572,-0.36509238585630444,-2.748104603353646,0.7877346193858008,1.55366702955122,-2.258617658989185,-2.0236347203231237,0.11276447552080882,0.01765533241591921,-0.35655628653347793,-3.160106770965175,-2.0386974835938547,-0.34337592951580964,-3.211451037145896,2.66797559002514,1.5205004597881082,-2.322699018993516,-1.1058392637096344,-0.9267365557058556,-0.37616258590551466,2.033883940165956,0.6275244021952551,1.1858608991492785,1.1208791008482697,-1.5385265249835471,2.8274419378927655,-1.1919478376967831,1.8501615051468363,-0.16338690322799643,2.4698882691843806,-2.594249719312992,-1.5253399139161399,1.3270356389283626,-2.3791599838054553,-2.8754349874387795,-2.684835976558073,2.3085819929918587,0.48698251254159697,-2.807262390342932,-2.1649537365055154,-0.12366010380978132,0.9558069327747418
numHidden 	5
numGenes 	48
seed 	1585575246321
random 	java.util.Random@76fb509a
popSize 	80
maxEvaluations 	20000
minGene 	-3.0
maxGene 	3.0
tournamentSize 	5
crossoverPoints 	1
mutateRate 	0.05
mutateChange 	0.5
mutateRatio 	0.5
mutateRateSmall 	0.1
mutateRateLarge 	0.8
wepMax 	1.0
wepMin 	0.2
expAccuracy 	6.0
minTravel 	0.0
maxTravel 	2.0
neuralNetworkClass 	class coursework.ExampleEvolutionaryAlgorithm
Training Set Training
Fitness 0.04501705118048809