0.5356224054585188,-1.085454246638892,-2.1680921975061267,0.876407953971845,-0.6367950618604368,1.7687730513841835,2.813169398372473,4.420349991092681,-1.8492117739837823,-2.9458666430447322,3.2284394625607318,-2.4265522440000007,1.5788629639053902,-0.24317200597763033,0.07219151179235883,2.830241367590773,2.9998899359063707,-0.9428555661412217,0.09087832889601799,2.431750001382536,-0.009528908786564205,-1.5081031528424598,2.8795675304859447,-1.0509377900244599,-3.351774942777797,-1.248857448908572,-0.3787577626284073,-2.203969164541041,-1.7582975757838022,1.8283506444517954,-3.454001908060678,-1.0371765311739751,3.054101189844242,0.1474979520504318,-2.301201314494689,3.2849002577686752,-2.5685359020718472,-0.3676379940459369,0.1449163739577406,0.25257989717156315,-0.2955348058097256,-2.5107470118409974,-1.5258835611938508,-1.310484520900955,0.2526787064103915,2.9379848554145447,2.182469470141953,-0.10549728198319475
numHidden 	5
numGenes 	48
seed 	1585575246321
random 	java.util.Random@76fb509a
popSize 	80
maxEvaluations 	20000
minGene 	-3.0
maxGene 	3.0
tournamentSize 	5
crossoverPoints 	1
mutateRate 	0.05
mutateChange 	0.5
mutateRatio 	0.5
mutateRateSmall 	0.1
mutateRateLarge 	0.8
wepMax 	1.0
wepMin 	0.2
expAccuracy 	6.0
minTravel 	0.0
maxTravel 	2.0
neuralNetworkClass 	class coursework.ExampleEvolutionaryAlgorithm
Training Set Training
Fitness 0.12625180851086035