-2.841829349156714,1.5575701303813236,-1.285746375038808,-1.4084207388798784,4.022746754237332,1.5618269632391382,3.586713120064358,3.982141329430312,1.4161472987110475,-0.619152526248802,-3.1066668869540814,0.4894549937246784,2.037768223653737,-0.3209858306229343,-0.5092588723953839,0.29322434376359974,3.882931470171359,-0.1676099766378356,3.760820959156673,1.1206583961170509,-0.2840938416795895,-1.4911085828380266,0.542005524508312,-0.9935203588600121,2.5869120834790014,0.40785506037536967,-1.4635551173067827,0.827074208059885,1.2712006078589013,1.0356203020659205,1.3623482959222555,3.4172332424148175,2.0097776499725475,3.355614130866802,-1.8453582357258118,2.9464978546514233,3.0934531101348917,-1.0911765636716715,-0.24925576439230746,0.6382981011169155,-2.0059817069265646,2.5220282375307077,2.254126674841503,-0.7196875970712919,1.0959506796675909,2.930146550818736,-0.2883224359395795,-1.4727945921651067
numHidden 	5
numGenes 	48
seed 	1585575246321
random 	java.util.Random@76fb509a
popSize 	80
maxEvaluations 	20000
minGene 	-3.0
maxGene 	3.0
tournamentSize 	5
crossoverPoints 	1
mutateRate 	0.05
mutateChange 	0.5
mutateRatio 	0.5
mutateRateSmall 	0.1
mutateRateLarge 	0.8
wepMax 	1.0
wepMin 	0.2
expAccuracy 	6.0
minTravel 	0.0
maxTravel 	2.0
neuralNetworkClass 	class coursework.ExampleEvolutionaryAlgorithm
Training Set Training
Fitness 0.10006269064745325