-1.704466877154922,-1.971467471070011,0.1269302629603204,3.2653191039177223,-2.0247346752395377,3.3142624618116896,-0.17185462425625797,-0.6744033460511794,-1.163909918236113,-0.22371698877420343,0.8797333407104047,2.7989381866342455,-0.1152957592607664,2.3773053625272658,-0.9357917973379717,-0.4784881936609082,-1.0762057080065857,-1.5218038905946827,-2.259383112383383,-1.523903431844102,-2.109591791869283,0.7543391316075967,-0.07633241679617608,-0.862696924114466,-1.7247280190028789,0.3115679564776759,4.37912881725119,-0.07529704274298776,-2.264107638957248,3.230905061569045,0.4496461432951153,0.9168430507948253,0.5732980444683733,-2.791630852808514,1.0313471771242018,2.7346406889807415,0.1018990054216653,-0.6460011872553346,-3.9569583058398186,-1.2372049501195468,0.8384267746902685,1.8450987508904024,2.9533612963996028,1.102467909543683,-2.480092358188309,1.9470769169438498,-0.06488298744954513,0.5605908835553741
numHidden 	5
numGenes 	48
seed 	1585575246321
random 	java.util.Random@76fb509a
popSize 	80
maxEvaluations 	20000
minGene 	-3.0
maxGene 	3.0
tournamentSize 	5
crossoverPoints 	1
mutateRate 	0.05
mutateChange 	0.5
mutateRatio 	0.5
mutateRateSmall 	0.1
mutateRateLarge 	0.8
wepMax 	1.0
wepMin 	0.2
expAccuracy 	6.0
minTravel 	0.0
maxTravel 	2.0
neuralNetworkClass 	class coursework.ExampleEvolutionaryAlgorithm
Training Set Training
Fitness 0.11690748230156613