1.2117364024714732,-3.5366480036504764,-1.9764625869032133,2.059274525212026,0.305583042715333,-0.293587966188368,-0.808828794398071,-2.564708212499112,-1.9276385941020946,-0.8155833279045561,-1.9527577248889127,-0.11943746058933069,-0.6942542939563117,2.060879225462541,-2.2629856256073824,-0.7567864465612884,0.8585771272005855,-2.269385402891979,0.15659711061978054,-0.9486111800439261,0.07061609901576382,-0.2861427118274571,-0.6521803827964927,0.5080977797635757,1.3155400580565626,-2.0543583364662483,1.0067557988209153,0.4523878958821945,0.12053892561985435,-0.27781702782692275,1.0194983385001701,1.14074655880151,-0.9892257248428615,-1.3127207576796984,1.4629218691605264,0.2923095833986782,-1.8866186738831945,2.4211631342107314,-2.5304355802712615,1.957785775997329,0.9676880257173712,-2.20279575736814,-0.037098396371607834,1.7486907306868105,-1.5375434132670005,2.015608801580333,-0.6285064140347014,-0.33639958734517084
numHidden 	5
numGenes 	48
seed 	1585575246321
random 	java.util.Random@76fb509a
popSize 	80
maxEvaluations 	20000
minGene 	-3.0
maxGene 	3.0
tournamentSize 	5
crossoverPoints 	1
mutateRate 	0.05
mutateChange 	0.5
mutateRatio 	0.5
mutateRateSmall 	0.1
mutateRateLarge 	0.8
wepMax 	1.0
wepMin 	0.2
expAccuracy 	6.0
minTravel 	0.0
maxTravel 	2.0
neuralNetworkClass 	class coursework.ExampleEvolutionaryAlgorithm
Training Set Training
Fitness 0.00948604746271168