-0.5465083858831292,0.9298893294424957,-6.582713728768595,-4.5020383288893155,-0.7201244621048937,1.885670947831752,-0.44016582002794813,-0.654123128359974,-2.3488031274526215,-3.497350223839923,0.012181723521648813,-3.279697722064795,1.9895026121912824,-3.3753334614536774,0.4233570830854507,1.4358004362341212,-1.7503343293410742,-3.304392064890825,0.34097859438625466,-2.8688560054569177,-1.122553726399122,-0.13570619957529306,2.1779750246237093,-1.86654161271839,1.0908644993942835,-2.4028659688690563,0.19194209383523786,-3.3233771841859276,1.3312581950303022,1.3804881448290365,-5.407676175793046,0.6113749478412798,-2.185381976011496,-0.3451901433575948,4.158431511533225,-0.9483005859292053,1.2824984636415344,2.6172955209230686,-0.07543799911933036,0.8390320279351546,2.231984326521216,0.20718698419956194,-0.36350154752077124,1.2429206572675717,-2.1993229961230787,3.7187348404833536,3.423914566543125,-0.9586095859228241
numHidden 	5
numGenes 	48
seed 	1585575246321
random 	java.util.Random@76fb509a
popSize 	80
maxEvaluations 	20000
minGene 	-3.0
maxGene 	3.0
tournamentSize 	5
crossoverPoints 	1
mutateRate 	0.05
mutateChange 	0.5
mutateRatio 	0.5
mutateRateSmall 	0.1
mutateRateLarge 	0.8
wepMax 	1.0
wepMin 	0.2
expAccuracy 	6.0
minTravel 	0.0
maxTravel 	2.0
neuralNetworkClass 	class coursework.ExampleEvolutionaryAlgorithm
Training Set Training
Fitness 0.09839175541613338