-0.25839240424145515,4.027334162782864,-3.145158559465802,-0.4816470690004453,2.961789863730707,0.44845128816566326,-3.218745224050741,0.14580963073333475,2.0301807472386235,-0.5378686675052855,1.9561428720637828,2.154164682133736,-2.7848209909380213,0.3877188241185612,-0.7897435008546934,-1.8773624395581274,2.017257557361053,-0.1823170438139572,3.12200379572561,-1.8886977800422635,4.136350379397863,-0.06096379379513084,0.5199867858463958,-2.517159270248361,1.0714194357557094,0.5946951753567609,-2.665877844704644,-1.0407104732650445,1.4580986823118556,-1.7625730952337089,0.48134181623481354,-0.9479885442579858,-0.08702884752049567,-0.24436857412133417,0.5800791105849843,0.2945939546880565,-0.6677931951619298,0.46936970118026977,0.9883178146342249,1.265052200945303,-0.3126846986596803,3.4356852735541707,2.609473986941259,0.3899513518668325,-1.863689365619159,0.32829350556141623,2.392812874548248,-1.8226399083246312
numHidden 	5
numGenes 	48
seed 	1585575246321
random 	java.util.Random@76fb509a
popSize 	80
maxEvaluations 	20000
minGene 	-3.0
maxGene 	3.0
tournamentSize 	5
crossoverPoints 	1
mutateRate 	0.05
mutateChange 	0.5
mutateRatio 	0.5
mutateRateSmall 	0.1
mutateRateLarge 	0.8
wepMax 	1.0
wepMin 	0.2
expAccuracy 	6.0
minTravel 	0.0
maxTravel 	2.0
neuralNetworkClass 	class coursework.ExampleEvolutionaryAlgorithm
Training Set Training
Fitness 0.06622266348452666