0.5675439956979123,-0.7132319555753777,1.8287659888697618,2.166470315170381,1.6380478603401079,-0.4064415298350732,1.8624105915263325,-1.930952816140912,-3.1175394004866934,-2.1422065103528616,-2.273338196310279,2.236987287268919,1.3654096331294117,-3.325479018219859,-2.8060262629357915,-0.09274918115364095,1.2918750505400576,-1.7228105346846714,-2.3714425539033357,-1.9914215801991317,-1.7215698635735386,-1.4829212907028553,1.2933362605494088,1.3242131715772256,2.631871859158027,2.0396806813613324,-2.4689155459208445,-0.6510207329440236,1.089039518755853,2.52540242766389,-1.6375906462239938,-1.9608570051695242,-1.1787743214207635,-0.9290542080474655,0.4866033566707726,1.2062152374919188,-0.4563038039690559,-2.8157980815814803,-2.197754269767112,1.5460910593742279,3.2954427483474493,-1.550513302685169,-1.6172036498452846,-1.2773485142837775,0.3664012864486743,1.1914223093755067,2.3482840308220956,1.5401950126289385
numHidden 	5
numGenes 	48
seed 	1585575246321
random 	java.util.Random@76fb509a
popSize 	80
maxEvaluations 	20000
minGene 	-3.0
maxGene 	3.0
tournamentSize 	5
crossoverPoints 	1
mutateRate 	0.05
mutateChange 	0.5
mutateRatio 	0.5
mutateRateSmall 	0.1
mutateRateLarge 	0.8
wepMax 	1.0
wepMin 	0.2
expAccuracy 	6.0
minTravel 	0.0
maxTravel 	2.0
neuralNetworkClass 	class coursework.ExampleEvolutionaryAlgorithm
Training Set Training
Fitness 0.10828407589184538