4.308654148795862,2.630023266235672,-2.598157908278418,-1.5583632515618815,-2.4859376722837885,0.8986446973496669,2.5652484419202803,1.194226509893551,-0.4627670457904385,-1.2735603151067352,4.298812554687603,2.0116710924254004,-0.1499486176938114,2.1787505471861532,-2.1592741410985576,-2.6379199432084004,1.7792077782058335,2.426445243098682,-0.9885952658156949,1.8282549309487663,-0.3493381464902381,-0.48637228749312067,0.8522445092247679,-3.8055494426865066,1.048496384250729,-0.47418028905465426,0.2930330163602308,0.5231426584454253,-0.5361276824353798,-0.6684730143292699,3.891638973537626,-1.8712032304923312,1.4178857913074818,0.6005401795943763,-1.2708598988561013,3.540757595381903,-1.7710905126510625,1.4195751868239688,0.9505868145158152,-0.7349657944594039,1.7958101278588403,-0.8071627333384024,-1.1091209880694775,4.368547917540358,-0.7573852416547444,1.3022706695103032,2.2676253454108295,-1.9237897651392433
numHidden 	5
numGenes 	48
seed 	1585575246321
random 	java.util.Random@76fb509a
popSize 	80
maxEvaluations 	20000
minGene 	-3.0
maxGene 	3.0
tournamentSize 	5
crossoverPoints 	1
mutateRate 	0.05
mutateChange 	0.5
mutateRatio 	0.5
mutateRateSmall 	0.1
mutateRateLarge 	0.8
wepMax 	1.0
wepMin 	0.2
expAccuracy 	6.0
minTravel 	0.0
maxTravel 	2.0
neuralNetworkClass 	class coursework.ExampleEvolutionaryAlgorithm
Training Set Training
Fitness 0.005480157202892998