-2.306229175064865,-1.1621266642798134,0.16910975172133125,-0.17000641939949493,3.07014412604059,0.03708491377953283,1.6185373924871846,-1.6627363009808491,-2.979033949050215,-1.7043340829610947,-0.28860012496324383,0.7979963174771489,0.9205717518561035,0.16530099373589985,1.0816739364700452,-1.74940431567196,1.372917491833377,-2.284283318442434,-3.5371969831420347,-2.1287406806292823,1.1422435909655115,-2.5341464977388175,-1.59033606186857,-0.8643867785771353,-1.3284482351372857,2.1489810550948873,0.31706997256557734,2.367511607946499,-0.3984701341518657,0.9667636390516672,-1.1115224987912975,-1.3842778968114045,1.9439546583596454,-0.39903467283829525,-0.8408696350993,0.9646621198500953,-2.0112545375859385,-1.2972121056486785,-1.9617048145274756,-2.4218014571660373,-1.608102807063282,-3.1701810704117532,3.33612819188973,-0.6462323666681208,-0.5712421471516527,-0.2897807948355528,0.8544483641230202,-1.2418513965608817
numHidden 	5
numGenes 	48
seed 	1586478087304
random 	java.util.Random@76fb509a
popSize 	20
maxEvaluations 	20000
minGene 	-3.0
maxGene 	3.0
tournamentSize 	5
crossoverPoints 	1
mutateRate 	0.4
mutateChange 	1.0
mutateRatio 	0.5
mutateRateSmall 	0.3
mutateRateLarge 	0.7
wepMax 	1.0
wepMin 	0.0
expAccuracy 	6.0
minTravel 	0.0
maxTravel 	1.0
neuralNetworkClass 	class coursework.MultiVerseOptimisation
Training Set Training
Fitness 0.010156287808362554