2.454527525048345,-2.7504896916005945,1.513000621694444,-1.3753867791057173,-0.43018752195172244,1.1180501444460051,3.2129034752829897,-2.7853077393952574,-1.2042982412220968,-2.5739532068472664,0.8957012396197821,0.300489171228377,2.4155485671121464,0.7370899991461671,0.6779991762250407,0.9875266167696052,1.3124352189540291,1.5014691095450856,1.0272391987641107,-3.0069449363812994,-2.2348035118737837,2.485375182206018,-1.2658893251813796,1.0602411703047425,0.5677652956305632,-1.4470664527266373,-0.851146846064414,2.6512282114550154,-2.115788438500961,1.2093580096676815,-1.2449805270000536,-1.3776792676877376,3.3175378340851416,0.15629950820381813,-0.032272007242700594,0.24004903754587997,2.15058848800842,1.6451501090381973,-0.4310883990968807,-1.9957746269890846,-2.9242319962713474,-1.6211746990724412,-3.1583225180107264,-0.9675259036667939,-2.6914425580612966,0.4690021234558601,-0.9638935614822797,2.717354205726451
numHidden 	5
numGenes 	48
seed 	1586478087304
random 	java.util.Random@76fb509a
popSize 	20
maxEvaluations 	20000
minGene 	-3.0
maxGene 	3.0
tournamentSize 	5
crossoverPoints 	1
mutateRate 	0.4
mutateChange 	1.0
mutateRatio 	0.5
mutateRateSmall 	0.3
mutateRateLarge 	0.7
wepMax 	1.0
wepMin 	0.0
expAccuracy 	6.0
minTravel 	0.0
maxTravel 	1.0
neuralNetworkClass 	class coursework.MultiVerseOptimisation
Training Set Training
Fitness 0.11007920093741304