-0.5036552266396913,-0.05333931965099671,1.9303016589754907,0.8598163298999054,-2.749033505615843,-2.93772302713219,-1.7960135848168561,2.857259996734016,-2.173257018899372,3.0113920565019483,-2.890229651283135,-1.8543131354376572,1.9606211049588973,1.8860066384723686,2.0020919916729967,-2.133118470656792,0.30590996592204933,3.014487535763128,-1.0705033222024303,0.38050300890877786,1.861216470448807,2.255378460093648,0.9065731432814236,0.5816553864000082,1.3687543237357644,0.8613783488317711,1.8723966456670065,1.7363660469200928,1.2155304208228928,2.575538227228657,2.0108823004173044,0.9409168577559813,-2.7654475015217557,3.582069988270687,2.004008280473374,1.2459947967318739,-1.6479605756326279,-3.1882018453730114,0.16679705192929534,0.8575391836285214,-3.2538206496120172,-2.6057624082864095,0.9621404501468089,2.1182858992693143,0.6074936281916191,-1.5872246955043954,1.2937114653612594,0.2523517482386965
numHidden 	5
numGenes 	48
seed 	1586478087304
random 	java.util.Random@76fb509a
popSize 	20
maxEvaluations 	20000
minGene 	-3.0
maxGene 	3.0
tournamentSize 	5
crossoverPoints 	1
mutateRate 	0.4
mutateChange 	1.0
mutateRatio 	0.5
mutateRateSmall 	0.3
mutateRateLarge 	0.7
wepMax 	1.0
wepMin 	0.0
expAccuracy 	6.0
minTravel 	0.0
maxTravel 	1.0
neuralNetworkClass 	class coursework.MultiVerseOptimisation
Training Set Training
Fitness 0.09713400402292433