-0.5219950339344254,2.3065369664463904,0.7318133512913054,-2.626438171356411,-3.218201677277198,-2.141680278572309,3.7316375040953087,1.5295871673864398,-0.2848911842876526,-1.0988466133604973,0.3532778951922211,-1.9934753121671527,2.6838848164113362,-3.0196204055949694,1.8921817260254354,-0.8560338363640478,-2.520942491956488,-2.3687254957104424,-1.3823807010117413,0.2554528240772137,1.6875448158452875,-1.2937316306609816,-2.267859865366608,3.089671145017752,-2.295256295936478,-0.8729309846957758,-1.8053244212661845,-2.428229222563316,-3.0974737057765505,-0.5130032115598655,-2.9326003439715502,-2.1522922474242763,-1.592687890705792,-2.052156287611532,-1.7306032655974277,1.5477100369224117,2.679298320424425,-1.692220304191826,-0.039405254971215595,-3.2560520804609596,1.4273902707034085,-1.0917190470561833,-0.9557567478704043,-0.4391273780623399,-1.6816060288677164,0.8436634078205696,-3.05362377708285,-1.6239786733221209
numHidden 	5
numGenes 	48
seed 	1586478087304
random 	java.util.Random@76fb509a
popSize 	20
maxEvaluations 	20000
minGene 	-3.0
maxGene 	3.0
tournamentSize 	5
crossoverPoints 	1
mutateRate 	0.4
mutateChange 	1.0
mutateRatio 	0.5
mutateRateSmall 	0.3
mutateRateLarge 	0.7
wepMax 	1.0
wepMin 	0.0
expAccuracy 	6.0
minTravel 	0.0
maxTravel 	1.0
neuralNetworkClass 	class coursework.MultiVerseOptimisation
Training Set Training
Fitness 0.053530784180876194