-1.0188402443873756,3.183267461772596,-1.4669728873718177,-1.2633550747895066,-0.3351155669531101,-2.1056219315991025,2.956485968084118,1.0280270747700089,1.568066780717603,-3.2258950943551508,-0.6465216888172143,1.9158930890982275,2.839907291046898,2.881367867812396,-1.5736724644570375,-0.4632349592925828,-0.9305074083010754,-1.7040686565010161,-0.057454558341323445,-0.2808629424145936,1.1773885070661707,-0.5459024228770719,1.8907200671990632,-2.0991243778999267,2.7545596736059053,-2.6502599273170775,-2.5348884017232263,1.8654356064059945,-2.839323392542061,0.6413404525144001,-1.2316754863447668,1.6385132181848452,2.3169760963308472,-2.0341387975353773,-1.3552372031354945,-0.6966238526122758,1.3089831575155206,1.8951738947279682,0.8653518059706575,-0.4485510047826496,-2.2667126373157105,-1.8484255819718354,0.5469422016923984,2.1190626861228656,-3.8724417119596155,0.4853634059299077,-3.415537050682837,-0.735334274635024
numHidden 	5
numGenes 	48
seed 	1586478087304
random 	java.util.Random@76fb509a
popSize 	20
maxEvaluations 	20000
minGene 	-3.0
maxGene 	3.0
tournamentSize 	5
crossoverPoints 	1
mutateRate 	0.4
mutateChange 	1.0
mutateRatio 	0.5
mutateRateSmall 	0.3
mutateRateLarge 	0.7
wepMax 	1.0
wepMin 	0.0
expAccuracy 	6.0
minTravel 	0.0
maxTravel 	1.0
neuralNetworkClass 	class coursework.MultiVerseOptimisation
Training Set Training
Fitness 0.12468625416019796