-0.10867803899914608,-0.13519030185611025,0.3447181757029759,1.5665178830376099,-1.7934066440201852,2.6503844086889448,-2.1969300307819775,-3.1776573003708912,0.2524462244712488,-0.24754772826333504,3.4446681737853755,2.029636563141694,-0.682331060721829,4.0094169998986455,-1.2023062616962708,-1.2706922950606838,-0.8804472983758114,-3.117388387387745,-0.38919079138201274,2.5963213894465573,-2.83566188344357,-2.0094161752819395,1.7569681529103827,1.4291842131734458,2.2626407250842213,-1.979107726287085,-2.5258032179436016,-1.5734589615644605,0.5160007847020416,-2.6411221482749996,2.251243620711006,-0.21794267379623025,2.8755811855806614,-2.2766963547739767,-2.2829951214402953,-3.0839714106794878,0.5983063458036745,-2.1837649301186093,-2.5200281810608116,2.0487896953949627,3.341092477565922,-1.6633304712622021,-0.1289171396863348,0.3852432325030189,1.0773366655652141,-0.7180779949785432,1.3813634932254264,-0.5397646283667806
numHidden 	5
numGenes 	48
seed 	1586478087304
random 	java.util.Random@76fb509a
popSize 	20
maxEvaluations 	20000
minGene 	-3.0
maxGene 	3.0
tournamentSize 	5
crossoverPoints 	1
mutateRate 	0.4
mutateChange 	1.0
mutateRatio 	0.5
mutateRateSmall 	0.3
mutateRateLarge 	0.7
wepMax 	1.0
wepMin 	0.0
expAccuracy 	6.0
minTravel 	0.0
maxTravel 	1.0
neuralNetworkClass 	class coursework.MultiVerseOptimisation
Training Set Training
Fitness 0.10571531041814347