0.4774613569523923,-0.44526647808756314,-2.3893405372702103,2.7145873022587246,-3.1284400605582148,0.10453359152681245,-3.8557960892934906,0.4124785749524426,-2.2707850924884925,1.614414982550354,-2.009256855838086,0.19429081529111578,3.3094329293888847,0.29879504019644115,1.9215054983560556,-1.6088121277756295,-2.0046923932209286,-3.146157428846621,-2.4281252784075456,-2.1377176803884415,1.4507201562192482,1.8218982183058854,-2.9641861018186733,-0.9333840192812352,3.0886965968344136,3.047989579389657,0.7580905018951491,-0.9069297634202633,3.7369651208248023,0.04827585012229629,2.700114349405139,0.19128259678179788,0.44297531219837444,-1.3191623765896174,-0.25025314920012953,-1.6176757062142673,-1.315135893983229,-2.3508080413451027,1.3191324546440422,-1.4800303477797385,2.7123615495610336,-2.5810924936625685,2.088739964524645,2.320801461217139,-0.4847177613602058,1.971873129748319,-3.3296891233144517,3.117193010503312
numHidden 	5
numGenes 	48
seed 	1586478087304
random 	java.util.Random@76fb509a
popSize 	20
maxEvaluations 	20000
minGene 	-3.0
maxGene 	3.0
tournamentSize 	5
crossoverPoints 	1
mutateRate 	0.4
mutateChange 	1.0
mutateRatio 	0.5
mutateRateSmall 	0.3
mutateRateLarge 	0.7
wepMax 	1.0
wepMin 	0.0
expAccuracy 	6.0
minTravel 	0.0
maxTravel 	1.0
neuralNetworkClass 	class coursework.MultiVerseOptimisation
Training Set Training
Fitness 0.11973854148651632