2.426651712035614,-2.7179423707671306,-3.000061172560704,1.5722310669828243,-1.353921371386886,-0.4967798952703051,0.09330862285193763,-1.5185531661244012,1.0363054984542652,1.9674678209630572,-0.01082267043719158,-2.846300226610658,1.971043789080947,-1.635769005062753,1.3166915243889783,-0.7857930694947266,-1.4261769422179942,2.556385400975337,-0.6541879003653182,0.6031814636030279,3.1595975714895643,-2.2827813877027263,-1.5827677040728503,-1.3640987923902874,2.5730288298463817,-1.822669351010408,-0.8672292489032002,-2.9060379505270046,-3.314407680303123,-1.372220805031632,0.3516802086443883,2.274562699720531,2.2276139241459894,-1.3253124622313872,-0.6763942108904574,1.2893286143527962,-0.1318389671408998,3.1300719616691017,1.821322276017434,-0.05431068650986638,-2.5913016470384145,-0.21712335379156514,1.9317557881051257,-3.3437019685733085,1.9054020917603265,0.7528538671919316,1.7157436471834637,1.4663118001194997
numHidden 	5
numGenes 	48
seed 	1586478087304
random 	java.util.Random@76fb509a
popSize 	20
maxEvaluations 	20000
minGene 	-3.0
maxGene 	3.0
tournamentSize 	5
crossoverPoints 	1
mutateRate 	0.4
mutateChange 	1.0
mutateRatio 	0.5
mutateRateSmall 	0.3
mutateRateLarge 	0.7
wepMax 	1.0
wepMin 	0.0
expAccuracy 	6.0
minTravel 	0.0
maxTravel 	1.0
neuralNetworkClass 	class coursework.MultiVerseOptimisation
Training Set Training
Fitness 0.21006702113852346