0.3980588112872258,2.635867642192727,2.2998460623436277,0.24693600630768675,0.12563634010917987,-2.6835204265517074,0.35771046330737494,0.2373784366262519,-2.552346319601616,1.9270004554971982,2.5605909614290323,2.744655298235507,-1.3305574443959607,0.9872856958875372,-0.19752878892458076,-4.3511655848013335,2.880914885508275,2.5908737256671452,1.9769039111279567,0.21148160765448767,-0.9557637399065865,-0.02520225281363592,2.2479672447861843,-1.0558283010448675,-2.0513267801443007,-0.039657163188180466,0.643158616887862,-3.1757459982519407,-3.271322328966545,2.041979671461916,-1.0190450196585834,-1.4834921061492816,-2.990554798396547,2.2308983041888526,-1.8142284881936543,2.5539117564626177,-0.668362326808996,2.49672313078377,0.56532060817952,2.204150493202902,-1.6174288749993033,1.370771992049673,-2.535564515061734,-0.639037672788804,1.77890284748017,2.3363853320984895,2.3422032660847987,-1.582918932855884
numHidden 	5
numGenes 	48
seed 	1586478087304
random 	java.util.Random@76fb509a
popSize 	20
maxEvaluations 	20000
minGene 	-3.0
maxGene 	3.0
tournamentSize 	5
crossoverPoints 	1
mutateRate 	0.4
mutateChange 	1.0
mutateRatio 	0.5
mutateRateSmall 	0.3
mutateRateLarge 	0.7
wepMax 	1.0
wepMin 	0.0
expAccuracy 	6.0
minTravel 	0.0
maxTravel 	1.0
neuralNetworkClass 	class coursework.MultiVerseOptimisation
Training Set Training
Fitness 0.006402647338597051