-1.256226095486284,-0.7654980234353481,2.335239775595014,-1.7059542087441033,2.2497230835221327,-1.5806663133388246,-2.0843395578401975,-0.3563576782379274,1.2897513573139767,-2.3456615417091866,-1.2225554721471528,0.10003109575284286,-1.2890739559699262,2.2591232635409306,-0.45117950392526696,-0.2729497905041527,-2.637984802972694,-2.2374797050901414,-1.783246370279868,-2.066290065906355,0.4857407170610049,-0.926699310348518,1.7537745953076929,-1.0703028144264835,1.8069937558799136,-2.9226252579180425,0.3869767163612929,0.21499271475399345,2.8294230728106293,-1.5735171505490197,2.2068113547934125,-0.4264388905201912,1.0509099561287125,-1.6880552287232098,-0.5894381486618463,-1.6877739412478705,0.39041508021944415,1.6311046504214142,-1.4516821488869913,-0.2943347041607636,-1.9035633343290055,-0.750444343012406,0.4972846516776837,1.8387631935722006,-1.1381068042664861,2.543105168689186,1.5975066742683106,1.2673059508922695
numHidden 	5
numGenes 	48
seed 	1586478087304
random 	java.util.Random@76fb509a
popSize 	20
maxEvaluations 	20000
minGene 	-3.0
maxGene 	3.0
tournamentSize 	5
crossoverPoints 	1
mutateRate 	0.4
mutateChange 	1.0
mutateRatio 	0.5
mutateRateSmall 	0.3
mutateRateLarge 	0.7
wepMax 	1.0
wepMin 	0.0
expAccuracy 	6.0
minTravel 	0.0
maxTravel 	1.0
neuralNetworkClass 	class coursework.MultiVerseOptimisation
Training Set Training
Fitness 0.06377303244770255