6.838462941168448,-3.419254136174929,-3.1578083145735447,-2.1092338976018477,4.763516003746101,3.2744509093084235,5.502984060232011,4.500812810454482,-3.9391851211952322,-7.021205250895569,5.081887406584135,-2.4328977602040025,-2.466692784021943,-4.807815860864755,-0.6600592311388773,0.10123457427403437,5.775254370836448,1.4582270133415682,-5.632249903952388,-3.8100146698893282,-0.7070347329528324,4.0321000884840235,1.4742042310182923,-7.230549895215182,4.670791058285435,-0.21692958648861183,-1.4780634852401842,4.03378241469043,1.0290429753792716,0.4213309672760053,4.890981146285175,-5.35897556737279,-0.9552003026418827,-1.0307010038445732,1.6610259637759985,1.8829466564055233,-1.041871053538702,3.733706619237846,1.323354160829488,-5.936523514968769,2.5494677746352803,-1.2458286273362718,-5.007034149558754,3.8182228744327653,-4.23798483029314,-0.006003388181278879,-5.307292775919864,2.273967080410945
numHidden 	5
numGenes 	48
seed 	1585748108718
random 	java.util.Random@76fb509a
popSize 	80
maxEvaluations 	20000
minGene 	-3.0
maxGene 	3.0
tournamentSize 	5
crossoverPoints 	1
mutateRate 	0.3
mutateChange 	1.1
mutateRatio 	0.5
mutateRateSmall 	0.1
mutateRateLarge 	0.8
wepMax 	1.0
wepMin 	0.2
expAccuracy 	6.0
minTravel 	0.0
maxTravel 	2.0
neuralNetworkClass 	class coursework.ExampleEvolutionaryAlgorithm
Training Set Training
Fitness 0.010682728247669027