-5.415233036544063,4.677385528285756,6.451007090733253,-2.457926080690182,5.417137372830933,0.564635686188395,6.560162638814221,-2.993773921400594,5.6353319517581575,5.549920998973445,-0.06666204493342764,2.5781657128372184,-1.4521627883223283,-6.790431363241103,9.087470525899974,-4.728636457479776,2.1111700857651914,8.136968714848836,8.181200157191649,8.204501525735317,-0.47075431421757763,-4.569769609469658,3.445026512351022,1.4045273795019,-0.7596093034646927,-9.406236075239644,-4.035179061423768,-10.99147609477049,0.36899350653410945,0.144535443519064,-4.82361201357948,-0.5053557977810899,5.69263286850695,2.33351188369321,0.34069148001902505,-1.4141766297604117,6.558346368803976,1.626667877313924,5.952615384281053,-9.278775246677029,-1.787567879378508,8.650474590266025,12.293548438146106,-9.38032340643477,5.184346054858889,4.804836494442554,4.133005478896753,4.826151777353459
numHidden 	5
numGenes 	48
seed 	1585748108718
random 	java.util.Random@76fb509a
popSize 	80
maxEvaluations 	20000
minGene 	-3.0
maxGene 	3.0
tournamentSize 	5
crossoverPoints 	1
mutateRate 	0.3
mutateChange 	1.1
mutateRatio 	0.5
mutateRateSmall 	0.1
mutateRateLarge 	0.8
wepMax 	1.0
wepMin 	0.2
expAccuracy 	6.0
minTravel 	0.0
maxTravel 	2.0
neuralNetworkClass 	class coursework.ExampleEvolutionaryAlgorithm
Training Set Training
Fitness 0.008735671980218747