1.5844060268430267,-2.266828580099383,1.4687455492831814,8.104167860215709,1.0105559047858996,-6.275951060614396,-2.9794214327048034,-1.3063086840006193,-9.548287836957606,0.6276143870442659,2.666901336962616,-3.4679822062644834,-0.6970189096496813,2.002633016453446,3.8252435591590834,-9.099646247884722,-2.2062264283630624,-5.83426338746227,2.068993326130459,-1.8731221426589264,-0.720019445275466,-1.523649575301239,-2.7237514037501507,0.39543891233905715,-1.1782453435079394,-0.7964677479451607,0.628955308100795,4.35242037620235,-1.6166995661038461,0.2980271618875223,-3.259458352790563,2.946971407374933,-5.856273553482916,-6.196898929407855,5.458982037914238,-1.6512836881100346,-2.591802167014566,-7.990834185800827,-0.8415365708349531,5.713576000295459,-5.05601648688327,-0.1124646446597608,4.105416710988859,-3.869053106352797,-1.2289506436109305,6.966861996264019,2.917471529321371,-2.6904009631616117
numHidden 	5
numGenes 	48
seed 	1585748108718
random 	java.util.Random@76fb509a
popSize 	80
maxEvaluations 	20000
minGene 	-3.0
maxGene 	3.0
tournamentSize 	5
crossoverPoints 	1
mutateRate 	0.3
mutateChange 	1.1
mutateRatio 	0.5
mutateRateSmall 	0.1
mutateRateLarge 	0.8
wepMax 	1.0
wepMin 	0.2
expAccuracy 	6.0
minTravel 	0.0
maxTravel 	2.0
neuralNetworkClass 	class coursework.ExampleEvolutionaryAlgorithm
Training Set Training
Fitness 0.011939524190740396