-2.7997518846488543,5.787495921040113,-1.6269558542544602,-1.8581654440487947,-2.9513439903383474,-5.619907406448652,-1.123430331101924,8.64109479718865,-0.9020072461301383,-7.458604860790745,-6.342857497166726,7.68888994673825,2.520559219157339,8.284263394101515,-7.7061189025495676,-0.6778502134035316,-12.915271514519073,1.5205797880090461,-1.5279828738765868,-5.590782729614704,0.320837320459896,-2.249886320836626,-1.4419462547494253,-1.4963538694046452,1.588774511418729,0.6972222268266814,0.5553227079242036,-9.070254530698103,-2.316719212457112,-1.7192832080027847,-4.149192855637363,8.006758787141008,-2.8050437195396833,6.313343061618173,1.7026766058181586,-5.684906915133002,1.5870757974541823,-2.6680260360799837,1.6573214018675122,-1.9848365789279252,-1.9278803897539594,1.6175548831675224,4.480181766993416,8.104086881003699,-9.411832422566256,2.23962543207369,-2.0584488688175355,-1.636749830477378
numHidden 	5
numGenes 	48
seed 	1585748108718
random 	java.util.Random@76fb509a
popSize 	80
maxEvaluations 	20000
minGene 	-3.0
maxGene 	3.0
tournamentSize 	5
crossoverPoints 	1
mutateRate 	0.3
mutateChange 	1.1
mutateRatio 	0.5
mutateRateSmall 	0.1
mutateRateLarge 	0.8
wepMax 	1.0
wepMin 	0.2
expAccuracy 	6.0
minTravel 	0.0
maxTravel 	2.0
neuralNetworkClass 	class coursework.ExampleEvolutionaryAlgorithm
Training Set Training
Fitness 0.00884224374994471