4.884132612289378,9.373439362466868,-4.996762683644589,7.909811483827729,5.473880373087265,3.1218794653217588,-0.6035574497705483,-7.053434273974533,1.1499815502780737,12.631815727139053,-3.264986377024742,5.0176281837048595,4.2188404663167525,5.01504123565436,2.54778850976532,0.11962774183311087,-13.26268503680531,-4.25063666516185,8.527709485858777,18.98045855907607,3.0689334676722693,-4.271802953940044,2.320122319559351,2.988648555395215,3.740517844753638,-0.38115419389617333,1.6574946322361441,-2.5378909761525663,-0.14391405939031632,-1.2843119462253791,0.5594529642211992,0.07774063694177347,-2.9501359984775024,-2.13860301915766,-8.508556966850167,1.141271699121475,-0.5675867100198619,-4.3372412169038785,-3.956802498316612,7.526112741448014,-7.336260437402757,-1.7463141953173067,0.2836796914237709,2.4266020075163657,8.976239761736931,-0.6278992846756761,4.883267084574479,0.5991143254559628
numHidden 	5
numGenes 	48
seed 	1585748108718
random 	java.util.Random@76fb509a
popSize 	80
maxEvaluations 	20000
minGene 	-3.0
maxGene 	3.0
tournamentSize 	5
crossoverPoints 	1
mutateRate 	0.3
mutateChange 	1.1
mutateRatio 	0.5
mutateRateSmall 	0.1
mutateRateLarge 	0.8
wepMax 	1.0
wepMin 	0.2
expAccuracy 	6.0
minTravel 	0.0
maxTravel 	2.0
neuralNetworkClass 	class coursework.ExampleEvolutionaryAlgorithm
Training Set Training
Fitness 0.007488255023523085