3.056259283448941,4.029784272379002,1.0908489640682397,1.9321018050290153,4.280604068130138,6.940895805834877,-1.9584971337571337,-4.772688801441175,-3.6498242352475248,-1.9115420622749877,1.8108959090168781,1.3390692605314003,3.2537666622755155,4.217203010206056,4.2197279555769285,-3.577784201292961,-2.9837567056618552,-9.218134790949222,-1.5396075430090335,4.216766386394374,-5.364899996737378,-1.625212453452085,-1.8060048818093621,0.22929120168271133,3.879276785063787,-0.09884322150200253,-2.422933160883577,1.1467298860291542,0.5319222572297893,-0.6325198276861519,-2.5239373411303583,-5.698813398562875,7.847004899063206,-2.7754001107328286,-0.7121841603920962,-2.109205932787953,-5.545257993013841,-4.652872582469826,-3.7266159852049934,1.002220056373364,-2.0713720070131565,-4.930541645945466,4.818942002727274,-0.4610841270348578,-0.04531777377074819,2.099094662798054,1.9917093785797029,2.821238644330301
numHidden 	5
numGenes 	48
seed 	1585748108718
random 	java.util.Random@76fb509a
popSize 	80
maxEvaluations 	20000
minGene 	-3.0
maxGene 	3.0
tournamentSize 	5
crossoverPoints 	1
mutateRate 	0.3
mutateChange 	1.1
mutateRatio 	0.5
mutateRateSmall 	0.1
mutateRateLarge 	0.8
wepMax 	1.0
wepMin 	0.2
expAccuracy 	6.0
minTravel 	0.0
maxTravel 	2.0
neuralNetworkClass 	class coursework.ExampleEvolutionaryAlgorithm
Training Set Training
Fitness 0.009085322227444771