0.4618637757580468,-3.427851808060923,-5.547176595877142,-6.343857792147173,-2.6894359056955706,4.7558580783388305,0.25271138803337534,-1.8180160749080434,-4.835285550079291,0.8160063388182444,0.9600569075880521,-1.9240555782827546,-3.6378485568995544,-3.829036755610663,-5.11313066468448,-2.8875211630909416,-3.762443036413365,3.114220561417772,-9.915026495392832,0.5212819791312322,0.8146488291793514,-3.273455711550221,-1.468437076503974,-2.0407145283771815,4.455458071461991,-3.5741470943300073,0.07694469684356786,0.2752611711113149,0.5510079091011426,-1.3267484322806493,-0.6158337103554299,-0.22518428031251725,1.675285043898552,-0.03895683631959823,-2.028426630512962,-0.84653655160453,-2.297340023232108,9.279142389897869,5.106883654673291,-2.331436686760173,4.633699162290366,-7.601490415694563,-2.6086686018212184,6.034771366876445,0.034377429091418055,-2.551470717969372,0.7152348214804412,3.243325292933395
numHidden 	5
numGenes 	48
seed 	1585748108718
random 	java.util.Random@76fb509a
popSize 	80
maxEvaluations 	20000
minGene 	-3.0
maxGene 	3.0
tournamentSize 	5
crossoverPoints 	1
mutateRate 	0.3
mutateChange 	1.1
mutateRatio 	0.5
mutateRateSmall 	0.1
mutateRateLarge 	0.8
wepMax 	1.0
wepMin 	0.2
expAccuracy 	6.0
minTravel 	0.0
maxTravel 	2.0
neuralNetworkClass 	class coursework.ExampleEvolutionaryAlgorithm
Training Set Training
Fitness 0.006294494646713309