-2.0792003111916273,-1.4646021170754913,-2.040376178086547,-2.602694893481355,-6.053821760548887,-8.016146274695128,-5.274451409351233,3.253559214865746,3.4896416475142966,-0.3884228360847022,-3.1930196905202872,-6.405695290265902,2.4877186774793985,-3.307239193236749,-11.180119345924219,0.3355189469108666,-1.478945423192577,-1.5258041535621776,10.717653335186197,-5.356255383694178,6.189562064733472,-4.70616069108601,-0.014811373894511703,2.25452401897029,-2.134476203018749,0.025832411017436385,-3.5605151103408113,-5.747199240126699,-0.21101791777294698,0.7185108579889912,6.951968267308933,6.981535870797114,-4.0448413194653,2.8922401814840355,2.403779803752706,-2.6946665164557313,3.201069477778699,6.293205537429882,4.061466920526974,-3.646083466991717,4.693421824842753,9.066084364903197,-13.6258087841797,9.005840857560568,-2.1476944485379654,4.412825246057153,-1.1552650149573087,3.445883440810794
numHidden 	5
numGenes 	48
seed 	1585748108718
random 	java.util.Random@76fb509a
popSize 	80
maxEvaluations 	20000
minGene 	-3.0
maxGene 	3.0
tournamentSize 	5
crossoverPoints 	1
mutateRate 	0.3
mutateChange 	1.1
mutateRatio 	0.5
mutateRateSmall 	0.1
mutateRateLarge 	0.8
wepMax 	1.0
wepMin 	0.2
expAccuracy 	6.0
minTravel 	0.0
maxTravel 	2.0
neuralNetworkClass 	class coursework.ExampleEvolutionaryAlgorithm
Training Set Training
Fitness 0.00518964228829478