0.3479913859289723,7.307096024818616,0.6406064945998415,-0.6197766231562638,-0.28163448864635754,-5.279631531136944,1.5744673126624673,-1.4947719167905267,-4.967893631770517,3.8772606738738697,-5.7235839761044875,6.900150645058822,0.5215850610916921,1.3552346140992069,-3.4858746415675834,-1.7554579973222322,2.094747385872566,6.499239993481627,-9.57939733986545,0.7816525555499685,1.8519683714426067,-0.262204356569939,1.4787411251069877,-0.745822574020063,1.4247460152546456,3.4051593679958976,0.8096816355327783,-0.38942221455346315,0.1675536983088537,2.752504267404184,-4.416489827358089,-2.6613473174275004,-3.5463979957041354,7.780434444834368,-9.60151672282083,1.427208341689357,0.6454480143502712,1.4347710025786582,4.47530388752144,1.9342753131247754,-6.078070048995201,-7.885039417171038,0.4922629972078365,-2.633495885971713,0.29095962438878553,-1.9106167657924473,7.291387921309495,3.773969660781927
numHidden 	5
numGenes 	48
seed 	1585748108718
random 	java.util.Random@76fb509a
popSize 	80
maxEvaluations 	20000
minGene 	-3.0
maxGene 	3.0
tournamentSize 	5
crossoverPoints 	1
mutateRate 	0.3
mutateChange 	1.1
mutateRatio 	0.5
mutateRateSmall 	0.1
mutateRateLarge 	0.8
wepMax 	1.0
wepMin 	0.2
expAccuracy 	6.0
minTravel 	0.0
maxTravel 	2.0
neuralNetworkClass 	class coursework.ExampleEvolutionaryAlgorithm
Training Set Training
Fitness 0.010966702324954423