0.8549518064679131,9.188787040955631,-10.479743378947807,-5.348646565675375,4.607227573862032,10.693484501592303,6.234050566989744,-3.59689775182817,-5.610560319781804,-3.512851371131618,0.5461362818370463,4.1102065663835194,-11.199668776834304,-5.108252057712344,-1.091334227721267,12.788476384037413,1.920740969418337,1.114755975857173,6.25670499714631,-1.4594993951618296,0.9366611173435002,-2.6980769903886324,0.6330234022443246,-1.5714159759306319,-13.758463688090051,-0.3993204430534274,-4.052858016862244,-0.43784749910315623,-4.91609434341067,-3.9747474993283745,2.198911844134204,1.229637953325597,9.413904888897896,1.9884839041430373,1.4579062816854327,-1.095165315316248,-7.581951149941865,6.242560301896029,-1.2800361803919897,-2.627369942950592,-6.0592212007004225,0.6385656191759832,-1.3498428156658933,-0.6351980210527701,0.20964179348107015,-4.343071764439578,-6.951602434625627,0.9664252122069104
numHidden 	5
numGenes 	48
seed 	1585748108718
random 	java.util.Random@76fb509a
popSize 	80
maxEvaluations 	20000
minGene 	-3.0
maxGene 	3.0
tournamentSize 	5
crossoverPoints 	1
mutateRate 	0.3
mutateChange 	1.1
mutateRatio 	0.5
mutateRateSmall 	0.1
mutateRateLarge 	0.8
wepMax 	1.0
wepMin 	0.2
expAccuracy 	6.0
minTravel 	0.0
maxTravel 	2.0
neuralNetworkClass 	class coursework.ExampleEvolutionaryAlgorithm
Training Set Training
Fitness 0.006413666932134477