-5.626849406114609,9.574306562855737,6.960393076401546,1.834150355699161,1.8709352547148321,-2.1921144937925297,-5.633546312534682,7.246862191046226,1.3338756514024568,-4.5113978579407785,-3.2371485177646533,5.42398392928574,5.566495138106696,-1.4248399109927892,2.6548151615506828,7.097229920964574,2.0344463621435556,5.980821914557957,0.8380609553921148,-5.232364883432945,1.7072837645334142,9.561325573923055,-0.9195276757319424,0.6199209457010957,-3.3337014452656795,-9.779982206179687,0.22933354885774015,0.22289913570409858,-6.592772475996332,0.5527087668553654,4.871755187401911,-1.0100242167628788,-7.792107058871652,8.531891186019653,-6.395126750695098,-6.615638562072201,5.738249776453545,-10.090731321201842,2.6985725458432954,4.0016412557363505,-1.6647572976149214,-4.167667961695315,1.447106503158028,1.0893987942260424,-5.707118445943527,-1.1689429470925696,4.084343886430692,-7.403964943097696
numHidden 	5
numGenes 	48
seed 	1585748108718
random 	java.util.Random@76fb509a
popSize 	80
maxEvaluations 	20000
minGene 	-3.0
maxGene 	3.0
tournamentSize 	5
crossoverPoints 	1
mutateRate 	0.3
mutateChange 	1.1
mutateRatio 	0.5
mutateRateSmall 	0.1
mutateRateLarge 	0.8
wepMax 	1.0
wepMin 	0.2
expAccuracy 	6.0
minTravel 	0.0
maxTravel 	2.0
neuralNetworkClass 	class coursework.ExampleEvolutionaryAlgorithm
Training Set Training
Fitness 0.013977888437790114