2.5159041612662776,-2.0743155073833446,0.5261623428284445,6.049524203408499,5.1204929471915595,-1.8528903119126747,1.6303036216855307,-5.67145820180979,-2.845693347777904,-2.690365863717222,4.609694640040052,-4.762754803645889,-2.3347849887486234,5.180178122210648,9.718314502887491,4.284782427525773,1.3195656510291993,-12.95423051293834,-4.246664735451622,-2.322599882448072,-1.579067848103573,-2.8982029506277973,-2.6231940492575117,0.7321053496188221,2.344070593869477,3.0697279950891034,-5.144262610034891,0.7268402106170417,6.174354018483628,-0.6835086207398593,4.245818573411762,-7.16972935203591,-0.37774572154304664,6.273906429373909,1.992044164808752,1.39921753139597,-1.7007637020166988,-2.8797969773468695,-7.194921331073459,2.114172865758721,1.695724761209783,2.4868536133311374,9.695230200036908,-11.356726852665217,0.7936023343639698,2.2926113687392933,2.6064519246232263,2.882517986230273
numHidden 	5
numGenes 	48
seed 	1585748108718
random 	java.util.Random@76fb509a
popSize 	80
maxEvaluations 	20000
minGene 	-3.0
maxGene 	3.0
tournamentSize 	5
crossoverPoints 	1
mutateRate 	0.3
mutateChange 	1.1
mutateRatio 	0.5
mutateRateSmall 	0.1
mutateRateLarge 	0.8
wepMax 	1.0
wepMin 	0.2
expAccuracy 	6.0
minTravel 	0.0
maxTravel 	2.0
neuralNetworkClass 	class coursework.ExampleEvolutionaryAlgorithm
Training Set Training
Fitness 0.010550098014026017