-1.7280056314689185,-3.7018117832076167,0.6109620330409786,-0.7083594446331318,-4.257471258497569,8.628847997175184,-3.2509994425957482,2.9682029511141095,-9.820380663535289,0.4614916777881053,3.99617049540416,-5.521110238025432,5.842424249076016,-4.479771542158131,3.4276375385903983,6.359109845299248,3.251854678724999,0.3984681924951139,-5.0580548796415075,3.8753752889755235,-1.1169067649764348,3.797759410315542,5.355777756185981,-2.390266457834681,2.353543259858974,-0.9227124141640561,-0.22223691624024777,-2.420470259531586,2.5671079932723986,4.665054485695347,1.9346900927871555,0.26857944300394365,10.424896444044693,-2.936334059876669,10.650509392811394,-0.6400047213467603,0.23980049971847883,0.24633158911166042,0.760284845163762,-2.243687446501224,-3.665660940797559,0.34803257624884854,3.482843546027279,2.1408524933774946,11.258956038249726,-2.045597650737097,2.2742496932340894,-5.62689448516924
numHidden 	5
numGenes 	48
seed 	1585748108718
random 	java.util.Random@76fb509a
popSize 	80
maxEvaluations 	20000
minGene 	-3.0
maxGene 	3.0
tournamentSize 	5
crossoverPoints 	1
mutateRate 	0.3
mutateChange 	1.1
mutateRatio 	0.5
mutateRateSmall 	0.1
mutateRateLarge 	0.8
wepMax 	1.0
wepMin 	0.2
expAccuracy 	6.0
minTravel 	0.0
maxTravel 	2.0
neuralNetworkClass 	class coursework.ExampleEvolutionaryAlgorithm
Training Set Training
Fitness 0.015247157181745175