-8.349494010605628,0.6882661564274337,0.943429643157323,-3.364620248455997,1.4536257739663734,-1.1326410116641754,-3.0520898856088188,-6.982092891708902,6.999833119493809,5.345527668080273,-3.9322736447405764,-4.206055920397043,0.6952154899924392,-1.9010566065647347,-0.12916727085188828,-6.387178284138164,-2.735562967173766,-2.317907281069193,6.293632709208119,-2.1428337058161167,-0.9652441328669603,-1.7047442458479996,2.1524746177381235,0.6524345092730255,-2.1677941869432464,-0.044443049969181025,-5.601785658114554,4.911858566518266,-0.8410828165842452,1.734909666594214,-2.942477723860495,2.8276834695302564,-2.147887950882147,-0.2099106605015204,-0.8672393086011603,-1.2154569021287922,-2.9273502208559115,-5.530256648647724,0.4057670577639789,-5.260634524943553,4.376235021285723,6.819734134970487,-1.3721463104511806,6.497659763159323,5.040400559019714,-0.08073927136336456,1.6087316375095368,-2.58076417356048
numHidden 	5
numGenes 	48
seed 	1585748108718
random 	java.util.Random@76fb509a
popSize 	80
maxEvaluations 	20000
minGene 	-3.0
maxGene 	3.0
tournamentSize 	5
crossoverPoints 	1
mutateRate 	0.3
mutateChange 	1.1
mutateRatio 	0.5
mutateRateSmall 	0.1
mutateRateLarge 	0.8
wepMax 	1.0
wepMin 	0.2
expAccuracy 	6.0
minTravel 	0.0
maxTravel 	2.0
neuralNetworkClass 	class coursework.ExampleEvolutionaryAlgorithm
Training Set Training
Fitness 0.011091907566824377