0.9377807704285824,-7.85104632844,-11.1651727577947,7.375289280174041,-0.07037246683319112,6.027769427668883,4.024454416589608,3.61576489024964,-0.23822019302918968,11.150169090707971,1.1338371111897223,-14.401318086635714,-8.22312325108853,7.907904435928168,2.6996032950968427,10.717063408352843,-1.4360444950514017,-2.965184921949214,-3.363761338946437,2.1957172476403017,1.0529224773193429,-1.694551410249526,-5.4972886839131485,0.15224748282164,-10.272916046261308,-0.04270780200397194,-0.3030046160038604,7.5350722243921595,14.450958445255095,-8.604472574701223,11.154672501059913,-0.848132978133729,14.02000913721345,-13.341129507044627,11.441991914533181,7.104840694924306,1.6631866681084764,-3.5803608999557475,8.177900970981709,-8.330036229801763,0.04745775440169777,4.191184594885756,4.47674123178114,0.4398626804922146,10.94035465084383,-0.36265542754121094,4.668784252355064,-2.4502632764357237
numHidden 	5
numGenes 	48
seed 	1586547562707
random 	java.util.Random@76fb509a
popSize 	20
maxEvaluations 	20000
minGene 	-3.0
maxGene 	3.0
tournamentSize 	5
crossoverPoints 	1
mutateRate 	0.4
mutateChange 	1.0
mutateRatio 	0.5
mutateRateSmall 	0.3
mutateRateLarge 	0.7
wepMax 	1.0
wepMin 	0.0
expAccuracy 	5.0
minTravel 	5.0
maxTravel 	20.0
neuralNetworkClass 	class coursework.MultiVerseOptimisation
Training Set Training
Fitness 0.006873855081085702