-6.952374556355594,5.41724245848111,1.875230504606569,-10.184294844366969,-8.243206844624135,-2.968986084367315,-14.598721143273519,-1.1770805932471062,-3.975253988570946,-2.0288086618906642,-2.6206680007324157,8.583830564977758,3.020850833860391,-5.323802132732287,-10.130531037447373,-2.282787553517203,-11.767838296379987,10.383509887147067,7.2958150542161615,-11.971793346416419,1.539659904616831,-0.1461644779196085,-0.4515087997892028,-10.979043289865814,-2.1470953440361016,5.52969383811907,1.069475284980976,-1.171770604292328,-1.2412975294187278,-0.020415287565086884,-4.143620697624862,1.9998544921308328,-2.505361773496226,-8.301579949969097,-3.82372578922462,-14.790889515128569,1.307363760747521,-11.869686439266074,-3.6877987965624874,0.7446066478049592,0.1455962595371938,-2.2119052854356225,-15.178366526962144,10.873230659070115,-3.488882357176085,0.8166165248758727,-7.420779674020196,6.4481432419860125
numHidden 	5
numGenes 	48
seed 	1586547562707
random 	java.util.Random@76fb509a
popSize 	20
maxEvaluations 	20000
minGene 	-3.0
maxGene 	3.0
tournamentSize 	5
crossoverPoints 	1
mutateRate 	0.4
mutateChange 	1.0
mutateRatio 	0.5
mutateRateSmall 	0.3
mutateRateLarge 	0.7
wepMax 	1.0
wepMin 	0.0
expAccuracy 	5.0
minTravel 	5.0
maxTravel 	20.0
neuralNetworkClass 	class coursework.MultiVerseOptimisation
Training Set Training
Fitness 0.006460606490826846