12.72773568312179,-3.8102457492754755,1.7059815200899553,8.968722801360522,3.9347189894296535,13.68689472110078,6.37106031225945,-5.229061309418327,-7.271249995050095,3.298605429456284,8.908168139526907,-21.144512737177866,-3.281774213007447,10.889987893542264,2.311475548032774,3.409411411942886,0.8566825436750056,-12.96379374713674,-4.202062626448537,2.3809124331083384,-7.024564444340033,10.262132596374014,-3.3024168510387293,1.2810677447290861,-2.1095360996184986,-2.801762080788613,6.308300414313251,0.24724775771514312,0.11530847480387421,-0.030177568430581475,-1.0215550927528756,-1.3857778480254745,1.9536829959476498,-12.774159791040749,-1.4682636433084537,0.799151535418512,-1.5526884580387792,3.714615762289215,-15.307407777792621,10.430159090905146,-11.73960345988297,-2.8147040670839285,2.640992126855467,-2.3534879958657378,8.087170522704865,7.022271891820538,0.13505282009144148,1.563668939867127
numHidden 	5
numGenes 	48
seed 	1586547562707
random 	java.util.Random@76fb509a
popSize 	20
maxEvaluations 	20000
minGene 	-3.0
maxGene 	3.0
tournamentSize 	5
crossoverPoints 	1
mutateRate 	0.4
mutateChange 	1.0
mutateRatio 	0.5
mutateRateSmall 	0.3
mutateRateLarge 	0.7
wepMax 	1.0
wepMin 	0.0
expAccuracy 	5.0
minTravel 	5.0
maxTravel 	20.0
neuralNetworkClass 	class coursework.MultiVerseOptimisation
Training Set Training
Fitness 0.007009159212017603