-6.610232158263422,17.602066141585084,4.866850516445708,10.556181481181993,10.429586947713904,-6.410092493645073,2.3817786853872858,-1.1517917303277976,-3.2602644022808867,7.804508946546651,0.7464067098185114,2.612755961685236,5.421147281545181,12.462673258782509,1.4985116706376223,-7.689429010304132,4.277877999881821,-6.340803373216509,-1.1922681967265127,8.780063973430792,7.735609585532185,3.381586892686679,4.570195277186092,-0.7246063948315316,2.569940952783955,-1.7193010204059853,0.1752701876417702,-0.6273502099019224,0.3982387482153535,-2.2324673428599824,10.973296177321737,1.7092564452004813,2.174154005823915,7.490210328286971,-10.468418123468938,1.4737178101938357,-9.668142306694108,-3.490557843538527,-6.349253174942809,4.395926922441591,-7.3873392824948185,-4.741294367697486,11.165895804507217,-8.88930920982719,5.5124146985458555,3.4255691889917324,-1.2130140200274848,5.1685722493548205
numHidden 	5
numGenes 	48
seed 	1586547562707
random 	java.util.Random@76fb509a
popSize 	20
maxEvaluations 	20000
minGene 	-3.0
maxGene 	3.0
tournamentSize 	5
crossoverPoints 	1
mutateRate 	0.4
mutateChange 	1.0
mutateRatio 	0.5
mutateRateSmall 	0.3
mutateRateLarge 	0.7
wepMax 	1.0
wepMin 	0.0
expAccuracy 	5.0
minTravel 	5.0
maxTravel 	20.0
neuralNetworkClass 	class coursework.MultiVerseOptimisation
Training Set Training
Fitness 0.007665214031788802