-3.6319306251735495,-8.940214297536151,-15.005879106072804,-1.3027101006782038,1.4496236392679798,13.332009566879654,-6.028323897173138,-1.6175952977620356,7.658515065830803,-3.2921323901899604,-2.0406749377012314,10.220736287824586,-13.02309181655317,0.7754561666219907,15.6617080053755,20.712679645268278,9.366564900908704,16.412352212701865,-0.7487783011763677,-4.521805242212865,4.200097744782691,-7.287127508463247,6.415156375657238,-3.6275760660965086,-6.9741679332396105,-0.6388877963097167,-11.14057475181744,-0.641019979349437,1.1576745262120205,7.6034254541529895,-0.6571870936751203,14.704533326543142,24.010360526860254,-3.4690769583641243,-2.1222942440695203,-3.657824391742573,-6.445740485949751,12.417519385388411,-4.5163507489713375,-9.056571572131375,-7.45023877155282,2.0314766396306223,7.966136392564746,-10.557591249096141,-6.954655727814103,-6.109083083557285,-2.756212912843915,1.7864575380365828
numHidden 	5
numGenes 	48
seed 	1586547562707
random 	java.util.Random@76fb509a
popSize 	20
maxEvaluations 	20000
minGene 	-3.0
maxGene 	3.0
tournamentSize 	5
crossoverPoints 	1
mutateRate 	0.4
mutateChange 	1.0
mutateRatio 	0.5
mutateRateSmall 	0.3
mutateRateLarge 	0.7
wepMax 	1.0
wepMin 	0.0
expAccuracy 	5.0
minTravel 	5.0
maxTravel 	20.0
neuralNetworkClass 	class coursework.MultiVerseOptimisation
Training Set Training
Fitness 0.008183259140168323