1.0251065648473754,4.923974782572662,1.5308568715493698,15.830224913900025,6.5996418990010035,-11.677899610233105,12.293519402037262,1.3827953115704772,-16.97847546379526,-6.228465535231332,-3.515912634623639,-1.5954971003179548,11.909377745240723,24.438109079100467,-6.554018411769148,-9.813793039394405,11.452357266453369,0.7832232992997243,-7.99357607459302,-16.86420027356932,4.73530119992506,0.811923756673324,3.4416183690123616,-0.6465457211116176,-13.049321718519426,-16.11502260433191,-1.200911218268801,-9.563288526499509,0.24888874919520088,-7.281662034138538,-0.106863658738832,-0.340006359638389,-12.672261928118463,2.664584981892488,-6.352017571760337,18.102131257256847,9.591981034964583,6.277400031251548,1.0958565026463298,9.368908642037495,-14.19781113300794,0.6959826402992443,-1.3971295700989697,3.716342612471947,-3.101405274408744,11.401496535271054,0.10337842449899683,-1.1845669966097063
numHidden 	5
numGenes 	48
seed 	1586547562707
random 	java.util.Random@76fb509a
popSize 	20
maxEvaluations 	20000
minGene 	-3.0
maxGene 	3.0
tournamentSize 	5
crossoverPoints 	1
mutateRate 	0.4
mutateChange 	1.0
mutateRatio 	0.5
mutateRateSmall 	0.3
mutateRateLarge 	0.7
wepMax 	1.0
wepMin 	0.0
expAccuracy 	5.0
minTravel 	5.0
maxTravel 	20.0
neuralNetworkClass 	class coursework.MultiVerseOptimisation
Training Set Training
Fitness 0.006706218924238556