4.655438016002278,-5.414619047199943,-7.671254282624744,11.792500283308106,17.96082238392579,14.769608192568148,-16.043208066104555,4.545139242301436,-3.7322288294628785,-13.217651646937576,-4.595440825711479,-1.9984165368364695,1.430963980855014,14.729696004580461,2.7860469039201,1.7393326069802397,-8.554447110400675,-19.368543186484928,-7.4112911313573395,4.929351597671091,-14.898348197985381,0.7625312880209643,5.173977124166798,-2.6700882597321858,-3.5122931291495374,-4.494288931793052,0.4674071487936779,2.9861357675734173,0.2930898562334626,0.5214895456479378,2.009475346188982,-9.10748254047036,2.8749443276524276,5.878291579349221,8.532392769684279,-17.333409525925543,1.5311599236028817,-4.942732219318466,6.570345677678064,10.69767507558195,-11.98354639487225,-2.231846694006502,0.42881258728244004,1.9544879672626685,-7.230711929227587,-1.1219769746118151,-14.166634084165212,-3.4881157945915895
numHidden 	5
numGenes 	48
seed 	1586547562707
random 	java.util.Random@76fb509a
popSize 	20
maxEvaluations 	20000
minGene 	-3.0
maxGene 	3.0
tournamentSize 	5
crossoverPoints 	1
mutateRate 	0.4
mutateChange 	1.0
mutateRatio 	0.5
mutateRateSmall 	0.3
mutateRateLarge 	0.7
wepMax 	1.0
wepMin 	0.0
expAccuracy 	5.0
minTravel 	5.0
maxTravel 	20.0
neuralNetworkClass 	class coursework.MultiVerseOptimisation
Training Set Training
Fitness 0.012351998511901318