-6.617012141922234,-4.53935759249888,-10.994816318116763,1.8590808883221976,6.826721475501453,-13.421791196783284,9.660027094520624,7.734315827772238,-10.92567458975156,7.779448703818874,-12.28559254793537,-1.7213549132496835,-0.0852943162486119,-10.599920643979427,11.179920209583196,-5.642318354167379,13.88661531929389,-8.477354737490153,-4.866803246740103,12.583827598695411,1.1298500269219276,1.4797490526073918,2.1288364814827165,2.506654752104886,14.408330508199501,0.186379464762212,-0.27026704131167345,16.587208532025606,8.806713591282357,-1.0831166239077907,-4.858722157962409,13.44436642499644,0.5670810372999159,-2.360696023091077,4.696254741294682,13.191666934299315,0.6153291792841716,6.201968100650662,-5.144755779541503,-17.062225877082568,-3.31281968250609,-7.207572781230333,1.9045474913761842,-4.285772808285385,-2.3306627208970423,16.09383753059046,-5.636326524117208,12.619082557790144
numHidden 	5
numGenes 	48
seed 	1586547562707
random 	java.util.Random@76fb509a
popSize 	20
maxEvaluations 	20000
minGene 	-3.0
maxGene 	3.0
tournamentSize 	5
crossoverPoints 	1
mutateRate 	0.4
mutateChange 	1.0
mutateRatio 	0.5
mutateRateSmall 	0.3
mutateRateLarge 	0.7
wepMax 	1.0
wepMin 	0.0
expAccuracy 	5.0
minTravel 	5.0
maxTravel 	20.0
neuralNetworkClass 	class coursework.MultiVerseOptimisation
Training Set Training
Fitness 0.005966816116899199