-4.828285164792406,-8.25282064062264,0.3657493644747391,-8.62770283938804,-21.438287803114445,6.2722619529648584,-9.637132574393618,-2.1749640235886263,2.714616902642471,2.1542959002613298,7.790170945518099,-22.31132932928648,-0.7088045123486791,-11.630244912187173,-3.4921757620907696,4.989048300920976,3.227872364415725,7.699381076000565,12.819225716814875,-6.266984075353601,2.1881881523487383,2.473468636889469,4.582792979784229,1.4552355263592147,11.12076966968267,0.704080452548667,0.3972861745652561,-3.1325953029906497,-0.14296009246014235,3.3273141433446516,-5.820029370064942,1.6764452709789388,9.05028694601939,-9.654724207935162,25.140038247288643,-7.884772865408767,-4.047535676299338,8.575606078891344,-5.951202565451393,-32.91833306060696,10.954665383819906,31.42410444131541,-13.630810889518644,-2.970235721296887,-2.7035275770071423,2.5757879560805597,-4.783263909355131,-3.1630334356800534
numHidden 	5
numGenes 	48
seed 	1586547562707
random 	java.util.Random@76fb509a
popSize 	20
maxEvaluations 	20000
minGene 	-3.0
maxGene 	3.0
tournamentSize 	5
crossoverPoints 	1
mutateRate 	0.4
mutateChange 	1.0
mutateRatio 	0.5
mutateRateSmall 	0.3
mutateRateLarge 	0.7
wepMax 	1.0
wepMin 	0.0
expAccuracy 	5.0
minTravel 	5.0
maxTravel 	20.0
neuralNetworkClass 	class coursework.MultiVerseOptimisation
Training Set Training
Fitness 0.006536108421978549