0.9326455996902407,-5.821519118360501,-10.85218265750133,4.904508545195948,-18.00426901514596,11.403481147999699,11.014963397865623,-7.883025970978627,-10.711768319611446,8.300905965781926,4.2718773539166,-4.688312263691955,-5.0847499635712525,-8.211947708879446,-16.469965635686936,7.8056902084105655,4.854717400832589,-14.264520148496723,-17.04943111494353,6.955499410449431,-5.825222580037526,-2.702259759766282,-0.1465929597503477,-1.0623978171685817,2.5914918710228148,-2.7644415568365406,-1.920700412079158,-0.20012021045242062,-3.7210255207664416,-0.17852849830063444,5.650492282515353,-2.748243988204384,-5.734504098392426,-0.19813354585348594,8.710073364789688,10.72778755986687,-16.289729812717727,12.560869140577012,-8.510212921363243,-9.20631249943435,0.5588213053905471,-16.447899506649243,-5.489051123898326,8.939867635636324,4.543160150188777,-6.945780333227401,4.401366901877091,-15.24379072254958
numHidden 	5
numGenes 	48
seed 	1586547562707
random 	java.util.Random@76fb509a
popSize 	20
maxEvaluations 	20000
minGene 	-3.0
maxGene 	3.0
tournamentSize 	5
crossoverPoints 	1
mutateRate 	0.4
mutateChange 	1.0
mutateRatio 	0.5
mutateRateSmall 	0.3
mutateRateLarge 	0.7
wepMax 	1.0
wepMin 	0.0
expAccuracy 	5.0
minTravel 	5.0
maxTravel 	20.0
neuralNetworkClass 	class coursework.MultiVerseOptimisation
Training Set Training
Fitness 0.005154702490292513