-0.024150327984595835,-0.5372748168016805,1.468491759810426,1.9270660179029033,20.750803063641413,-7.741066376074342,-1.420934921172257,6.157323805074126,-5.991327771796767,-6.918761082877579,3.8268506411838374,-0.6423005953334067,7.857572430450066,1.7428743142094112,11.288462918987847,-3.6376942030917743,2.309134971785131,0.13125888725146168,-7.296362720263104,5.938841389903691,-12.453236413392057,8.136524183859683,1.119046250295381,-0.6455266901466693,6.9412789025703905,0.20843990360677703,1.230008298621905,2.440090176870076,0.2551509792415721,-0.10867463199785876,6.536887663751545,-3.3272869082916454,-2.295255924853018,-0.8692135295096549,4.340077791002394,-14.596785033631274,-1.7791636739180232,-2.1930200590768716,11.864179858896225,0.577135661883314,-0.38905698951635376,-7.906396605337081,10.35654523170873,-10.864278821428687,-2.8113503201579793,0.8405566550008874,-0.46403673166196063,2.2315785559995813
numHidden 	5
numGenes 	48
seed 	1586547562707
random 	java.util.Random@76fb509a
popSize 	20
maxEvaluations 	20000
minGene 	-3.0
maxGene 	3.0
tournamentSize 	5
crossoverPoints 	1
mutateRate 	0.4
mutateChange 	1.0
mutateRatio 	0.5
mutateRateSmall 	0.3
mutateRateLarge 	0.7
wepMax 	1.0
wepMin 	0.0
expAccuracy 	5.0
minTravel 	5.0
maxTravel 	20.0
neuralNetworkClass 	class coursework.MultiVerseOptimisation
Training Set Training
Fitness 0.00907906748741127