-13.766783408590053,-4.293198516691691,3.6800227505711227,0.03912860344745957,-2.259314369223628,-3.641921257164222,6.4391161852319625,-11.226113464782948,-2.824003256356228,-5.868247356829038,-16.185196912810735,1.252213337481882,0.6513923919148066,-16.758794563972835,-0.34473550325451535,1.5795273706037387,5.1833015199590715,-5.15998576856313,2.9753821838622434,-12.838616026921574,-0.47622736573784663,-0.32067812523430095,-2.8808468865586936,3.2773852354928894,-2.5863143524037557,-0.5733843204277543,2.488612754765335,-1.7786539982260958,4.298078315201551,0.24626725317650977,1.4143404658641479,11.876566789878526,0.11826465698484628,-4.801631189934029,1.0162587036449313,-1.8554562074554117,-1.1727209646304149,0.3187685362209985,-4.683710919883114,-13.034204313826995,3.762015832714567,-1.4043866522678021,1.1282296852112483,-2.6608193234809927,-8.67642258125111,1.173433079317077,-2.0533316540869015,-1.6174097150472948
numHidden 	5
numGenes 	48
seed 	1586547562707
random 	java.util.Random@76fb509a
popSize 	20
maxEvaluations 	20000
minGene 	-3.0
maxGene 	3.0
tournamentSize 	5
crossoverPoints 	1
mutateRate 	0.4
mutateChange 	1.0
mutateRatio 	0.5
mutateRateSmall 	0.3
mutateRateLarge 	0.7
wepMax 	1.0
wepMin 	0.0
expAccuracy 	5.0
minTravel 	5.0
maxTravel 	20.0
neuralNetworkClass 	class coursework.MultiVerseOptimisation
Training Set Training
Fitness 0.010675840410620379