-1.8009418206710177,0.13833578137597513,5.59444339044615,3.000802973457704,0.9077934418777911,1.5143849964213034,-2.6555485557345713,-4.610915924650949,3.0029082300194982,2.095117359573953,-0.4420124123259823,-0.15962398388780485,3.4785515715002777,-0.8434246011497701,1.671973598038238,-2.985136092318317,-4.775959144347482,-2.2620785358806703,1.4867374922622432,3.446511753278992,2.0521391035632597,0.8278565336565051,0.17854079352609453,-3.4340072947652747,4.923651521298783,-0.2691469678646419,-5.546731670908786,0.35429401167082375,-0.21668190858310066,-1.0441449513714587,-3.0289424640309877,-0.3007566682779208,-0.5693983520626666,1.7173579740555986,-1.5284362523281283,0.09191064720001929,1.8971086832428714,-4.769323076392826,-1.148192957593738,0.029480646129331767,1.5451903875165787,2.336772970719103,2.952817378718003,1.5494822148491565,1.9157174769147893,2.9467869795475297,-0.13224517312498385,1.9944634813671858
numHidden 	5
numGenes 	48
seed 	1585596887871
random 	java.util.Random@76fb509a
popSize 	80
maxEvaluations 	20000
minGene 	-3.0
maxGene 	3.0
tournamentSize 	5
crossoverPoints 	1
mutateRate 	0.25
mutateChange 	0.5
mutateRatio 	0.5
mutateRateSmall 	0.1
mutateRateLarge 	0.8
wepMax 	1.0
wepMin 	0.2
expAccuracy 	6.0
minTravel 	0.0
maxTravel 	2.0
neuralNetworkClass 	class coursework.ExampleEvolutionaryAlgorithm
Training Set Training
Fitness 0.008940343970432175