-0.14236541442800577,-4.0250746139210305,-3.117934406318494,4.3718090581246525,0.40812085839058554,1.3480383190076997,0.6253717003342669,2.785910648596502,4.102652889955442,-3.343031785471438,1.2544503803759035,-1.1794488205430742,-0.9639363026443961,1.171301763927863,-0.03618151419989046,1.0084521927956027,2.2611172166365137,-2.1575008236314828,2.238972050637477,-3.713079369934759,-0.2768852029599822,0.930893597264844,1.9546136362437747,2.984375796614448,0.033902699613281406,-2.950848372456723,-0.9186500219266662,7.2877720195625795,-1.0346280982757485,-0.0878615870946966,1.1627495142488637,3.011009936621032,0.44649618840915606,1.0006928383405764,3.911564749608446,1.9835508747340795,2.4111817645843834,4.4886415207327435,0.9181449755587305,1.8027494325510398,-1.642816399057808,0.24360525030060143,1.426057490613644,1.4891276183886468,-3.7221642225925997,-2.990166294633358,0.7118396943862617,0.6526266886943146
numHidden 	5
numGenes 	48
seed 	1585596887871
random 	java.util.Random@76fb509a
popSize 	80
maxEvaluations 	20000
minGene 	-3.0
maxGene 	3.0
tournamentSize 	5
crossoverPoints 	1
mutateRate 	0.25
mutateChange 	0.5
mutateRatio 	0.5
mutateRateSmall 	0.1
mutateRateLarge 	0.8
wepMax 	1.0
wepMin 	0.2
expAccuracy 	6.0
minTravel 	0.0
maxTravel 	2.0
neuralNetworkClass 	class coursework.ExampleEvolutionaryAlgorithm
Training Set Training
Fitness 0.01778555795059011