0.7859143596739955,3.7990650146978586,1.8731737438650615,-0.582531751904038,-2.6097354552842646,3.824281140344425,1.126009751029402,2.982660396495939,-3.8595336187448703,2.466879916812128,0.8829575978685851,1.6744049856623962,2.0795131704814125,2.154734957669267,-0.9576162314480383,0.6997846533679466,-0.13485004759225272,-2.8629485866357873,2.418776331937745,0.34787315367145677,-3.672653324191928,0.8513265645229646,-0.870181510634481,0.24099268274420638,3.4045454423247588,-0.28638833400150765,-0.40794287578214394,1.7662531245183173,3.7226471103511543,0.01807402685895232,0.4840701752777532,-1.262818137843655,4.7053911382589995,3.7237281683727543,-0.49119957180479457,-1.362941681326598,-2.316182902902825,0.29620293150308186,2.8282801140055263,1.7866374037472685,0.007190405619653006,-2.5517658773573886,-0.898160184072434,1.7946032918526469,2.1245672508273667,1.1362436396330189,-2.005561888516124,-0.618491165091136
numHidden 	5
numGenes 	48
seed 	1585596887871
random 	java.util.Random@76fb509a
popSize 	80
maxEvaluations 	20000
minGene 	-3.0
maxGene 	3.0
tournamentSize 	5
crossoverPoints 	1
mutateRate 	0.25
mutateChange 	0.5
mutateRatio 	0.5
mutateRateSmall 	0.1
mutateRateLarge 	0.8
wepMax 	1.0
wepMin 	0.2
expAccuracy 	6.0
minTravel 	0.0
maxTravel 	2.0
neuralNetworkClass 	class coursework.ExampleEvolutionaryAlgorithm
Training Set Training
Fitness 0.04336285896531449