1.4717087512628377,-0.6630773382241326,-2.323958769826004,-0.5197756726773086,-3.9903664492887483,-3.5713931228061115,3.904038345982019,-1.7475028271095385,3.2419104877754945,-1.7002460362805656,3.3460675926389127,-0.0792413447953928,3.131647777490997,1.9101311196032924,-3.874071357143965,-4.170347278009922,4.9687832424797955,-0.21271939663985862,1.4594641582822314,-1.3941342880878596,3.0265856527911925,0.6179843209379379,3.9639181055330166,-3.438491037512745,-0.3297119751402944,-3.236080987712265,-0.9803484751948606,-1.261351527636922,-6.497620047687029,0.15614475343496625,-2.970671677029567,0.5978580600669554,-2.6956060699294255,-0.32199924003643865,-0.7130984905473579,4.428212900783042,1.3588732490071829,0.7641413257721803,-1.1430195561082241,2.888365935908081,-1.967992961531901,0.0804431344464005,-4.264925567052972,2.8629415305867223,-0.810109027306023,-0.01315910005367149,-1.5720957696086835,-0.3811067013183518
numHidden 	5
numGenes 	48
seed 	1585596887871
random 	java.util.Random@76fb509a
popSize 	80
maxEvaluations 	20000
minGene 	-3.0
maxGene 	3.0
tournamentSize 	5
crossoverPoints 	1
mutateRate 	0.25
mutateChange 	0.5
mutateRatio 	0.5
mutateRateSmall 	0.1
mutateRateLarge 	0.8
wepMax 	1.0
wepMin 	0.2
expAccuracy 	6.0
minTravel 	0.0
maxTravel 	2.0
neuralNetworkClass 	class coursework.ExampleEvolutionaryAlgorithm
Training Set Training
Fitness 0.013111612173557299