0.6063276693509918,-2.7311598276453504,-0.27783196643216534,-5.397470490207565,-1.2877781915676545,2.178355926291479,0.40391539896361284,6.141505659973659,-1.2340532006774856,-4.042828649787212,2.1283683186166704,-1.9310714896273478,-0.7319628948609074,-3.813589205657772,-0.5589514164775871,-0.3391037835737718,-2.333330804459548,2.997240447477208,-2.5589938156234044,3.287831639828383,-2.131109009743272,-1.2151314022656106,-0.695497973677198,-0.8255349998419961,1.7845873848764375,-0.09232434885728402,0.15166928161936433,-0.9476434619720866,0.4233549143496509,-0.5296666655081013,1.7953801427718519,-4.068576745295434,1.9191837469677946,-4.08435419923513,-1.7340158476244025,1.3425340821387124,0.8149226091054622,-0.25586290217674446,5.327979027295127,0.47273130315169265,2.1593723929462376,-1.3259891751176371,0.6431524890143465,4.457652501739252,0.9639340320022445,1.3191037011587223,1.071830931293281,4.441805081339366
numHidden 	5
numGenes 	48
seed 	1585596887871
random 	java.util.Random@76fb509a
popSize 	80
maxEvaluations 	20000
minGene 	-3.0
maxGene 	3.0
tournamentSize 	5
crossoverPoints 	1
mutateRate 	0.25
mutateChange 	0.5
mutateRatio 	0.5
mutateRateSmall 	0.1
mutateRateLarge 	0.8
wepMax 	1.0
wepMin 	0.2
expAccuracy 	6.0
minTravel 	0.0
maxTravel 	2.0
neuralNetworkClass 	class coursework.ExampleEvolutionaryAlgorithm
Training Set Training
Fitness 0.009387024463811913