1.5872502469520127,-2.5569337173698097,0.47683156331042253,1.1665894601343947,3.9778668885371085,-3.116566220805855,0.6204376337863211,2.336235803613593,-1.756028580786312,3.2955117184428264,0.6479141051139434,4.476624840198144,1.7193756311165034,-3.20487122515136,2.4496343678222354,-3.4479096575234878,2.8283941057115856,-3.5473406718989695,2.5150121732009687,0.6763682205121295,1.2652871459559751,3.3094465281889045,-1.2828612930448164,3.672770356153931,-0.8882772729889163,0.3629955197924044,2.0844711054957807,2.220804806902142,3.0484101668976473,-0.715955363893801,-3.131152304244448,0.8018809733530698,-4.280539490762159,-0.2565083392552605,-4.062550828175024,0.8825976018969746,-0.4468850537288338,1.280065501901543,0.7440661682404697,0.4673696168047945,0.7365924737770042,0.2161014831569581,5.0157105909494915,-3.6136583745672786,0.3986322321109368,3.371146220723965,1.0941859522163462,-0.5720638384093739
numHidden 	5
numGenes 	48
seed 	1585596887871
random 	java.util.Random@76fb509a
popSize 	80
maxEvaluations 	20000
minGene 	-3.0
maxGene 	3.0
tournamentSize 	5
crossoverPoints 	1
mutateRate 	0.25
mutateChange 	0.5
mutateRatio 	0.5
mutateRateSmall 	0.1
mutateRateLarge 	0.8
wepMax 	1.0
wepMin 	0.2
expAccuracy 	6.0
minTravel 	0.0
maxTravel 	2.0
neuralNetworkClass 	class coursework.ExampleEvolutionaryAlgorithm
Training Set Training
Fitness 0.03273888761155521