-3.479116376996461,3.78039971374581,-0.7618453139149308,1.9015010755467103,-1.7612311689236684,1.5839031642459975,-1.9500074492077926,-0.52797000404634,5.524308139032557,-2.603029557796039,-3.83830978872885,-0.5456739790094556,0.26624831505689883,1.0910950859712525,0.23121422817373372,3.119571967676558,1.130868033206367,3.529445914176268,0.8269602360850585,0.24820686233508127,-2.372920314097218,-3.350137806243569,-1.99816947625283,-3.4003715023562613,1.4902908137634454,0.08324475512620122,-3.568540792558517,-0.5918597490402222,-1.4955783920809986,2.452945468188817,-2.5882960126233447,-4.676464034011408,4.78740508201996,-1.6414887244917864,-1.3383678797829885,-1.5059815831033925,2.891672678453567,-0.7048130353530064,-2.5768489990368098,2.205938379051103,0.33479887898886185,4.049471859269191,-0.30871413618684773,-0.16943301684068457,-0.3776059262844491,1.8776195768623616,-2.334606094511974,0.661970219968568
numHidden 	5
numGenes 	48
seed 	1585596887871
random 	java.util.Random@76fb509a
popSize 	80
maxEvaluations 	20000
minGene 	-3.0
maxGene 	3.0
tournamentSize 	5
crossoverPoints 	1
mutateRate 	0.25
mutateChange 	0.5
mutateRatio 	0.5
mutateRateSmall 	0.1
mutateRateLarge 	0.8
wepMax 	1.0
wepMin 	0.2
expAccuracy 	6.0
minTravel 	0.0
maxTravel 	2.0
neuralNetworkClass 	class coursework.ExampleEvolutionaryAlgorithm
Training Set Training
Fitness 0.08251499466700929