0.7474260322657846,1.806440717111892,4.6459475130863845,-2.2153787506809124,-0.6298501774590628,0.27767343370326536,-1.659078455551561,3.579875697500741,2.6807081070249597,5.038309667802236,-1.8702768611752263,-3.366633794884314,3.8787276220573643,-5.2229112584834185,0.5023127201913322,2.0152996776845837,-3.4637990203443825,5.172997127001711,2.614627617933353,1.4288828730421415,0.7202722338152081,1.861033095512001,0.9767138789773444,0.004437602476756286,-0.4391403115124768,6.239829324156987,-1.2096766621442288,-0.8290174804482477,-0.24519035558075508,-3.6331015453076407,-2.142420544096966,-0.2731107344069734,2.8526493718087123,1.3963761769639973,1.9730936870498974,-2.181761949564841,1.3134816831378338,-1.878525145249351,6.2121248331830605,-4.937607576334619,2.1714903714726246,3.2429464575958606,0.4513559709796997,5.402193880823198,2.522691439684814,3.6435212103228407,2.7054495511891403,2.2962668301179727
numHidden 	5
numGenes 	48
seed 	1585596887871
random 	java.util.Random@76fb509a
popSize 	80
maxEvaluations 	20000
minGene 	-3.0
maxGene 	3.0
tournamentSize 	5
crossoverPoints 	1
mutateRate 	0.25
mutateChange 	0.5
mutateRatio 	0.5
mutateRateSmall 	0.1
mutateRateLarge 	0.8
wepMax 	1.0
wepMin 	0.2
expAccuracy 	6.0
minTravel 	0.0
maxTravel 	2.0
neuralNetworkClass 	class coursework.ExampleEvolutionaryAlgorithm
Training Set Training
Fitness 0.009066812731630194