3.7119791856527815,-5.425582130443941,2.4380704654919185,2.5430661844043847,-1.515668779902613,-6.553329344331303,-1.6066426777527472,2.9528065112821484,-0.39968036862078105,0.8891290415415565,1.8361022957550475,-3.1297332310777444,3.3988811069139566,-0.8466644755334602,-4.5619522802390176,-9.04628989569803,-0.8698846243690084,-1.0912120008875164,-1.4332829420869704,0.5829613142884185,-0.7281197114273432,0.30501094815364205,-1.3640623813518076,-0.824024141769466,3.2679241006481226,0.239359300638319,0.27001632282161125,0.2449939979707294,4.99431184746069,-2.9666404482458084,1.1723118871443337,-2.5526825781346254,-3.390267989298854,-5.125597793064135,-0.524076240217016,-2.397509911343599,0.25036783448593436,-4.997388624648793,-8.685075489900385E-4,-1.099361256785304,-2.179403132844438,0.37113373474726075,-3.3491230047509175,-0.5934704395193369,0.46067668533804884,-0.9935736915128146,0.2787020421129558,1.0043325477553813
numHidden 	5
numGenes 	48
seed 	1585596887871
random 	java.util.Random@76fb509a
popSize 	80
maxEvaluations 	20000
minGene 	-3.0
maxGene 	3.0
tournamentSize 	5
crossoverPoints 	1
mutateRate 	0.25
mutateChange 	0.5
mutateRatio 	0.5
mutateRateSmall 	0.1
mutateRateLarge 	0.8
wepMax 	1.0
wepMin 	0.2
expAccuracy 	6.0
minTravel 	0.0
maxTravel 	2.0
neuralNetworkClass 	class coursework.ExampleEvolutionaryAlgorithm
Training Set Training
Fitness 0.005821395632944294