0.5783597829234379,-2.495189114518415,-2.423279088273215,4.454157372402269,-1.6957022150268415,-1.6933230682737166,-1.6193235276038176,-4.3947147321966336,-0.8825464283462634,4.270390559516679,2.6328514504987695,0.6763038854816563,1.2760610883212689,-4.841005433769857,0.9455252165414159,-2.981697678669758,4.314853962760759,-2.6265557423188746,-1.0648332657654018,1.6812753406947483,0.045339946799641595,-2.4130693492261055,-0.975366275090622,1.6792265800931832,-2.587947862361604,4.493285571865314,2.1873096447893143,2.515230862035189,-3.1682361556399106,-1.6711008839037174,2.9820330890055873,2.763119899555635,-0.7663114503947384,2.9703342899963516,3.817031628081895,1.7525801619660948,0.6316925943398228,-1.7901398904594361,-2.5042600005205697,-1.3816037954994114,-2.981190022332414,-1.9175822987252489,0.12595818019128657,-0.9752017651763805,0.9322824192425312,0.41561185120399147,1.636818547728378,1.22427558005334
numHidden 	5
numGenes 	48
seed 	1585596887871
random 	java.util.Random@76fb509a
popSize 	80
maxEvaluations 	20000
minGene 	-3.0
maxGene 	3.0
tournamentSize 	5
crossoverPoints 	1
mutateRate 	0.25
mutateChange 	0.5
mutateRatio 	0.5
mutateRateSmall 	0.1
mutateRateLarge 	0.8
wepMax 	1.0
wepMin 	0.2
expAccuracy 	6.0
minTravel 	0.0
maxTravel 	2.0
neuralNetworkClass 	class coursework.ExampleEvolutionaryAlgorithm
Training Set Training
Fitness 0.10808198627591203