1.2856364645351412,0.10800588197119598,-3.9691085722926505,5.176221903088166,-1.7806259086309173,-2.6209183133312983,2.1340548994754704,-3.4499265710371425,1.289842663519341,4.017300805495845,2.04909774720975,1.9235428985388552,-4.541987539274341,3.7663287542591455,2.175457406481497,-2.6902317273508127,-1.5041675252008502,-3.5356775946390453,-1.4958010115543274,-1.6714084989764064,-0.00969075484435944,-1.7343061387147438,-1.0908253248782662,0.013042828403894369,2.05516991182151,0.6866334913822634,1.8811722209773158,0.18956379197272266,0.1696312065679848,1.2098250878196866,-3.570911509986776,1.9808465868647707,-3.5643573668349298,0.8823175650151649,2.177782101757791,1.5819985340690916,-2.3986584052182263,2.5648268229140605,-3.4466922254434404,2.6616936527077457,-2.5865620359773174,-2.839186733991087,-1.6004978624735662,-2.812646014851002,0.2563343283922679,1.7724879392959982,-0.9953690101252288,1.0616164078244896
numHidden 	5
numGenes 	48
seed 	1585596887871
random 	java.util.Random@76fb509a
popSize 	80
maxEvaluations 	20000
minGene 	-3.0
maxGene 	3.0
tournamentSize 	5
crossoverPoints 	1
mutateRate 	0.25
mutateChange 	0.5
mutateRatio 	0.5
mutateRateSmall 	0.1
mutateRateLarge 	0.8
wepMax 	1.0
wepMin 	0.2
expAccuracy 	6.0
minTravel 	0.0
maxTravel 	2.0
neuralNetworkClass 	class coursework.ExampleEvolutionaryAlgorithm
Training Set Training
Fitness 0.009525294252009531