3.970527646462884,-1.8015031198300884,-2.7409995153159077,1.9606912377239523,-0.849416783275891,1.2912723509256079,0.5767766738097366,1.0871106742603747,4.562656516125751,2.215010390321117,-1.3463207408919207,-3.783026934177933,3.402477864872491,3.669374206562673,-1.9182060103225451,2.38547066307008,2.887393951429912,-0.17670405376854514,2.2871317002925835,2.8020098940972593,-1.0218811531962428,0.7010026512775771,1.7541006764762965,0.4106961469352939,1.2633759326169605,-5.39764848722198,0.7285264468863653,-2.4788804914649205,-0.6789629565810684,-3.7282904841913487,2.1748927808257292,-3.2045984244443466,-3.8555816560820118,-2.437622035233991,3.1994552422512275,3.581404900208364,2.3711065741429875,3.4859307532565342,0.6617610385339887,0.23660668225788806,-4.9692684803390605,2.648742379038757,-0.3528419182368472,4.991719075566325,0.21912688410271386,1.5170512617807983,0.48529364228916805,-4.12744871226828
numHidden 	5
numGenes 	48
seed 	1585596887871
random 	java.util.Random@76fb509a
popSize 	80
maxEvaluations 	20000
minGene 	-3.0
maxGene 	3.0
tournamentSize 	5
crossoverPoints 	1
mutateRate 	0.25
mutateChange 	0.5
mutateRatio 	0.5
mutateRateSmall 	0.1
mutateRateLarge 	0.8
wepMax 	1.0
wepMin 	0.2
expAccuracy 	6.0
minTravel 	0.0
maxTravel 	2.0
neuralNetworkClass 	class coursework.ExampleEvolutionaryAlgorithm
Training Set Training
Fitness 0.019766613028250335