-3.8882139786226197,-2.625718920668832,3.4553629342271055,-1.449319868390469,4.534968052739469,3.938257480702097,2.4804617646835414,-1.6902493042719613,2.05978595057083,1.5673481770879611,-4.35177215716838,-1.944807250240948,4.429571472986168,0.9105735942719324,2.764627874320886,0.047714857405318334,-3.0084761329339558,-0.16590532674051683,-2.6177745264546033,4.7014416623826785,-1.42302711586495,1.4471894400071719,-2.3478199788172747,3.2862092389652044,1.2412975509655375,-0.8901818836391175,2.109235239681814,-1.9541347241418343,-4.839931135028719,0.2803570763886345,-1.9904924746329984,2.031587221880245,4.546349104079024,2.7398197154155053,0.5029987730721039,-1.0292871452578574,3.378306063400828,2.055014053685574,-2.8098374830966852,4.3642328807528505,-0.8963360753577387,-1.5684096705447286,0.7281475135692113,-3.7538119859274914,3.8259254507935276,3.4802007276498887,2.7447706672219514,-1.6627414057762806
numHidden 	5
numGenes 	48
seed 	1585596887871
random 	java.util.Random@76fb509a
popSize 	80
maxEvaluations 	20000
minGene 	-3.0
maxGene 	3.0
tournamentSize 	5
crossoverPoints 	1
mutateRate 	0.25
mutateChange 	0.5
mutateRatio 	0.5
mutateRateSmall 	0.1
mutateRateLarge 	0.8
wepMax 	1.0
wepMin 	0.2
expAccuracy 	6.0
minTravel 	0.0
maxTravel 	2.0
neuralNetworkClass 	class coursework.ExampleEvolutionaryAlgorithm
Training Set Training
Fitness 0.015491820715614366