-0.2126773959017667,-1.1540722980557208,-1.0155271405251307,2.7317760469197063,0.814559886829338,-2.862359927783536,-2.9296419495169204,-1.7660620101733855,-0.45346841382901926,-0.5086976128902299,-1.9364746159501742,-2.0652242378080103,-2.565613796026234,-0.3524049881813216,2.480718220627378,1.2653826220298194,0.8604231023695039,1.9677952998338872,2.8397166584007616,-2.1879008266427293,2.3385008024189187,2.1231190949991685,-0.7252563819564184,-1.1993100294586103,2.6123254338180564,1.4265716872078293,-1.45558067780616,-2.8644816792498786,-2.291998311178796,-0.4937121558846398,-0.8946203994041508,1.2180912289399979,-2.5196965417976824,3.240274695130532,-1.6723456451295258,0.5556635346056753,-2.3310415009024115,-1.6175711424917063,-0.5430299151302354,-2.5791718541048567,-0.6691441841914565,-0.4813152567291876,-1.6275028269190712,0.8757509657309948,-1.9488112784320408,1.3886303571233807,1.8194278362782241,1.714944853249862
numHidden 	5
numGenes 	48
seed 	1585596887871
random 	java.util.Random@76fb509a
popSize 	80
maxEvaluations 	20000
minGene 	-3.0
maxGene 	3.0
tournamentSize 	5
crossoverPoints 	1
mutateRate 	0.25
mutateChange 	0.5
mutateRatio 	0.5
mutateRateSmall 	0.1
mutateRateLarge 	0.8
wepMax 	1.0
wepMin 	0.2
expAccuracy 	6.0
minTravel 	0.0
maxTravel 	2.0
neuralNetworkClass 	class coursework.ExampleEvolutionaryAlgorithm
Training Set Training
Fitness 0.12577739043003722