1.8300783939303304,-0.10954501423968743,2.936251869631489,2.654671780520274,-3.0095631206694637,-2.239849601222879,4.390779170226763,4.963393791429867,-3.2411603926358303,-4.8500134005535465,2.176565790337543,0.005455476394642389,0.6543658726608088,3.29288204272933,-1.976217896899901,-0.08087971746960809,3.65521037869948,2.489634922023619,0.46619858470226117,4.567739807175786,1.9670610517799498,-4.305109077548899,-8.669530378742067,-4.380326343848771,5.442924903832115,-0.44945302505529927,1.0810012668984283,-1.7544317889977856,-4.544829814570645,-4.995729790950264,4.798743010343527,-4.775615019123411,-0.9122568535539703,1.1897654389000487,-1.2833048574137274,5.506358498958819,0.844947948887401,-1.4161017218634826,-1.5015389973131548,-2.721020109089863,0.7078365070691355,-0.21407681713987614,-0.6096399893249016,-1.0107228214577435,-0.1989777141929916,-0.9082845039397922,-2.8860177061772916,0.2323630429442618
numHidden 	5
numGenes 	48
seed 	1585834195522
random 	java.util.Random@76fb509a
popSize 	80
maxEvaluations 	20000
minGene 	-3.0
maxGene 	3.0
tournamentSize 	5
crossoverPoints 	1
mutateRate 	1.0
mutateChange 	1.0
mutateRatio 	0.5
mutateRateSmall 	0.05
mutateRateLarge 	1.0
wepMax 	1.0
wepMin 	0.2
expAccuracy 	6.0
minTravel 	0.0
maxTravel 	2.0
neuralNetworkClass 	class coursework.QueenBeeEA
Training Set Training
Fitness 0.035992413276648955