3.6026187502355107,-2.137268288965142,-4.68652609849943,-3.600356383165149,2.9577023041453465,-2.262611059899902,3.6901809083015173,6.126404923143767,-1.1898745337935042,-3.221480631690933,-2.6464270035041957,1.8236507505358102,-0.5326707591626176,1.6782128449388933,1.2898406436329264,4.185159925646788,1.566526228482624,3.8956715343015595,-0.9545531540447476,-3.2301246818926215,0.9256330354157019,-3.982575559416593,-0.6745579713822014,0.13558504630622448,-0.568689484735744,1.0089442125794257,-0.8237810207173482,4.505822266717928,0.9489134699490327,-0.14434990345564902,-2.1150285780976983,0.4513637319401109,0.1434491705628993,-2.2268991107128198,2.0025807202298846,2.791315406171999,-1.7157454542885864,1.0358011148149298,3.5054757344998606,-2.5562554236115633,2.797411726190301,-1.9456315168761478,-2.8398950815708233,-2.440348349834443,-0.09930360929382243,8.971397415688585,0.4528360925285959,-1.0372941088186405
numHidden 	5
numGenes 	48
seed 	1585834195522
random 	java.util.Random@76fb509a
popSize 	80
maxEvaluations 	20000
minGene 	-3.0
maxGene 	3.0
tournamentSize 	5
crossoverPoints 	1
mutateRate 	1.0
mutateChange 	1.0
mutateRatio 	0.5
mutateRateSmall 	0.05
mutateRateLarge 	1.0
wepMax 	1.0
wepMin 	0.2
expAccuracy 	6.0
minTravel 	0.0
maxTravel 	2.0
neuralNetworkClass 	class coursework.QueenBeeEA
Training Set Training
Fitness 0.10536744998558091