0.8773999222209334,3.570104441545917,-2.937040575144235,1.2921913183165668,-5.054506234454823,2.0399341829220985,0.29764801200430524,6.883038552479011,-3.2752546496573665,-3.0554254509022023,2.315933317793423,3.2425378385940817,1.4173688949626766,-0.02474775654958883,-1.2583352325090074,1.7451015074296077,2.8550001114410515,-3.2587396208798607,-3.8637415420007937,-6.902843575438676,1.0722881441766647,0.07399008000195417,0.5602322718518664,2.150619749559773,-7.761083939169927,6.6112547944805025,0.036154304066746246,-1.3754843243405173,-0.22469951685291267,-3.7373518433578097,1.8538746175133252,0.6738600494037792,0.554921617445487,-1.4565004189817286,-6.313155323485619,2.004479766367284,-1.9774323971929952,-3.178932938682663,-0.17951338248413728,-2.3962259315760877,-1.201987625698135,-5.758783847545862,-3.122436577088372,-0.024216186107865134,1.2623805707032183,2.5159452026219196,0.6969809328763201,0.2747972385949251
numHidden 	5
numGenes 	48
seed 	1585834195522
random 	java.util.Random@76fb509a
popSize 	80
maxEvaluations 	20000
minGene 	-3.0
maxGene 	3.0
tournamentSize 	5
crossoverPoints 	1
mutateRate 	1.0
mutateChange 	1.0
mutateRatio 	0.5
mutateRateSmall 	0.05
mutateRateLarge 	1.0
wepMax 	1.0
wepMin 	0.2
expAccuracy 	6.0
minTravel 	0.0
maxTravel 	2.0
neuralNetworkClass 	class coursework.QueenBeeEA
Training Set Training
Fitness 0.09970131989424566