-6.237121691201203,5.753333451961897,-8.27230111646724,-0.539283581521051,0.2534609311734428,1.7194402520666854,-2.9027234717573185,-3.885936581894847,-4.020817128311489,-7.114805106350408,-2.989789440955635,0.01995290910378067,-3.0632077628680046,-0.5723296653965044,1.1515877296122552,0.9145638622769185,-2.278674035174527,-3.4231346664002005,-1.8206464474007351,-7.804636540709495,2.6398615817732773,-1.0331089148973147,-5.566572001403955,4.602650291763371,4.929780747749923,-2.565988949743395,2.837552001230522,0.7618977610715634,1.2299839257822063,-0.0717874351601635,-4.638453186216552,-2.7672128007748995,-1.6215193870316833,2.216714353990116,1.995345645471569,2.425952712065036,2.66251554514737,-9.40507286778605,-0.4173671992883383,1.3793204884139745,1.887624355395432,-0.9550102037359647,0.44591858700316545,0.7042837505871358,-4.940252495717479,-1.8058829365645934,4.506353230802261,-2.9821845291900555
numHidden 	5
numGenes 	48
seed 	1585834195522
random 	java.util.Random@76fb509a
popSize 	80
maxEvaluations 	20000
minGene 	-3.0
maxGene 	3.0
tournamentSize 	5
crossoverPoints 	1
mutateRate 	1.0
mutateChange 	1.0
mutateRatio 	0.5
mutateRateSmall 	0.05
mutateRateLarge 	1.0
wepMax 	1.0
wepMin 	0.2
expAccuracy 	6.0
minTravel 	0.0
maxTravel 	2.0
neuralNetworkClass 	class coursework.QueenBeeEA
Training Set Training
Fitness 0.10679851012446634