-4.619453811367206,-1.4490246864424474,-3.412063394583713,-0.5447977556269574,-6.02920357420857,4.6124724787900435,-6.605316455718977,-3.2109263222503595,0.07192688975021966,-1.7156793262377406,-4.253560401598913,-2.2968974353616187,-0.133453534669842,-3.329087154100568,-3.4849842562053963,1.9624275135989153,-3.928852017937043,0.9496839038715139,0.40900307493515964,2.9562111659405277,-5.731206665213501,1.4161525025447785,-1.2576331067041755,4.393660193445382,1.6996188845562425,1.9884195142172048,-0.4391516900394672,-2.001391469310957,-4.052061469404535,-0.037772827221693506,-4.499043394771829,0.3495748765668898,2.321254865417515,-0.29947344124706277,4.111103321648944,-1.6743160275820994,-6.144312834537422,-4.275223793534765,-3.9990008495979517,0.5199680439578791,4.090715288561486,1.8136020290027517,-1.9829950710559663,6.368845321308984,0.26495154297557333,-1.9988529060121136,1.4990870061539399,-5.13351717211099
numHidden 	5
numGenes 	48
seed 	1585834195522
random 	java.util.Random@76fb509a
popSize 	80
maxEvaluations 	20000
minGene 	-3.0
maxGene 	3.0
tournamentSize 	5
crossoverPoints 	1
mutateRate 	1.0
mutateChange 	1.0
mutateRatio 	0.5
mutateRateSmall 	0.05
mutateRateLarge 	1.0
wepMax 	1.0
wepMin 	0.2
expAccuracy 	6.0
minTravel 	0.0
maxTravel 	2.0
neuralNetworkClass 	class coursework.QueenBeeEA
Training Set Training
Fitness 0.020762536188628458