3.040182101120541,3.929174220546809,-0.6489579320311485,-3.2416719522122204,0.4531745718880984,-0.4165130226620084,-1.5192011893647641,3.804475188110823,1.691962476105794,4.636719312451622,3.888787681739899,4.5411698429327565,1.7584468670323274,-0.5626161685894018,-4.462797978896351,6.4870485803898665,0.6850505079805833,-2.0598067680290235,4.61136018347237,1.2533977078538596,3.905705751951502,2.2704132571976965,-2.095388830423755,-1.0310867264950963,-6.831553061389549,0.16097538939683886,-1.4783723392543493,-1.2918971347657449,1.6690106895773553,-0.03832244024579179,6.867706117346283,-0.21673098506855437,1.3550649673710673,-5.388363077648605,-6.901178608207004,-1.7750245472959483,0.18237769833496564,1.5291309038143588,3.6011645764517715,-4.497038979733267,3.318780181227914,1.7651793587921984,2.101954908888086,4.387378636584627,4.688167175016797,-2.5734229295173954,2.2427930397662132,1.2543920933518382
numHidden 	5
numGenes 	48
seed 	1585834195522
random 	java.util.Random@76fb509a
popSize 	80
maxEvaluations 	20000
minGene 	-3.0
maxGene 	3.0
tournamentSize 	5
crossoverPoints 	1
mutateRate 	1.0
mutateChange 	1.0
mutateRatio 	0.5
mutateRateSmall 	0.05
mutateRateLarge 	1.0
wepMax 	1.0
wepMin 	0.2
expAccuracy 	6.0
minTravel 	0.0
maxTravel 	2.0
neuralNetworkClass 	class coursework.QueenBeeEA
Training Set Training
Fitness 0.05356627252019168