0.9436559596753686,1.3538108233294626,-6.524034830175438,-1.619666489110449,0.5794013914418601,1.722049966304886,7.062426721593708,1.1541929983830608,3.152411350360408,-3.798744044967844,3.8455167159758625,-0.9649914279951668,-10.89642285549311,1.9319963449633688,-4.106642647890578,4.9780264875664475,6.254416947688458,8.320534946579095,5.281325864927602,-1.519342323698357,3.0340829424247673,-3.3629049467462995,2.085952333361279,3.943991676561311,-7.462014602291919,-1.1256273957118337,0.950393595982832,-0.7127928326861115,4.5576216966408225,-11.133269563669408,6.360095969350349,-4.787231699287758,5.953619493770102,4.074794708482191,-1.7815717276792715,4.893341440639341,-3.086075605842775,4.281976211218922,2.700739851344874,3.6619147629300874,-1.25351306482003,-0.27126600980280813,0.6914705128200653,-2.4653521717533757,-5.099277991151122,-2.072804258026463,-2.627389411639156,-2.9184701072464403
numHidden 	5
numGenes 	48
seed 	1585834195522
random 	java.util.Random@76fb509a
popSize 	80
maxEvaluations 	20000
minGene 	-3.0
maxGene 	3.0
tournamentSize 	5
crossoverPoints 	1
mutateRate 	1.0
mutateChange 	1.0
mutateRatio 	0.5
mutateRateSmall 	0.05
mutateRateLarge 	1.0
wepMax 	1.0
wepMin 	0.2
expAccuracy 	6.0
minTravel 	0.0
maxTravel 	2.0
neuralNetworkClass 	class coursework.QueenBeeEA
Training Set Training
Fitness 0.006338473549824922