1.0744322837268898,3.1169492079688776,0.5293141502266208,-1.2583207115663528,-0.7070856276974304,-2.203275129990317,3.1267835710296144,7.333389204561504,-4.669761319436378,-0.9046217264289345,-1.3248113689307006,3.1950681423668588,-7.620566337259896,0.6682354918981428,-8.023246118920802,-0.9798923656917218,0.16511237783920674,7.157442318713442,6.99084136266093,-10.658080203895063,-2.1189384567198855,-1.688159388751341,-1.9050557841843574,2.7569592468228903,-3.259600776270406,1.532762853816624,0.3054716388101708,0.7133018831904128,10.672226411680235,0.39747729619568073,1.7858808282652205,3.4297703590069695,-2.4372199271775816,2.169625351220014,-9.766001077682493,0.7296388472744422,-5.299696079442615,-0.15781655210803835,7.818885946464173,-1.569785581232773,-3.4934130989164345,0.444487005891832,-4.635960646917129,0.5409758528128901,-3.495067195321429,2.988939632695393,2.1117062799213695,-2.9390098984723263
numHidden 	5
numGenes 	48
seed 	1585834195522
random 	java.util.Random@76fb509a
popSize 	80
maxEvaluations 	20000
minGene 	-3.0
maxGene 	3.0
tournamentSize 	5
crossoverPoints 	1
mutateRate 	1.0
mutateChange 	1.0
mutateRatio 	0.5
mutateRateSmall 	0.05
mutateRateLarge 	1.0
wepMax 	1.0
wepMin 	0.2
expAccuracy 	6.0
minTravel 	0.0
maxTravel 	2.0
neuralNetworkClass 	class coursework.QueenBeeEA
Training Set Training
Fitness 0.004724547248088569