-3.7061544238674764,-3.3357806701981487,3.368628817559361,-17.76387666057572,3.3436889673725214,-5.645171144377481,-0.22001053231253434,8.352045345669179,-3.672695818002289,-7.166718144830247,1.6923052503136304,-0.12284486868788547,-8.587951351130084,-4.542359176064038,-0.5623604387198446,-9.637528172401895,-5.934408079414751,-5.643136733987732,-2.829375876293237,-1.534013750806601,-4.633468078371846,1.0594724336773937,4.455073185638549,-0.9015530326899036,4.631074620505714,0.06328449342075658,4.415053157140779,-0.7584943197873875,0.5505363142282752,9.805452394483826,3.0178311439271632,-7.081670113834642,-1.2778376874290522,4.076356170454225,0.3674766037275842,6.673467443968616,-2.7851892573114707,-1.2158204287601961,-1.7523426398294095,-9.366697053927465,1.8116267303859854,-2.8663347556205143,-0.4358756990578939,-3.1597755532285565,-2.5636751314015886,0.9479238738327103,-1.7115498671483644,-3.340108051119213
numHidden 	5
numGenes 	48
seed 	1586534593805
random 	java.util.Random@76fb509a
popSize 	20
maxEvaluations 	20000
minGene 	-3.0
maxGene 	3.0
tournamentSize 	5
crossoverPoints 	1
mutateRate 	0.4
mutateChange 	1.0
mutateRatio 	0.5
mutateRateSmall 	0.3
mutateRateLarge 	0.7
wepMax 	1.0
wepMin 	0.0
expAccuracy 	6.0
minTravel 	0.0
maxTravel 	17.0
neuralNetworkClass 	class coursework.MultiVerseOptimisation
Training Set Training
Fitness 0.013881423641117632