-0.8740538125385877,-3.5975799217928164,-2.217009734413844,1.7382263600868324,5.569078790627817,-7.500308025223394,0.5936273519717477,4.643616554974344,6.432918520124746,-2.3640970827929193,4.154953718765288,-4.142103038880441,-5.015864973653218,0.8491581088164749,2.1602210799934394,1.4271282512044117,-5.377269247930279,-2.9122315903506553,8.004373677994217,-0.2870338202356117,0.3731262887425947,3.8482516812681147,-4.2676265110668155,0.4520045401052679,-0.3668759528657169,-4.397734633622426,-3.5034676457631084,-3.7680214020425686,0.22957464703937278,0.17929336389312528,0.7335447382539765,-0.16121049932445183,-0.5107129920615311,5.748860091765927,1.5916205051566361,-1.1652542919122542,-4.971753736542331,-2.0374982345970363,3.252902290215374,4.104301487621919,2.7173578827745346,2.1315249735975295,11.341623046801686,-3.7931836429473322,-1.223432041394702,-1.1086693751624381,-4.329965563844177,0.8718587563608502
numHidden 	5
numGenes 	48
seed 	1586534593805
random 	java.util.Random@76fb509a
popSize 	20
maxEvaluations 	20000
minGene 	-3.0
maxGene 	3.0
tournamentSize 	5
crossoverPoints 	1
mutateRate 	0.4
mutateChange 	1.0
mutateRatio 	0.5
mutateRateSmall 	0.3
mutateRateLarge 	0.7
wepMax 	1.0
wepMin 	0.0
expAccuracy 	6.0
minTravel 	0.0
maxTravel 	17.0
neuralNetworkClass 	class coursework.MultiVerseOptimisation
Training Set Training
Fitness 0.011536928506492919