9.087517112382306,-9.06057236503498,2.8018077807436734,4.936012528103161,-2.2981147192530282,7.450655461397975,6.227978272533283,1.6463447463881016,3.123936336915591,-9.13041458864021,3.7059662503504214,-4.748716890065596,1.0340286594613544,-1.7690111973220572,-1.423073234497224,-5.761298654570194,0.655011058805185,-8.703020207828361,1.9330521526469617,-12.110905367649492,4.036278397209386,-3.18174921541423,-7.896377646560623,-4.6017949995001235,-0.6442296536186292,0.1524226082875229,0.7144065129861389,2.5869778889991943,-0.29227941256782,0.6959586431512602,7.418606063833501,8.165195913173582,2.6749670316222045,-9.836501078566357,7.114009449125287,5.75260376943107,1.8956288381104165,-4.372409474499448,1.5158471764964165,6.890126030135458,-2.20227417779728,3.3251435278155936,-7.295812998201056,-6.8283997111853045,-8.85296702272003,3.3450002470297213,-7.793117854760683,-1.0033561422246795
numHidden 	5
numGenes 	48
seed 	1586534593805
random 	java.util.Random@76fb509a
popSize 	20
maxEvaluations 	20000
minGene 	-3.0
maxGene 	3.0
tournamentSize 	5
crossoverPoints 	1
mutateRate 	0.4
mutateChange 	1.0
mutateRatio 	0.5
mutateRateSmall 	0.3
mutateRateLarge 	0.7
wepMax 	1.0
wepMin 	0.0
expAccuracy 	6.0
minTravel 	0.0
maxTravel 	17.0
neuralNetworkClass 	class coursework.MultiVerseOptimisation
Training Set Training
Fitness 0.007612647781683962