-1.3974050688539843,-8.544380063230204,-0.05199818315418168,4.007802142822341,5.76618015076391,-0.26294819761688804,-3.738183847055722,-8.264643314829982,2.0237716664306085,-3.4426187227488363,1.6069783527037556,-7.884979720692175,2.755582581948622,5.060486172106567,-1.1418236985457992,2.5525632492953236,-6.453421890981321,-5.435439659104301,-0.3227769701328488,-0.8449348739560225,16.69819073888694,0.9462261546163501,4.020508506400295,-4.342705987243205,-8.813409302174241,2.9088171140890755,-0.22414641875266994,0.31333466295331697,-7.746202253332631,9.234077444830247,0.8201459437976345,-3.390161676382903,-0.055231041990826346,-9.584111449984139,9.098236348179142,-2.0934077316678663,1.2030108135514057,1.6251147021632584,-7.721914489341299,-2.4111048899705,-5.9068540277887,-3.1692076101175815,-2.261506811017384,0.7078154607927558,-1.1505014295148566,-1.4294714730422888,-3.4514901955800714,0.09877187832602836
numHidden 	5
numGenes 	48
seed 	1586534593805
random 	java.util.Random@76fb509a
popSize 	20
maxEvaluations 	20000
minGene 	-3.0
maxGene 	3.0
tournamentSize 	5
crossoverPoints 	1
mutateRate 	0.4
mutateChange 	1.0
mutateRatio 	0.5
mutateRateSmall 	0.3
mutateRateLarge 	0.7
wepMax 	1.0
wepMin 	0.0
expAccuracy 	6.0
minTravel 	0.0
maxTravel 	17.0
neuralNetworkClass 	class coursework.MultiVerseOptimisation
Training Set Training
Fitness 0.01867478353374753