-4.6336978728678435,-5.910599571810133,1.758155482412706,1.0957900924905104,6.295836486369854,-0.030294779806700457,-1.8724384135366847,-0.8021306531027911,11.409391261994791,1.578234187352216,-6.751025017428795,-5.910036459757003,4.769754380053553,-4.529757717384609,9.230922235785046,7.190955225483221,-5.682729755729917,4.998132476799182,4.718618067471875,-3.4967953496086097,1.890085079451222,5.704571631609102,2.968683999872502,-3.251864862694184,-1.3610095995881588,5.309623583369796,2.3211617205982678,-0.9411974829244485,-0.7039924747230869,-0.2309771023077708,-2.893405422762064,-2.9152663211355665,6.9892747395766115,5.335771971992293,-4.25413721608618,-0.7386183043472951,9.922993558998511,3.3707579025313583,5.315693973275848,7.072094594233981,-3.4000684314169667,10.838037224347287,-1.1714246259619903,-6.917437471287392,-4.3840948696223405,6.412411545493984,1.3097672762626194,2.459221724838791
numHidden 	5
numGenes 	48
seed 	1586534593805
random 	java.util.Random@76fb509a
popSize 	20
maxEvaluations 	20000
minGene 	-3.0
maxGene 	3.0
tournamentSize 	5
crossoverPoints 	1
mutateRate 	0.4
mutateChange 	1.0
mutateRatio 	0.5
mutateRateSmall 	0.3
mutateRateLarge 	0.7
wepMax 	1.0
wepMin 	0.0
expAccuracy 	6.0
minTravel 	0.0
maxTravel 	17.0
neuralNetworkClass 	class coursework.MultiVerseOptimisation
Training Set Training
Fitness 0.004938250307703183