0.5600582534650392,2.0643090210175634,-3.602489430374296,-8.607315820413005,-8.404889501315573,-3.019346832066541,11.70677245829666,4.042404960396897,9.67775273562989,3.13014946829693,0.6197127166352877,-4.727024162319152,-9.304867381525792,2.5723506201734376,-4.832890822479439,1.7062645026145657,13.47893515869376,-3.2744706992731643,-8.542426236955661,-3.9400346951559593,3.7327702588179577,1.3254845196183767,-0.37977956017498526,1.5697016805398485,4.800314571261139,7.147201340681969,-0.5077764355978007,0.2161298444284337,3.6451807716296623,5.389065331735652,-2.6499737642256482,-1.2435495507533103,-0.7559744886289453,6.727488797733647,-4.7888221236685995,9.820508077967167,-16.849641362825476,10.17437621402733,-0.44780109946667584,-1.7562382915902475,-9.050772249241668,4.273081738315848,4.9802678422065005,3.8759401826741158,4.008271871788233,3.4524730651867857,3.0085005527312716,-5.2349544189189565
numHidden 	5
numGenes 	48
seed 	1586534593805
random 	java.util.Random@76fb509a
popSize 	20
maxEvaluations 	20000
minGene 	-3.0
maxGene 	3.0
tournamentSize 	5
crossoverPoints 	1
mutateRate 	0.4
mutateChange 	1.0
mutateRatio 	0.5
mutateRateSmall 	0.3
mutateRateLarge 	0.7
wepMax 	1.0
wepMin 	0.0
expAccuracy 	6.0
minTravel 	0.0
maxTravel 	17.0
neuralNetworkClass 	class coursework.MultiVerseOptimisation
Training Set Training
Fitness 0.005849157153892715