-0.9414716884207572,2.9515349821990804,2.1123638091323294,4.777554430898111,5.166530411933301,-11.737605939810456,-7.846467325859134,9.76032204000033,-0.6095213993648244,-14.107726034023244,1.7225699475062533,3.8538965331934065,-6.993420899855877,5.714377853382363,5.74491306650675,-12.583270677754193,-3.846627601342487,2.0537760107143153,6.514956199439326,-11.322630848920564,4.287588755761482,4.58688308715458,3.926044660943473,2.0372716803665916,-1.9971064968519567,0.38870317921640535,-9.175413286562996,3.332410780202527,-0.7441917172942599,0.6912195714721944,-4.223390439024491,2.172244307996129,-1.9314870212208197,-1.9891448645407823,-5.466510571101497,-3.9172963919283905,0.6141554848660943,0.7614315527103943,-0.30892316424108685,7.663295453016875,-6.991080724561235,1.0949330824685608,5.122107494452062,1.1570318384490057,-4.4873787352397905,0.39173833372484496,-11.284623451584718,-1.1031786284421237
numHidden 	5
numGenes 	48
seed 	1586534593805
random 	java.util.Random@76fb509a
popSize 	20
maxEvaluations 	20000
minGene 	-3.0
maxGene 	3.0
tournamentSize 	5
crossoverPoints 	1
mutateRate 	0.4
mutateChange 	1.0
mutateRatio 	0.5
mutateRateSmall 	0.3
mutateRateLarge 	0.7
wepMax 	1.0
wepMin 	0.0
expAccuracy 	6.0
minTravel 	0.0
maxTravel 	17.0
neuralNetworkClass 	class coursework.MultiVerseOptimisation
Training Set Training
Fitness 0.007198207799407801