-2.626713119130952,-2.577550340703432,-4.298428848092973,-1.3096303483030984,1.9178950486473454,3.9964748475524656,4.6680888468961586,-2.0166906858474802,5.244009517017215,-4.925572878696136,4.046305679166882,-4.982630258007386,-4.970595431630346,-6.056510375663955,-2.8161637683190155,10.528290168310761,3.344274407338508,3.3973177452795884,12.517195785924802,-0.936352151767723,3.333773061217192,1.4362738919648947,3.3613665415568525,4.220546251421211,3.434322263810354,-1.0244101933714653,-0.5165218837639017,0.1435974950007047,-0.9109631842248318,-2.4500359744017235,0.35433033137044606,2.6625083199587065,1.4351112183304344,-4.896814075745237,11.422101767682529,1.6986793156436946,-4.000934487059743,-4.561835561147377,-2.244936148827156,-3.2916552789691473,7.176704516613804,6.830756342969062,4.321606882620687,10.751980448655672,-6.396041607030805,2.2251624153905207,2.197643414316056,-0.676204262920736
numHidden 	5
numGenes 	48
seed 	1586534593805
random 	java.util.Random@76fb509a
popSize 	20
maxEvaluations 	20000
minGene 	-3.0
maxGene 	3.0
tournamentSize 	5
crossoverPoints 	1
mutateRate 	0.4
mutateChange 	1.0
mutateRatio 	0.5
mutateRateSmall 	0.3
mutateRateLarge 	0.7
wepMax 	1.0
wepMin 	0.0
expAccuracy 	6.0
minTravel 	0.0
maxTravel 	17.0
neuralNetworkClass 	class coursework.MultiVerseOptimisation
Training Set Training
Fitness 0.010866812333568896