-3.726898725108748,-2.4095167666173434,3.5083215615649292,0.5763161675562358,-3.4756019940550296,-0.7758299401854042,0.2996549042790653,-1.562856335548209,-0.5600440716184396,-3.9833786376979172,-2.843755085108096,-4.61970343525243,-2.733797455554195,-1.3978244875802628,-0.8697695814525059,4.054783924031179,-0.7807404812090599,3.952232556916832,2.9966421788655673,-4.081574201295976,-3.663882089785073,0.07286949144825196,0.4168851792701386,15.812000093533255,-0.16355185276142722,-1.5624229585908096,0.32893329622849193,-3.199743864687941,3.328565853604149,0.4051132784631118,0.0014909896812122197,-2.5047554251372377,0.05646473163213781,-12.051515459161225,5.393941897903217,0.9592213804309296,-3.0970532987354655,6.10663027506492,1.738711797220531,1.2816810787757633,-2.0172612710562614,3.293549294511586,-3.207750870861754,1.474264680696346,-2.6850157254231513,-0.9082358317683852,3.1637082443234585,-0.928820335754636
numHidden 	5
numGenes 	48
seed 	1586534593805
random 	java.util.Random@76fb509a
popSize 	20
maxEvaluations 	20000
minGene 	-3.0
maxGene 	3.0
tournamentSize 	5
crossoverPoints 	1
mutateRate 	0.4
mutateChange 	1.0
mutateRatio 	0.5
mutateRateSmall 	0.3
mutateRateLarge 	0.7
wepMax 	1.0
wepMin 	0.0
expAccuracy 	6.0
minTravel 	0.0
maxTravel 	17.0
neuralNetworkClass 	class coursework.MultiVerseOptimisation
Training Set Training
Fitness 0.00622024573448669