1.9079740346401963,8.06211525230083,-1.6188864058785433,-3.643380919373913,-3.3351769249223273,6.18505874448051,5.04238533914938,1.2999246449028283,2.957328060471382,-5.45045637542671,2.2639820766180225,5.90041636907986,-2.9152849366544125,-6.6658478515556245,2.830785726425823,4.371344963688559,-2.32995096889069,0.08051401548946016,12.462757228360504,3.461184144630758,-1.2934738274317439,-2.706137647138302,6.788670713122681,-1.5022034429303166,-3.9099544869169685,0.37976808811716267,0.007408167069835818,-1.316700575788509,-3.3416861398422166,-1.2100065055427487,-1.9798038111329688,-4.284367216623634,8.10469423564723,3.7866250534690105,-6.873246232125099,-0.37053183552265295,-0.9844497898339531,6.850744512949096,1.2643903166573747,5.493371850766937,9.502611542130005,4.425398219935904,-3.018203948007931,-3.998997969345318,-0.176190160236062,3.252146714926105,-1.2296295456380766,1.7679032668615613
numHidden 	5
numGenes 	48
seed 	1586534593805
random 	java.util.Random@76fb509a
popSize 	20
maxEvaluations 	20000
minGene 	-3.0
maxGene 	3.0
tournamentSize 	5
crossoverPoints 	1
mutateRate 	0.4
mutateChange 	1.0
mutateRatio 	0.5
mutateRateSmall 	0.3
mutateRateLarge 	0.7
wepMax 	1.0
wepMin 	0.0
expAccuracy 	6.0
minTravel 	0.0
maxTravel 	17.0
neuralNetworkClass 	class coursework.MultiVerseOptimisation
Training Set Training
Fitness 0.00999752605404927