1.7815625422207468,-3.016053969994351,-5.885090147810249,-20.298760915692505,6.438510393749733,3.448168724639835,-6.238478261534469,-5.759237213680231,-1.17763891482089,-3.928151725758853,5.131038036909777,-1.5312418082251722,5.541755475873861,-11.252175008885468,2.6506685005006907,2.9584344907399696,-6.23522543268866,-11.624097456095758,4.107657053009694,3.5865025295767197,11.477056467133604,-0.7520924169625115,3.7399759465526596,2.0113785618600364,-1.6368072996092244,3.9124412254826253,-0.08919499450789896,1.2153576423079282,-0.12524264228036705,-2.0201563089194083,6.688132635094126,-1.1551109515923885,2.450250991617266,-3.8864146021388706,2.732598071560689,-5.127580446375166,-1.7357997619624057,-1.1147757496982944,-2.31924939870134,-7.603748538541184,7.688574338246369,-0.2510849847518022,0.9401244989781128,-6.471842414811499,0.5844174261511811,-4.961419526102531,-5.042850059385876,-1.0431846274101482
numHidden 	5
numGenes 	48
seed 	1586534593805
random 	java.util.Random@76fb509a
popSize 	20
maxEvaluations 	20000
minGene 	-3.0
maxGene 	3.0
tournamentSize 	5
crossoverPoints 	1
mutateRate 	0.4
mutateChange 	1.0
mutateRatio 	0.5
mutateRateSmall 	0.3
mutateRateLarge 	0.7
wepMax 	1.0
wepMin 	0.0
expAccuracy 	6.0
minTravel 	0.0
maxTravel 	17.0
neuralNetworkClass 	class coursework.MultiVerseOptimisation
Training Set Training
Fitness 0.006479922407211532