-5.707976973018503,2.180147688221122,1.3353423333214849,2.354464609661428,10.203080897694873,-1.54245192174504,0.4515120090215711,8.804990500329705,-10.341159760059815,-2.698695045018809,5.678160705981203,-5.929484479064808,-2.5266543564026116,1.8145264505765832,5.876545358607702,0.21102956956963909,1.3893044943734782,6.840980918179751,8.457632174231717,6.964036073503847,3.17630867141135,4.6173425491248805,-0.2259272801340931,13.930535225887889,5.169731544002763,-0.3749503761875674,-4.402533282774234,-0.21305424916916488,-7.9202401591860285,-0.7250258415316901,-0.025287096129112823,-1.216153662912397,3.6004206626329385,-4.580468258234332,2.278765671381095,5.203540424051295,-1.3156830293799002,-0.5497841355450057,10.253974613725577,3.291172330316769,1.4584362934019681,-5.832892659342505,2.900996831842603,-3.954728600037533,0.3175433935940376,-1.4971482578638176,1.8330174365904874,-0.14001876964251816
numHidden 	5
numGenes 	48
seed 	1586534593805
random 	java.util.Random@76fb509a
popSize 	20
maxEvaluations 	20000
minGene 	-3.0
maxGene 	3.0
tournamentSize 	5
crossoverPoints 	1
mutateRate 	0.4
mutateChange 	1.0
mutateRatio 	0.5
mutateRateSmall 	0.3
mutateRateLarge 	0.7
wepMax 	1.0
wepMin 	0.0
expAccuracy 	6.0
minTravel 	0.0
maxTravel 	17.0
neuralNetworkClass 	class coursework.MultiVerseOptimisation
Training Set Training
Fitness 0.014954178434464283