3.399406229968527,-1.904013528434579,1.9764802627565587,0.890905882939144,0.8282794209959624,-0.015353319068923623,-0.022152839146130584,-0.016858190351162605,-2.1189940363617326,-0.5430047126773064,-0.44715629056674344,-4.6534662608273125,1.9804094474064091,1.0059006798507861,1.3176970075087167,-6.356625536789955,4.371639315220917,-0.19639544109873316,-3.6646663332037672,-0.49013947384980366,1.630622207373366,-1.4503570257544152,0.817819128563517,0.28450623950743315,-1.084257650156574,2.5005103143320446,-1.6416328741465305,-0.382961950607484,0.5013857187712977,-0.9819710891899888,3.9096810631258907,3.8620251065089533,0.40333069843240055,1.1679418250861333,-0.4983567838458643,-2.579055841732376,3.619289759566605,2.475657769754889,1.7290987409706347,-0.9330697500138447,1.4006211765943042,-5.820240766808338,1.2026827554909714,-0.862321634691182,3.328088989244324,-0.8410862899011827,0.36190219501419413,1.4499056691361811
numHidden 	5
numGenes 	48
seed 	1586480886300
random 	java.util.Random@76fb509a
popSize 	20
maxEvaluations 	20000
minGene 	-3.0
maxGene 	3.0
tournamentSize 	5
crossoverPoints 	1
mutateRate 	0.4
mutateChange 	1.0
mutateRatio 	0.5
mutateRateSmall 	0.3
mutateRateLarge 	0.7
wepMax 	1.0
wepMin 	0.0
expAccuracy 	6.0
minTravel 	0.0
maxTravel 	5.0
neuralNetworkClass 	class coursework.MultiVerseOptimisation
Training Set Training
Fitness 0.10364449427690396