2.8335969902326332,1.8097827225066314,-0.7783775453117996,-3.3129670704348504,2.3227606376704193,-2.3423363500543886,1.4856535206055221,3.3891174550824577,-2.7369274966654933,1.7429703177919367,2.6722504518348074,-0.5726622693817738,-0.20508023428285044,-2.404840518836075,1.5961563012140423,1.0883955968385668,-1.4554375778185011,1.8526412229972005,-1.537383771563126,0.409786755844446,-0.15955590449267945,0.4317720807073211,-3.5105326998549162,1.345727078703657,-0.5329535525609642,1.3775216594014408,1.851254278523299,-0.9284397622094316,-0.300354618165377,2.0704146818000204,3.0033209916070684,2.9049673897696113,-1.731285278533438,1.4776289145540564,-0.20949032499909376,-0.7583029407785138,1.1325033721050475,1.9623395205557106,1.9641706550310758,-1.3336268679974286,6.067260250348032,-1.3613449746577422,-0.07165927877426088,0.9568018803918555,2.040914194505363,-2.3337485169129235,0.28470586243426843,1.5372447623547227
numHidden 	5
numGenes 	48
seed 	1586480886300
random 	java.util.Random@76fb509a
popSize 	20
maxEvaluations 	20000
minGene 	-3.0
maxGene 	3.0
tournamentSize 	5
crossoverPoints 	1
mutateRate 	0.4
mutateChange 	1.0
mutateRatio 	0.5
mutateRateSmall 	0.3
mutateRateLarge 	0.7
wepMax 	1.0
wepMin 	0.0
expAccuracy 	6.0
minTravel 	0.0
maxTravel 	5.0
neuralNetworkClass 	class coursework.MultiVerseOptimisation
Training Set Training
Fitness 0.03925625818954428