2.641717955303548,4.973141818728427,0.04616579970208277,-1.6625906916363504,-0.10736476269642507,1.6783448414226356,-3.866713839273526,-1.607133775721729,-2.027104352602671,7.173700688114662,0.7751833641123734,4.138784339340344,1.294358462213913,-1.8623740609841217,1.3683237265161687,5.800933986669117,0.9242582769775288,1.742616657007186,-0.7762552517489512,-4.483098141501322,-0.15399593126489808,1.2018260266033065,4.083061895264077,3.0263291433132404,-2.047561559855796,0.23944357538459685,0.048392016774493236,-1.3997270511515278,-2.0875858901218938,0.616261569284824,-0.12068645209492757,-0.4571612663205954,3.97886302651094,1.935842261226731,-3.0442411163264804,-0.3884741305387475,2.2711076749386874,-1.6066623035047003,2.7512696686739635,-1.9155004426964835,4.055982060485833,-2.803195373895706,-5.218494588033481,1.7048724345142743,2.3879290498720183,2.928540124752049,1.658656536559089,-2.8195760620588866
numHidden 	5
numGenes 	48
seed 	1586480886300
random 	java.util.Random@76fb509a
popSize 	20
maxEvaluations 	20000
minGene 	-3.0
maxGene 	3.0
tournamentSize 	5
crossoverPoints 	1
mutateRate 	0.4
mutateChange 	1.0
mutateRatio 	0.5
mutateRateSmall 	0.3
mutateRateLarge 	0.7
wepMax 	1.0
wepMin 	0.0
expAccuracy 	6.0
minTravel 	0.0
maxTravel 	5.0
neuralNetworkClass 	class coursework.MultiVerseOptimisation
Training Set Training
Fitness 0.005233005598546464