-4.580663068513684,1.3482610067758412,3.338374045134167,0.07432641877035873,-1.5027287606305175,3.5979522136141973,-1.3916536061794391,-1.967286027780948,3.1888978612404397,3.507842643555581,-5.340527502750757,1.1179390919374754,3.401568681052738,-0.4150619872505015,0.7944820024695852,-1.8373984829560956,-0.8449123111029383,-0.18292798273735633,6.614179507699198,1.6980950971787372,4.3053845528854815,0.6048821337398858,4.050851521371914,-1.6896948656278719,0.23106302985923274,-1.71495867340854,-3.877875061241742,-1.3088434532406978,0.7977558458449578,-1.1676912539652158,-0.5906788047921302,4.48569693815597,3.1397510798039767,2.1981084839022014,1.2369269403805143,-0.06895090391501288,4.384715531568492,-4.685177683483467,1.4537410063049472,2.764538299134408,-0.016930750292721043,5.507316780936756,0.5067105584225181,0.8155039411048814,1.119570303342409,0.60026962125525,2.017973092109427,1.1603749912992753
numHidden 	5
numGenes 	48
seed 	1586480886300
random 	java.util.Random@76fb509a
popSize 	20
maxEvaluations 	20000
minGene 	-3.0
maxGene 	3.0
tournamentSize 	5
crossoverPoints 	1
mutateRate 	0.4
mutateChange 	1.0
mutateRatio 	0.5
mutateRateSmall 	0.3
mutateRateLarge 	0.7
wepMax 	1.0
wepMin 	0.0
expAccuracy 	6.0
minTravel 	0.0
maxTravel 	5.0
neuralNetworkClass 	class coursework.MultiVerseOptimisation
Training Set Training
Fitness 0.004321855826196208