3.6817776559432223,-0.5416443271785957,-5.578134053126371,0.04123776418931674,0.21820284494013917,-2.46670852882311,2.7785294527010667,-2.852045497902511,0.3297612117034089,-2.5614378881155773,-0.04726793378379815,1.02795899334478,-2.8387888737796483,1.1147223357751324,1.9254337838614195,4.034245655321873,1.5964116578978926,-2.4684912288317262,-1.113031799361121,-0.7002433120950037,-0.016005926230153168,-0.033999387482945634,-0.7346476341922065,2.130694618374601,2.8195757856793193,-0.6438428741345208,-1.5441800619480863,-0.7255686480997665,3.6222689718946013,0.606656206977153,3.977978313995314,-3.2413826983679557,0.7120941011616788,-1.350829161902926,-2.7952045397760443,1.5287564648849135,-3.7675611609796142,-2.70419411582821,-1.3724692057438252,-1.9672024184075654,0.7559550683235519,-1.2575306824523658,3.003616353555996,2.8262226321211767,-2.21692260893891,1.0582163402932514,0.8963206411761104,2.1136959636376313
numHidden 	5
numGenes 	48
seed 	1586480886300
random 	java.util.Random@76fb509a
popSize 	20
maxEvaluations 	20000
minGene 	-3.0
maxGene 	3.0
tournamentSize 	5
crossoverPoints 	1
mutateRate 	0.4
mutateChange 	1.0
mutateRatio 	0.5
mutateRateSmall 	0.3
mutateRateLarge 	0.7
wepMax 	1.0
wepMin 	0.0
expAccuracy 	6.0
minTravel 	0.0
maxTravel 	5.0
neuralNetworkClass 	class coursework.MultiVerseOptimisation
Training Set Training
Fitness 0.10473701434709023