1.6098454545981737,-2.007918132186583,-0.7901840338579988,-1.5299757992460876,-0.15929940744629664,-3.43338586625142,0.8028443603524046,1.9128070174966496,-1.5723379006031928,-2.8654614426853295,0.2508025707185668,-4.609014007398891,-1.8310015861195885,-5.247928528532009,0.1415189047394701,3.6580024835609986,1.588694802178326,-1.1874512048216064,-2.9916415077443665,-3.270465792849651,0.5458113607976565,-0.7475909860881318,-1.3736745602879734,-0.5396698914604953,-0.9194165563412354,1.1992543528708264,-0.3110279735435869,-3.7596855896297092,0.603096722398104,0.6376935549326458,1.4744379709177462,-2.140902520194521,1.0854029141359083,-2.5709322094996003,1.876556547873871,2.7930324490863763,2.599553665009584,0.36065767454256226,-2.219987351795348,0.059027607003418046,2.9928932624938334,-0.8645486359648563,-1.1886067646329022,-1.7143049770798253,-3.429740830140268,-0.05655863581183744,2.0596221786908577,-0.13047669772450599
numHidden 	5
numGenes 	48
seed 	1586480886300
random 	java.util.Random@76fb509a
popSize 	20
maxEvaluations 	20000
minGene 	-3.0
maxGene 	3.0
tournamentSize 	5
crossoverPoints 	1
mutateRate 	0.4
mutateChange 	1.0
mutateRatio 	0.5
mutateRateSmall 	0.3
mutateRateLarge 	0.7
wepMax 	1.0
wepMin 	0.0
expAccuracy 	6.0
minTravel 	0.0
maxTravel 	5.0
neuralNetworkClass 	class coursework.MultiVerseOptimisation
Training Set Training
Fitness 0.0062135839606417805