3.1867369825427008,-2.314517138647648,0.5457553616791175,-0.47762421374668435,-1.2049834480996024,-0.9893129584757158,0.8118357224449309,-2.9590070746961783,-0.9059001113265484,0.03649150768356727,2.197274115564173,-1.844785011217161,0.16923101863738976,-2.8917121379651722,0.046154783925559204,3.4284408340916324,3.5812233879072477,-2.3069444107105075,2.9104561586630293,1.0864703316622246,0.5715177252908321,1.0984918098222125,-2.2006349271539167,1.898155328300891,4.3603935031637775,1.609221178282067,-0.6021521402747174,3.090062310409078,2.114012948787016,-2.254430220055346,5.056750405660753,2.519918922965949,0.3340913497016333,-3.24041146306474,-2.4429770553777543,1.0089032883834816,-1.491137359715967,1.8709164660455901,-2.1266119040690636,-0.5680520510384957,2.9752727605648883,-1.613429226376812,3.2163679284415614,-0.7550776733509735,-1.2348443941098732,-0.22815528038292965,-2.344772538961383,2.677674479947356
numHidden 	5
numGenes 	48
seed 	1586480886300
random 	java.util.Random@76fb509a
popSize 	20
maxEvaluations 	20000
minGene 	-3.0
maxGene 	3.0
tournamentSize 	5
crossoverPoints 	1
mutateRate 	0.4
mutateChange 	1.0
mutateRatio 	0.5
mutateRateSmall 	0.3
mutateRateLarge 	0.7
wepMax 	1.0
wepMin 	0.0
expAccuracy 	6.0
minTravel 	0.0
maxTravel 	5.0
neuralNetworkClass 	class coursework.MultiVerseOptimisation
Training Set Training
Fitness 0.10340857372131326