1.9326514272198911,0.140656030555064,-0.2780070923026512,-0.08565479850269796,1.564448610012008,-4.531868640540022,3.470669880134094,3.5316094061313374,0.0870959579103667,-2.453223003160538,0.8433468384977226,3.2141244359359806,4.83431313116259,-0.8295495355009053,-4.814978203822698,0.7467599921359427,5.82866490150798,-1.6377978688993489,5.787448032082767,0.43456752895097694,3.4245101278516694,1.336129555402542,-3.1528582727545276,4.907623168418224,-1.9104593283896774,0.11529736146384711,0.8959469372044866,-1.8877314903528963,4.372946041251546,0.07068904182985056,3.877420959894384,0.47199234514943794,-4.173611454836723,0.6615474403186278,-0.6921578326029324,4.360026242567608,3.0855104858956395,-1.3442839049109265,3.517849899856314,4.958787651075224,0.9155054751150858,0.4435274869690127,-0.40193618043808643,3.9592999393062462,3.101022238467665,-0.5480609743159484,2.929517776258892,-1.9427931455769296
numHidden 	5
numGenes 	48
seed 	1586480886300
random 	java.util.Random@76fb509a
popSize 	20
maxEvaluations 	20000
minGene 	-3.0
maxGene 	3.0
tournamentSize 	5
crossoverPoints 	1
mutateRate 	0.4
mutateChange 	1.0
mutateRatio 	0.5
mutateRateSmall 	0.3
mutateRateLarge 	0.7
wepMax 	1.0
wepMin 	0.0
expAccuracy 	6.0
minTravel 	0.0
maxTravel 	5.0
neuralNetworkClass 	class coursework.MultiVerseOptimisation
Training Set Training
Fitness 0.07111070911585911