-2.289941003269649,0.17340395410100215,3.5148074050317186,3.3116986116914062,1.1304222535398112,0.06626657272607384,-1.6005403624615786,1.7959304636027638,0.7424149285054151,0.05093414671192986,-1.905446317644343,-1.8253498853489336,-4.129103884749759,-3.1075818890883027,-2.8603800402902437,-0.1276900190329428,-3.5400041271781792,-2.666069050752244,-0.9854248271807047,0.989806869767498,0.15709181651379917,-1.2876438497241682,-2.1521535543486734,6.163634990243912,-1.524966350378927,-0.5676548788244817,-0.043124654467538714,1.8320178769431137,1.6572013265986232,-0.7264034239048502,-1.0608413651582562,3.4819196595866146,-0.16203113727426527,-0.24636158520429716,-2.5072083784207413,-4.5587753201667045,0.20376011739769223,2.6537731992494167,0.5896166714751956,-1.14603972269777,0.5532617470156415,-0.3648237091925319,-2.5953517974075515,0.631542978779577,2.4675080438897607,-1.2876158354451999,-2.304407121730952,0.7173503294049585
numHidden 	5
numGenes 	48
seed 	1586480886300
random 	java.util.Random@76fb509a
popSize 	20
maxEvaluations 	20000
minGene 	-3.0
maxGene 	3.0
tournamentSize 	5
crossoverPoints 	1
mutateRate 	0.4
mutateChange 	1.0
mutateRatio 	0.5
mutateRateSmall 	0.3
mutateRateLarge 	0.7
wepMax 	1.0
wepMin 	0.0
expAccuracy 	6.0
minTravel 	0.0
maxTravel 	5.0
neuralNetworkClass 	class coursework.MultiVerseOptimisation
Training Set Training
Fitness 0.007858240453488456