2.0273112507773092,-3.1263193665958537,-0.6290409708915131,2.924193725645346,-0.32219794114153694,-0.13425266158050478,0.8603022449596723,2.7531007184107956,1.5113854398760254,0.899446679554768,1.7832114315612888,0.5181154517047605,-0.019430052523401523,1.1569821083513074,2.199028209089162,0.3209525856057134,0.03527747065010038,4.253417006286629,-0.3847451361982584,2.0816611650740477,-0.3920735952645318,-1.6626445247259274,-0.585934841122928,2.037269636380884,-2.472001145312074,0.4184141029736745,3.5300221503979863,-0.7666255206969439,-1.5695940722246,-3.5345879782097875,-2.20929511219423,-4.011876680117385,0.18442952286898684,2.739005024018393,0.1053013629270422,2.30043888366031,-1.8286945319392005,-1.0490912099232166,2.1309825708201964,-1.6735191826554312,-0.8856463454316716,0.34080706185474297,-0.4779411600097813,-0.7155367786391026,-0.006132975159007474,1.3553985601176324,-0.3439678166562803,-1.657866867871534
numHidden 	5
numGenes 	48
seed 	1586480886300
random 	java.util.Random@76fb509a
popSize 	20
maxEvaluations 	20000
minGene 	-3.0
maxGene 	3.0
tournamentSize 	5
crossoverPoints 	1
mutateRate 	0.4
mutateChange 	1.0
mutateRatio 	0.5
mutateRateSmall 	0.3
mutateRateLarge 	0.7
wepMax 	1.0
wepMin 	0.0
expAccuracy 	6.0
minTravel 	0.0
maxTravel 	5.0
neuralNetworkClass 	class coursework.MultiVerseOptimisation
Training Set Training
Fitness 0.09568452590017536