0.22622365798152685,-2.9396753519068333,-1.9129539412213374,-1.8786195632973355,-2.8882312844674516,-3.318902111188824,-0.8841494762491332,-2.2066816954088453,-0.6026125022858524,1.3057703929768802,-0.03863889442780616,-2.734039933647112,-0.574918026274154,-2.8772827603264965,-1.9648020876681127,-5.314032671174377,-0.6950811635187629,-1.2451464342505367,0.3413115751295367,2.0495483326606907,0.3817845872168165,2.830531194807722,-3.160803634967151,-0.9452881701173603,1.4141614048431506,-0.03054449504709317,0.30041127532353257,1.9716708167153985,0.01635369541300866,-0.177965623179534,-2.894839185553295,-0.8252797478727926,-2.510290267514503,0.575547105436912,-1.8812856250923997,-1.5709950510150423,-1.5645478859519513,0.6805936439127349,-1.8471837484564726,-0.6538585654640934,0.87291984434088,0.0381234958663706,-1.5943435297618045,5.285670922760131,2.950027660601508,0.8047890413366343,0.04453212378743196,2.4031276169375038
numHidden 	5
numGenes 	48
seed 	1586480886300
random 	java.util.Random@76fb509a
popSize 	20
maxEvaluations 	20000
minGene 	-3.0
maxGene 	3.0
tournamentSize 	5
crossoverPoints 	1
mutateRate 	0.4
mutateChange 	1.0
mutateRatio 	0.5
mutateRateSmall 	0.3
mutateRateLarge 	0.7
wepMax 	1.0
wepMin 	0.0
expAccuracy 	6.0
minTravel 	0.0
maxTravel 	5.0
neuralNetworkClass 	class coursework.MultiVerseOptimisation
Training Set Training
Fitness 0.005772260404427834