4.9534388659790975,-2.7264516758033985,-2.5993913854470865,-1.6603152930502547,1.4503573535493577,-2.2268589180549214,-1.1263526713587386,-1.5334211732833594,2.696066031748774,2.5941415434168107,0.11946560133610407,-0.18302005037120328,-3.5495565542257324,0.5494309293450466,-0.4710855428171851,0.3463080374662639,3.777844460714768,-7.346124201372265,1.2595136790496597,2.581398620867798,-1.4686230314845032,0.27390890485678454,-2.1089139378951134,-4.300980344412267,3.2836266180653335,-1.8734705304107961,0.6979354184234541,-2.1845587903872388,1.7571284717452205,-2.6169096425230625,-3.081263025355886,-1.5312928242678827,-0.4462329375908811,2.1647988817983235,5.178159190938415,-0.06540327300937322,-1.6949094671682152,2.2187825559943253,-0.36883993243094637,5.425569772922191,-0.7579889150416023,1.3669479186922977,2.9731092293096713,4.0917565772726885,0.9395482211989371,1.739404622256748,2.864090812062195,-1.1240681620657669
numHidden 	5
numGenes 	48
seed 	1586480886300
random 	java.util.Random@76fb509a
popSize 	20
maxEvaluations 	20000
minGene 	-3.0
maxGene 	3.0
tournamentSize 	5
crossoverPoints 	1
mutateRate 	0.4
mutateChange 	1.0
mutateRatio 	0.5
mutateRateSmall 	0.3
mutateRateLarge 	0.7
wepMax 	1.0
wepMin 	0.0
expAccuracy 	6.0
minTravel 	0.0
maxTravel 	5.0
neuralNetworkClass 	class coursework.MultiVerseOptimisation
Training Set Training
Fitness 0.037152079198239