3.49576782011201,1.7646927933088676,-0.5603619416623564,-0.003679940977784897,3.2586195599415526,0.6167390403524272,-0.49284304638067866,-3.847191938002866,-1.8257964221114926,-1.401512920110221,1.046854319146659,0.5617949320667913,0.20672544052421155,-2.378823989066253,2.2687610462605297,2.3685756339697264,-2.067641548487705,0.5233094368835963,-3.713945203807687,1.722428684568436,2.37570944620381,-3.368987702953144,1.9143601770428473,-1.537199871502601,-1.8897034067211131,-0.5460332277107144,1.2220866509246047,0.970979549408636,-1.8586285335775519,1.7478190387767545,0.8147635255150595,-1.7550071136713574,2.851796622609731,-2.939142801522995,-0.9031085663653585,0.5206481801808932,1.251511886169966,-1.9080729865400263,-4.169688430076664,1.437548360076998,-0.6665804900607536,-1.4574336885668375,2.769381257602343,-1.173049415029284,2.6917553239300394,-0.23796279692108568,1.7445517133296964,-0.18322099760266056
numHidden 	5
numGenes 	48
seed 	1586480886300
random 	java.util.Random@76fb509a
popSize 	20
maxEvaluations 	20000
minGene 	-3.0
maxGene 	3.0
tournamentSize 	5
crossoverPoints 	1
mutateRate 	0.4
mutateChange 	1.0
mutateRatio 	0.5
mutateRateSmall 	0.3
mutateRateLarge 	0.7
wepMax 	1.0
wepMin 	0.0
expAccuracy 	6.0
minTravel 	0.0
maxTravel 	5.0
neuralNetworkClass 	class coursework.MultiVerseOptimisation
Training Set Training
Fitness 0.013875038590895342