-2.3332409256755136,0.3463703187208289,-4.546786123330137,-0.2948825189165605,-0.7890657010848436,-4.892564096068072,2.972411582680902,5.298830154262489,0.16413450188303425,-6.479104328613947,-5.1708167526859805,1.970811672837782,-7.98198808895332,3.123430930594849,-1.304275345051699,1.8692793453787038,0.3183545006629285,2.9075543234739945,6.23841667499259,-13.080676703011367,2.407357248761465,-2.47383397668649,-1.2509452861950752,0.5724494393572845,-2.1223659037081255,-0.24198920453968453,-4.888395233325374,0.5387281297233493,-2.3243819693309016,0.395531334077168,-2.744448550796378,10.881812729891465,0.4505309548281966,-0.027316841903300082,0.30900605943316317,-2.2214274189271324,-8.499041144639895,1.9155127631252802,6.4143576120923305,1.154070302760156,3.7431064073903855,2.747978946948063,5.981170275046578,-3.326620498379352,-8.243837145774146,3.750167179731207,4.677131140947888,-1.7385290608033726
numHidden 	5
numGenes 	48
seed 	1585765428860
random 	java.util.Random@76fb509a
popSize 	80
maxEvaluations 	20000
minGene 	-3.0
maxGene 	3.0
tournamentSize 	5
crossoverPoints 	1
mutateRate 	0.5
mutateChange 	0.8
mutateRatio 	0.5
mutateRateSmall 	0.1
mutateRateLarge 	0.8
wepMax 	1.0
wepMin 	0.2
expAccuracy 	6.0
minTravel 	0.0
maxTravel 	2.0
neuralNetworkClass 	class coursework.ExampleEvolutionaryAlgorithm
Training Set Training
Fitness 0.008177287627405067