-2.28815596787091,2.948559564185267,0.3081904346956075,-1.1015717341886124,-5.480808196078372,-2.5527848122871024,6.3992263315767755,-7.341507971711006,-3.5824040596159774,-2.902835242245093,-1.682707336072237,0.37984619533585007,-2.0494110713048306,0.01026747637344605,-7.506319552628519,1.4797171133921545,4.275530577623187,-0.1755203059729189,-11.380140146285235,0.6290723717163877,-3.863672725450333,5.35846839087091,2.7699464041097412,-1.0564120081642718,-0.7372396987563792,3.2423223206683414,3.2167918795900032,-2.5700766416017222,-0.11327981122989117,-0.05797963156748387,-1.9366259946557511,1.4586395107492691,-2.1602372022259946,0.2660232319229685,-2.8675312860454705,-6.532865927168266,0.2547000638217918,4.482452781923178,-5.961601759783777,-3.209791440499531,0.5545394024813199,-3.1305841887350576,-5.1750198194508705,6.018714619407563,0.26640383874175266,0.436447155756984,1.0364337874619896,1.988808174477093
numHidden 	5
numGenes 	48
seed 	1585765428860
random 	java.util.Random@76fb509a
popSize 	80
maxEvaluations 	20000
minGene 	-3.0
maxGene 	3.0
tournamentSize 	5
crossoverPoints 	1
mutateRate 	0.5
mutateChange 	0.8
mutateRatio 	0.5
mutateRateSmall 	0.1
mutateRateLarge 	0.8
wepMax 	1.0
wepMin 	0.2
expAccuracy 	6.0
minTravel 	0.0
maxTravel 	2.0
neuralNetworkClass 	class coursework.ExampleEvolutionaryAlgorithm
Training Set Training
Fitness 0.006987202038483511