-5.590962603729409,-1.0238944893290802,2.0912051319380156,3.1182955276952997,2.3868244930745126,-4.76128763162919,10.84432361271213,-2.750572444744915,3.917640769077815,-1.6510385799016707,4.961670434315227,-1.1476435417045787,4.250414049582128,7.183347482794762,-0.5225539181923433,-1.5061002341019216,5.124462514028144,3.348660515270187,-5.220095262969089,-0.14812237181159493,5.475641365525738,-2.3563801394403887,3.175830976353554,-3.8374267946441982,-1.3047255567607616,1.4775935636898614,-0.1564704994249062,-0.4151846556903891,-0.6408726804482279,-3.0346585224932108,2.0121404323559187,-4.00945340864731,-6.991187947647634,0.315347302124106,0.5062984176883369,9.31842207298994,6.4211117865506,0.18058601169973376,-1.3166679999020239,-3.999012128246756,-8.550156008861242,6.778310636082638,1.5123276317188672,5.6710173241856685,-4.272488156530479,-0.3472366733183161,4.923531999783926,2.445982451665511
numHidden 	5
numGenes 	48
seed 	1585765428860
random 	java.util.Random@76fb509a
popSize 	80
maxEvaluations 	20000
minGene 	-3.0
maxGene 	3.0
tournamentSize 	5
crossoverPoints 	1
mutateRate 	0.5
mutateChange 	0.8
mutateRatio 	0.5
mutateRateSmall 	0.1
mutateRateLarge 	0.8
wepMax 	1.0
wepMin 	0.2
expAccuracy 	6.0
minTravel 	0.0
maxTravel 	2.0
neuralNetworkClass 	class coursework.ExampleEvolutionaryAlgorithm
Training Set Training
Fitness 0.012023093480470114