-5.616095565468216,2.4201212012901063,1.9312858826766817,-1.190258857452886,4.121279233844084,0.20051529765553466,6.51121314561459,-8.170065188038814,-0.31402465114031997,0.7627485601518513,-4.65185933964818,1.2833725012324242,2.7112010111490834,-5.424520684954335,-2.421327262575355,-8.825286358286654,1.804621764053212,-2.100308583509676,-7.8363658906017255,-3.425947174979406,-1.7812021895238603,7.964861503189007,0.5275078547451053,-2.842750463309075,-3.273901937458663,0.5887139305561355,-0.2127535827774938,0.34572365668229277,6.846203984133338,-6.288715708952906,-7.379538689091779,6.797197802002836,1.206310727992866,6.528153432824027,0.010787578564069422,0.20009989594989386,1.8043916215367066,-3.5197139383784615,-7.1162381663144645,-0.0028691487182499475,-1.2080738386526384,-1.5740199709844476,3.6377107334583165,0.3020601389747726,-3.5400008351739496,-2.281460570322971,-1.1348797997281945,-1.1267188285169945
numHidden 	5
numGenes 	48
seed 	1585765428860
random 	java.util.Random@76fb509a
popSize 	80
maxEvaluations 	20000
minGene 	-3.0
maxGene 	3.0
tournamentSize 	5
crossoverPoints 	1
mutateRate 	0.5
mutateChange 	0.8
mutateRatio 	0.5
mutateRateSmall 	0.1
mutateRateLarge 	0.8
wepMax 	1.0
wepMin 	0.2
expAccuracy 	6.0
minTravel 	0.0
maxTravel 	2.0
neuralNetworkClass 	class coursework.ExampleEvolutionaryAlgorithm
Training Set Training
Fitness 0.012330770928355052