-1.7858146274408482,-3.860987707584365,-1.6352282692612248,-1.75587554256538,5.435727412043331,-1.3794595819670588,-1.241598013127949,-4.084379253551305,-2.310695606648678,-6.12841060855903,-4.204318725583064,-3.051374559849192,1.296539365481001,1.6585920599281898,8.036256334475476,0.5516155777109555,-8.523299719271558,1.1783968114968557,2.548326135309291,-8.859326610627672,3.9969195002371487,-1.328958883084333,2.0660727560250756,-0.8531525063600554,-1.9521161887202048,-5.517737446678132,-0.06527078129882691,3.7432106284979065,5.762415670531041,0.15267886110545636,2.665304436939665,4.361088016937283,1.0885915064054288,-1.5961977849434195,2.3870742800887625,-5.894941980007155,0.09240366338701045,0.4579758113696255,-1.3952426563771232,-3.449008234541065,-0.9434432325311879,-1.947133523340997,5.345518761767079,-6.363996453989856,-1.0740314792317913,2.629503872293716,4.208680423486743,3.4612998523311527
numHidden 	5
numGenes 	48
seed 	1585765428860
random 	java.util.Random@76fb509a
popSize 	80
maxEvaluations 	20000
minGene 	-3.0
maxGene 	3.0
tournamentSize 	5
crossoverPoints 	1
mutateRate 	0.5
mutateChange 	0.8
mutateRatio 	0.5
mutateRateSmall 	0.1
mutateRateLarge 	0.8
wepMax 	1.0
wepMin 	0.2
expAccuracy 	6.0
minTravel 	0.0
maxTravel 	2.0
neuralNetworkClass 	class coursework.ExampleEvolutionaryAlgorithm
Training Set Training
Fitness 0.009298572026134709