0.5046530308155952,-11.90485930592635,-2.8745076873722635,0.4124986200762595,-2.118310061885805,-1.4788863978165032,2.6649016327152824,-0.8463546142755387,1.8385275892820665,5.463246993231889,-7.010878086562933,-9.475644498516555,-0.5425662934259341,3.0548408434897567,-5.481398297205434,-5.704471815567,-3.491182550518994,-2.760515742364385,-0.3242125836534473,8.231888459200912,-2.9123440450116354,-1.1601550891728651,3.854778007558128,3.801748678138801,-0.18497885729930386,-0.036548596196509076,-0.4256538007862338,-3.3371236808029137,-5.800410415500873,-0.009034726938779158,-0.20696383913377336,0.7896993129550944,-6.3633735221590975,-7.5146682821545605,7.234285484420453,1.3815860463806322,3.8495666026989115,-0.6169636519615138,-2.1288406820527657,3.8774415755567277,0.9270051683743485,5.511186840645626,-1.5582746431895689,1.048378574648095,9.872501505284642,4.804031420536796,1.7957749958305145,1.1566538783723623
numHidden 	5
numGenes 	48
seed 	1585765428860
random 	java.util.Random@76fb509a
popSize 	80
maxEvaluations 	20000
minGene 	-3.0
maxGene 	3.0
tournamentSize 	5
crossoverPoints 	1
mutateRate 	0.5
mutateChange 	0.8
mutateRatio 	0.5
mutateRateSmall 	0.1
mutateRateLarge 	0.8
wepMax 	1.0
wepMin 	0.2
expAccuracy 	6.0
minTravel 	0.0
maxTravel 	2.0
neuralNetworkClass 	class coursework.ExampleEvolutionaryAlgorithm
Training Set Training
Fitness 0.011930734043788421