5.995201473540656,-2.2869468489146825,4.120899254076297,0.7097675306093367,1.0284812343242673,1.0212378472963566,-0.5288117452779857,-6.138459118922417,7.607133816197242,-5.510105034344347,9.21364409599864,3.0524729622717777,1.0845703053896112,-2.5127659311507253,-1.29738580341142,2.8752603550460716,-0.37152182892701036,-9.275213029309697,-4.981139946286332,5.260265999343425,0.24400144748929598,1.897623930446055,-0.6269345925861711,10.862599316334862,-8.687636762485424,-0.829242448765072,2.5085791004878306,-0.16432187412646715,1.4565377427916164,-2.680021540785688,6.6268670087614225,-10.004579718327907,-1.6222466685005126,-2.5036244453082737,-8.195450883785076,-0.575099070968081,-2.454139707157414,3.488011842552062,-8.287987523340417,-0.41559386332049986,3.212135725704334,-0.5755270816872329,-1.2035893738351937,-0.9331134580020901,4.110819983227302,-0.2051384110258565,-0.9376469790080151,1.9614008969805268
numHidden 	5
numGenes 	48
seed 	1585765428860
random 	java.util.Random@76fb509a
popSize 	80
maxEvaluations 	20000
minGene 	-3.0
maxGene 	3.0
tournamentSize 	5
crossoverPoints 	1
mutateRate 	0.5
mutateChange 	0.8
mutateRatio 	0.5
mutateRateSmall 	0.1
mutateRateLarge 	0.8
wepMax 	1.0
wepMin 	0.2
expAccuracy 	6.0
minTravel 	0.0
maxTravel 	2.0
neuralNetworkClass 	class coursework.ExampleEvolutionaryAlgorithm
Training Set Training
Fitness 0.007819452775159046