-1.752525333841587,10.366272740259594,1.4590381498976812,0.9192063785419822,-6.626792790865755,-4.286425750208588,5.139067247167905,9.852917171315383,-3.7047152582434215,-7.121666544772695,-0.3938152304760474,8.030879541207865,4.910530998184512,-1.9145501653142103,2.477635704281189,-5.282715743106414,-1.6287540273585552,8.98430575267354,3.7056456374745608,5.712112672063664,3.405735508649445,-8.152423829500743,-3.360182631674837,-4.979050524892737,-6.987597694257062,0.987738002326791,1.8839672238325755,0.29769031288558856,-2.415667796297467,4.380029160346484,-6.883653338438853,-1.7907493395360656,-1.7131956133183583,4.452630123114475,-10.803095820814882,-4.0842262328729895,1.2387812490413548,4.981699711489299,6.860096778145052,-3.7636883609646388,-3.7234532934218363,-4.988208363153406,-7.147633081974578,2.051185650814105,-0.9298654605780374,-1.637174816534855,2.2308275335730574,-2.0784670615444787
numHidden 	5
numGenes 	48
seed 	1585765428860
random 	java.util.Random@76fb509a
popSize 	80
maxEvaluations 	20000
minGene 	-3.0
maxGene 	3.0
tournamentSize 	5
crossoverPoints 	1
mutateRate 	0.5
mutateChange 	0.8
mutateRatio 	0.5
mutateRateSmall 	0.1
mutateRateLarge 	0.8
wepMax 	1.0
wepMin 	0.2
expAccuracy 	6.0
minTravel 	0.0
maxTravel 	2.0
neuralNetworkClass 	class coursework.ExampleEvolutionaryAlgorithm
Training Set Training
Fitness 0.02349551142283255