-0.2383333720406713,-2.041282889799688,-1.657198920187622,-4.904431297678683,-4.173731476790415,-3.7631892819234505,2.5885405905576317,5.251678789364407,-0.5112884665680841,-4.678724725964761,4.7809003787982824,6.911015538957282,-5.457685275034237,-0.7646993168832843,-5.895925429864265,-0.40716862947004584,0.14453618060999518,3.667685009697582,-5.282874763738915,-5.900368873275436,-4.105340974911922,-0.13330619003820599,-0.6645625031301754,1.6299977737655669,-0.5686441501120634,0.15705465815324948,-3.8435851063855377,0.09207490693276377,2.048192607223541,0.9234065806530052,3.6094499181965505,0.5195419779714239,0.1529308583805029,-6.909026668930792,-3.6526653354157466,0.888150914591638,-3.91015054490519,-0.10174392760716144,3.231715914906247,4.178492761801929,-5.962044754402462,1.6529244914020647,-3.5906710297386413,3.3640861748334903,-3.308798698415151,-9.461024213797234,0.6164492745418948,1.3996281426242125
numHidden 	5
numGenes 	48
seed 	1585765428860
random 	java.util.Random@76fb509a
popSize 	80
maxEvaluations 	20000
minGene 	-3.0
maxGene 	3.0
tournamentSize 	5
crossoverPoints 	1
mutateRate 	0.5
mutateChange 	0.8
mutateRatio 	0.5
mutateRateSmall 	0.1
mutateRateLarge 	0.8
wepMax 	1.0
wepMin 	0.2
expAccuracy 	6.0
minTravel 	0.0
maxTravel 	2.0
neuralNetworkClass 	class coursework.ExampleEvolutionaryAlgorithm
Training Set Training
Fitness 0.015965612434028328