8.165145796998488,1.0782610118767608,-0.6190127128234382,4.15537716478427,-4.528806059980237,3.0985460708901718,-4.156009293375074,-8.556081059413708,-3.61910200997239,3.0333855182777274,7.861242761913709,5.268055159449444,-1.0693028983939996,2.9121580877961293,-6.2923401378550725,2.0797862903265747,1.9697719699263867,3.1787689469265086,-5.333044242388622,-1.5000156936376563,-3.3128167768880745,-1.2045345731614725,-3.0847436231965215,0.393678124373263,3.8238891787752483,-0.038779854507999145,-8.664438427238997,-5.663508808993347,1.451954134821811,2.425998665609294,-3.6320054502219774,-6.545015288690974,6.416148909797099,-7.918141243339698,-3.7862035397725853,3.2656376867976267,-6.470493783728598,-6.7645226698669125,0.4414448462204652,0.5767482718505812,-3.6803284671180396,-5.308622545288949,-3.689043454154957,-4.842963447878156,3.3908422726958127,8.092936134827447,-4.318469973815047,5.099641587534947
numHidden 	5
numGenes 	48
seed 	1585765428860
random 	java.util.Random@76fb509a
popSize 	80
maxEvaluations 	20000
minGene 	-3.0
maxGene 	3.0
tournamentSize 	5
crossoverPoints 	1
mutateRate 	0.5
mutateChange 	0.8
mutateRatio 	0.5
mutateRateSmall 	0.1
mutateRateLarge 	0.8
wepMax 	1.0
wepMin 	0.2
expAccuracy 	6.0
minTravel 	0.0
maxTravel 	2.0
neuralNetworkClass 	class coursework.ExampleEvolutionaryAlgorithm
Training Set Training
Fitness 0.09799556038813054