-6.195260980143641,2.036787386939383,-2.180612114308932,0.07314985329231738,6.016312213175711,0.9766176980504859,-0.3156735786365694,1.2007156131768306,10.535864827869842,1.9693331975434625,4.572735821410089,-1.0461677435935521,2.8542610139992384,0.523673790582543,9.99692384441809,9.139142136717474,7.542131098956777,2.803511228114205,6.66305894422751,1.0120737527539108,-6.902759284253733,-5.870303198844721,-2.7720680649382263,-5.995252119253945,-6.133635197649431,-2.090169646193411,1.4744518074802768,-2.0087309905033015,-0.5816955536602939,0.5524324119101243,4.212150005203965,1.463137349240352,13.38152435677641,-6.1502758317070185,3.526402278497887,-1.067775514371219,2.200382930403581,-0.4405869518784544,-5.738912108057726,-1.35876934214399,1.3282372464680405,7.65164308672503,-7.1690329010484515,-7.85314402043488,3.8882763047642266,-0.14601588992067138,-1.006481671913419,6.7425038216271735
numHidden 	5
numGenes 	48
seed 	1585765428860
random 	java.util.Random@76fb509a
popSize 	80
maxEvaluations 	20000
minGene 	-3.0
maxGene 	3.0
tournamentSize 	5
crossoverPoints 	1
mutateRate 	0.5
mutateChange 	0.8
mutateRatio 	0.5
mutateRateSmall 	0.1
mutateRateLarge 	0.8
wepMax 	1.0
wepMin 	0.2
expAccuracy 	6.0
minTravel 	0.0
maxTravel 	2.0
neuralNetworkClass 	class coursework.ExampleEvolutionaryAlgorithm
Training Set Training
Fitness 0.05488130118939843