9.286708419430934,-9.781206121258986,-0.38978804457494354,6.99253861579332,4.535416025909991,-2.294452823971364,10.0434212906644,-2.7670615984296463,9.56001395029981,0.4962389374941389,5.986898888273032,-8.265592944478742,0.5207852165762308,13.974276855429803,0.579537746850027,1.393566187973548,13.460063800180908,-3.6837240222628416,5.648885626713249,-7.725786474125364,2.085146901500523,6.352807819594987,2.8321116328114284,-1.3170088735656502,-5.894486311401543,-0.04783897433837449,-3.285520908497114,7.564258322232043,0.1498012874268686,13.963425010761004,4.203335192442459,0.773855848947606,-8.601471848785199,4.743144119582381,8.730531226036012,6.074737867323894,-4.882829830239969,-0.3205870044852931,2.413387108718703,9.76744139579079,-12.426656506500128,8.980547039254796,3.7841874360988377,6.110911213173658,6.057670424696797,2.20984105297682,4.409218400663823,-4.275202217823008
numHidden 	5
numGenes 	48
minGene 	-3.0
maxGene 	3.0
tournamentSize 	5
crossoverPoints 	3
popSize 	10
maxEvaluations 	20000
mutateRate 	0.5
mutateChange 	0.9
seed 	1584056587980
random 	java.util.Random@76fb509a
wepMax 	1.0
wepMin 	0.2
expAccuracy 	6.0
minTravel 	0.0
maxTravel 	2.0
neuralNetworkClass 	class coursework.ExampleEvolutionaryAlgorithm
Training Set Training
Fitness 0.008303339482332068