-5.238557024207428,-1.402074930692771,3.092159379702399,-7.212766473767496,-5.291807344871865,4.575501224142989,11.045970766654513,0.019776434548667066,0.42801358122067557,-8.788905461785587,6.17790293540408,4.832951162455752,-1.5774565271166072,-8.986223498168464,-18.037982862547352,5.8022350425866565,13.735509071817727,-4.166152779582381,-9.094992124699193,1.0938738188095576,3.1276218096188693,1.4125709538853182,8.413216917606311,14.750020948696578,-0.7901721148962078,5.6126175992039595,-0.23532526747278504,5.069454631200076,5.836330124812292,0.496106903181579,-4.477694284604779,7.226168787315497,4.473488283410599,4.666713756213856,-10.931385962969532,13.630606104972147,5.113262321927177,-6.376864456303538,0.02233357579451356,4.528299466732826,-5.724914090678675,2.3755222315860545,-4.751297815940716,10.003728235875357,3.4739158598865965,-2.874848017720158,-5.87130857218699,-8.224891279918776
numHidden 	5
numGenes 	48
seed 	1585761325645
random 	java.util.Random@76fb509a
popSize 	80
maxEvaluations 	20000
minGene 	-3.0
maxGene 	3.0
tournamentSize 	5
crossoverPoints 	1
mutateRate 	0.5
mutateChange 	1.2
mutateRatio 	0.5
mutateRateSmall 	0.1
mutateRateLarge 	0.8
wepMax 	1.0
wepMin 	0.2
expAccuracy 	6.0
minTravel 	0.0
maxTravel 	2.0
neuralNetworkClass 	class coursework.ExampleEvolutionaryAlgorithm
Training Set Training
Fitness 0.007446506265244152