0.1755811269284817,6.701178260515003,-7.287591946463961,-5.963283529649335,1.5992367458916068,-3.231390684246672,-4.774322678318376,-6.223278413020892,-1.559460856916141,-12.255920767046383,-0.3598580636502988,-2.3328059225025513,-6.465654980262563,-3.94674753992427,-0.4880211491737825,2.3961897083876096,-2.210912079911955,-8.484200716315689,10.833816965074185,-1.728563489055077,4.658991895902145,3.120164724608623,-1.682634469335865,3.2380736120122995,1.6110932203076171,4.626302341219921,2.805236824738702,0.8151487357796408,0.19982743503457856,-0.10861777167490194,5.206485034014979,-5.369866736203308,-6.522225699583036,6.431837779853821,2.6781123469471595,-1.9411839345883948,-7.564382025894626,3.8409799289542175,0.8900317333442154,-3.3244585725999913,8.811738371393536,0.8747615461258287,2.9137078815224244,1.6058697621034734,-9.94166431885566,-7.100860792976047,-0.23506779583266324,3.9483481758336065
numHidden 	5
numGenes 	48
seed 	1585761325645
random 	java.util.Random@76fb509a
popSize 	80
maxEvaluations 	20000
minGene 	-3.0
maxGene 	3.0
tournamentSize 	5
crossoverPoints 	1
mutateRate 	0.5
mutateChange 	1.2
mutateRatio 	0.5
mutateRateSmall 	0.1
mutateRateLarge 	0.8
wepMax 	1.0
wepMin 	0.2
expAccuracy 	6.0
minTravel 	0.0
maxTravel 	2.0
neuralNetworkClass 	class coursework.ExampleEvolutionaryAlgorithm
Training Set Training
Fitness 0.012048100428496014