-12.346614509111047,2.160411803099932,15.960092710546288,-2.7801638989695716,-3.311123308327926,-4.184005318716147,-2.2413351217116793,9.00658459401091,13.396160800321521,3.7322574483302944,4.908268809132013,0.9725768932941004,12.183151432112814,-5.377201922104857,3.1967547092539217,1.6510600893047487,1.0312744143367472,1.6948409514957732,11.539805774042412,2.6448953669847004,-2.7315317828610075,-2.6825685858067665,-4.65642719733789,-6.727235737438249,-4.064451099684293,-6.5883201575623085,-2.4691887203064695,-1.1514714842592195,0.10369491522814478,-5.629290444439677,0.8279193990007763,1.6644811156601353,-0.5355278600540434,2.1873166836890823,-6.068582163322732,3.2682036649574604,11.990130311751736,-9.264050242023014,1.362720134782218,1.5853189814821758,-3.7954575704990567,11.448525235347212,-6.114476084615456,9.235777816772803,6.229548505716974,1.1283362091620897,2.6505830430125954,8.30921798776023
numHidden 	5
numGenes 	48
seed 	1585761325645
random 	java.util.Random@76fb509a
popSize 	80
maxEvaluations 	20000
minGene 	-3.0
maxGene 	3.0
tournamentSize 	5
crossoverPoints 	1
mutateRate 	0.5
mutateChange 	1.2
mutateRatio 	0.5
mutateRateSmall 	0.1
mutateRateLarge 	0.8
wepMax 	1.0
wepMin 	0.2
expAccuracy 	6.0
minTravel 	0.0
maxTravel 	2.0
neuralNetworkClass 	class coursework.ExampleEvolutionaryAlgorithm
Training Set Training
Fitness 0.025657534379726926