2.4347009127633785,-3.5865682231199507,1.767942841493973,-5.277410181830516,-3.5453192954515114,4.459177983451149,-3.8827035895144553,2.8079192349872937,6.9891225960630425,0.6397394280603366,-7.706426532849483,-11.841863637848094,-0.8438324470256273,-2.042463797986197,-2.725117673724708,4.152700013407712,-4.047611109668071,7.426347295941674,13.187462720815304,-0.9018895928702426,-2.771970779349502,-3.041470241684753,3.1685259465383275,0.7225807664877126,0.21199224641848113,-2.707505761824054,-0.0863146273592803,-2.0975605144112537,-0.20199541490416295,1.439770691345447,-4.867256775018465,1.1595563808479883,2.811614641823332,-8.539704668049154,7.513773715418547,-3.43286389167742,2.3726132648234772,1.9413454059659427,-1.3368601932518278,-1.640355654076432,5.357061920976193,13.054799382837768,-5.364597414924033,2.5661447949942238,0.8844148849163089,-0.2504316587182207,-2.250422788558912,1.1694992858153601
numHidden 	5
numGenes 	48
seed 	1585761325645
random 	java.util.Random@76fb509a
popSize 	80
maxEvaluations 	20000
minGene 	-3.0
maxGene 	3.0
tournamentSize 	5
crossoverPoints 	1
mutateRate 	0.5
mutateChange 	1.2
mutateRatio 	0.5
mutateRateSmall 	0.1
mutateRateLarge 	0.8
wepMax 	1.0
wepMin 	0.2
expAccuracy 	6.0
minTravel 	0.0
maxTravel 	2.0
neuralNetworkClass 	class coursework.ExampleEvolutionaryAlgorithm
Training Set Training
Fitness 0.008374978236571122