0.6753812642973247,4.915591408886881,8.123543586739506,-0.8161068068872182,9.811874423898287,3.2429484814263914,8.321203349563072,4.156617387326254,-5.759572053563275,-6.793331061384513,4.731693017890842,3.000531304425629,7.458248989846175,5.088669398470483,6.996749214393048,0.9623248405684139,2.619908240288482,2.7760415372906966,0.9481647261501538,-8.419791728497334,4.107708374140345,-2.5742672044340535,3.029316506319102,-1.4599269240987518,0.431131535620628,-6.7838779852715145,-4.53441526563274,-0.5334728859366871,-3.588410159802634,-0.5763704940646588,-6.365414424680095,-4.992041958137224,-1.1671444371700377,-2.4954098492805588,2.4308491137737898,6.523837029296546,4.453027783075309,-6.473602122617112,6.025182982305503,6.413389851374242,3.5409953849378155,0.9334673165381548,1.4046582188758843,-1.9419660822046174,-8.892050846350386,-1.4890713116148258,-3.0463821131573425,2.3306728394711893
numHidden 	5
numGenes 	48
seed 	1585761325645
random 	java.util.Random@76fb509a
popSize 	80
maxEvaluations 	20000
minGene 	-3.0
maxGene 	3.0
tournamentSize 	5
crossoverPoints 	1
mutateRate 	0.5
mutateChange 	1.2
mutateRatio 	0.5
mutateRateSmall 	0.1
mutateRateLarge 	0.8
wepMax 	1.0
wepMin 	0.2
expAccuracy 	6.0
minTravel 	0.0
maxTravel 	2.0
neuralNetworkClass 	class coursework.ExampleEvolutionaryAlgorithm
Training Set Training
Fitness 0.01525112069181031