6.934382312810961,-4.3402547704767365,13.149792510636761,9.39540490120996,-3.4336182749317175,-17.33409896229821,-0.2209438493881799,-4.286869842975999,-7.750428850078262,6.690375660092318,4.477620903124504,6.463511940766954,8.89682037963066,11.292831067186452,3.0862706782697753,-20.999072325146244,-0.5098349531095094,11.09680145712724,0.1821202832551685,-3.0350779964539933,-0.1074287037873849,14.600969131591437,2.894171564524817,-10.804585671497364,-4.856406741802172,0.4847315975797881,-22.082512756416595,-0.656594494219545,12.307573287310559,2.7927555405226228,2.7849923431851957,1.7902072947101468,-11.184694024979542,-3.735455340021315,-7.862404460944842,2.991108294434037,13.562575370412365,-8.677722059759528,-1.254699271173456,-2.002056553792068,-11.371648201774246,-2.723337036594172,-9.377748297751792,-1.1483627021341791,3.670017765326584,3.961841916640007,1.0040995725748139,4.6560175465189
numHidden 	5
numGenes 	48
seed 	1585761325645
random 	java.util.Random@76fb509a
popSize 	80
maxEvaluations 	20000
minGene 	-3.0
maxGene 	3.0
tournamentSize 	5
crossoverPoints 	1
mutateRate 	0.5
mutateChange 	1.2
mutateRatio 	0.5
mutateRateSmall 	0.1
mutateRateLarge 	0.8
wepMax 	1.0
wepMin 	0.2
expAccuracy 	6.0
minTravel 	0.0
maxTravel 	2.0
neuralNetworkClass 	class coursework.ExampleEvolutionaryAlgorithm
Training Set Training
Fitness 0.007841592213435965