-1.0480585077742923,11.102135323511654,1.9892619203442925,-3.3298565827435507,-6.1836253802522165,-2.6050882639523376,-9.919393109594859,-0.6168224200615935,-6.781085798149255,-11.462417614905197,7.970280773821959,6.42438971194991,-1.8500993506606334,-1.5351756033104513,-3.0140511289002903,1.1293671860094572,-2.5877752022370073,4.525370328482141,5.655032601074312,-10.431000410822953,5.377824183622225,4.433383817088498,5.943401689007686,8.267545311019285,-1.9380854224485082,-0.47052615982679,-0.5154460211382834,3.4138027391163384,-1.8394422219356354,0.7627197279569355,-1.7976567485350172,1.6525463384151082,-1.2156611995560127,12.95249104060535,-2.5317010452349487,-5.192013291405101,-1.0073543239221385,-3.5897287370299678,4.512659477125922,3.256943954851107,2.4082697939662436,0.9475712345031237,-2.5236343142519173,4.196506523249145,-11.867145149828314,3.2620562179269843,3.3160861550114387,-3.373334798288563
numHidden 	5
numGenes 	48
seed 	1585761325645
random 	java.util.Random@76fb509a
popSize 	80
maxEvaluations 	20000
minGene 	-3.0
maxGene 	3.0
tournamentSize 	5
crossoverPoints 	1
mutateRate 	0.5
mutateChange 	1.2
mutateRatio 	0.5
mutateRateSmall 	0.1
mutateRateLarge 	0.8
wepMax 	1.0
wepMin 	0.2
expAccuracy 	6.0
minTravel 	0.0
maxTravel 	2.0
neuralNetworkClass 	class coursework.ExampleEvolutionaryAlgorithm
Training Set Training
Fitness 0.013251922144817598