7.893676830011919,6.3728285390458,-2.6988032549822565,-2.744516572092965,-7.442697310890936,-1.0029420613841646,4.964342087949478,14.032816248647858,-1.3141584352707654,-1.0962727737708644,-7.008811345031615,-1.703136986444638,0.650542636742055,-14.47196222032685,-10.585392896623254,-16.462485797459095,10.663633558394757,21.798107221823606,4.4325169708453895,4.023701845543538,-6.057324120498912,1.4943740057383084,1.8939655600725909,0.08019237288786529,0.2526607610635385,7.304253437364648,-8.28922749547428,-0.8778202662962802,-2.3704965704536036,-0.4573980122545127,-7.680201925542611,1.8222360030059728,6.542895325097483,6.618456393111777,-3.888895457878844,0.4170664923606291,-5.518890666095418,2.514643183362675,16.813114791078274,1.3131835718117373,9.480410570546196,-5.483497360651967,-12.704471464458292,4.742601810486293,-3.9472259836258443,5.88114314260201,3.491380666279847,-5.971997399025157
numHidden 	5
numGenes 	48
seed 	1585761325645
random 	java.util.Random@76fb509a
popSize 	80
maxEvaluations 	20000
minGene 	-3.0
maxGene 	3.0
tournamentSize 	5
crossoverPoints 	1
mutateRate 	0.5
mutateChange 	1.2
mutateRatio 	0.5
mutateRateSmall 	0.1
mutateRateLarge 	0.8
wepMax 	1.0
wepMin 	0.2
expAccuracy 	6.0
minTravel 	0.0
maxTravel 	2.0
neuralNetworkClass 	class coursework.ExampleEvolutionaryAlgorithm
Training Set Training
Fitness 0.006862954151016076