4.974878261818205,1.6343516864590015,-9.857844036320698,4.934950567083601,2.2243219757404464,3.8691118796816344,8.406321750286718,3.5843908173539747,2.9515102477444595,-0.7844706055931527,-0.14504663557715114,2.240786178448521,0.899442893186005,6.979721255512852,-4.496506908147878,-2.362198631142819,11.026081504993595,2.019430378016289,0.24243782902267474,2.4045389547686584,-1.1658875205501291,0.3617880961210518,-1.0241191279387618,-0.41325914535683994,0.18658390840487593,-8.639023961589222,-0.37965295351643236,-14.042411849392948,0.16196117072867544,8.851287064145874,1.9927964148471349,-0.3910799116739354,0.4968679454177205,1.2018833955839636,-2.687965651344445,10.00600043531332,-3.9063121313082645,2.9038272533947493,-3.7386243596479796,10.614545777871102,-8.925003597380861,-1.1480902479938397,1.0877060946042338,1.3241817230546042,-4.082626571657111,-4.416576102056935,-0.8439799305623421,3.3154312420056318
numHidden 	5
numGenes 	48
seed 	1585761325645
random 	java.util.Random@76fb509a
popSize 	80
maxEvaluations 	20000
minGene 	-3.0
maxGene 	3.0
tournamentSize 	5
crossoverPoints 	1
mutateRate 	0.5
mutateChange 	1.2
mutateRatio 	0.5
mutateRateSmall 	0.1
mutateRateLarge 	0.8
wepMax 	1.0
wepMin 	0.2
expAccuracy 	6.0
minTravel 	0.0
maxTravel 	2.0
neuralNetworkClass 	class coursework.ExampleEvolutionaryAlgorithm
Training Set Training
Fitness 0.005820321159217803