7.564209009567234,-1.1650705828182126,9.927241255452003,-0.62021855241235,-5.101618897278023,-3.9692560399582426,6.062276310706756,-0.32144973463116466,3.483092915975212,-9.402363464633371,0.06341542512546505,1.9596102746188342,7.083591634782653,-9.911345056215408,1.642345752152589,-2.0085301762279757,3.2034618432597552,-4.184098070994115,-6.409830260270886,-17.029323143605165,5.2316861941695105,3.4955501041418273,-0.7023614407612757,-1.4734793551859149,-1.047205126852153,-2.9627885223274024,-6.704870764579731,0.16088477629417852,0.2017624120839081,0.7855406842733326,5.77847462030268,-5.966572107505177,-2.4018635519691207,3.3911635105294966,6.717313310454655,-1.2530207570312701,14.234193697298986,-8.472967720589185,-0.5819619568251637,-8.208316616629608,3.5107341095646145,-5.930100408782223,5.138801688681089,1.4402131188533878,-14.086711741547312,2.463919032460134,0.11317026593683499,3.507555236736529
numHidden 	5
numGenes 	48
seed 	1585761325645
random 	java.util.Random@76fb509a
popSize 	80
maxEvaluations 	20000
minGene 	-3.0
maxGene 	3.0
tournamentSize 	5
crossoverPoints 	1
mutateRate 	0.5
mutateChange 	1.2
mutateRatio 	0.5
mutateRateSmall 	0.1
mutateRateLarge 	0.8
wepMax 	1.0
wepMin 	0.2
expAccuracy 	6.0
minTravel 	0.0
maxTravel 	2.0
neuralNetworkClass 	class coursework.ExampleEvolutionaryAlgorithm
Training Set Training
Fitness 0.0072492092083959875