4.029826268908865,3.9956382039082152,3.0378072820679205,-9.766948055595076,6.532378910451809,5.1535331009453875,5.917747036227498,-11.837098297859411,-4.283433612811445,-2.0811170741464187,-5.709861904534041,-1.0908678722698897,3.6237902831181072,-10.390621785568987,5.378675409536072,5.1331391438300615,-1.078443995828419,1.927823949692856,-2.6126392813378225,-14.781574682225601,-3.3815725062403246,0.7698477335410341,2.00487262343702,0.4110448721003126,-1.5089098020697043,0.316421197681501,3.037320650087856,2.984332383110975,-0.6755203067990658,0.3764394969016407,-1.0424588700357644,-1.1601850731512535,1.517043675309145,-9.807362373935987,-5.013311009495239,4.0044510682320835,-7.294954602195797,-5.0687263773773505,-8.089724197643744,-17.62761507180193,4.563487067326145,-11.03383447253477,3.4624258846767884,-13.627512961024028,-7.249712932376306,0.9400972927521851,4.65140017125347,-1.9522949481364003
numHidden 	5
numGenes 	48
seed 	1585761325645
random 	java.util.Random@76fb509a
popSize 	80
maxEvaluations 	20000
minGene 	-3.0
maxGene 	3.0
tournamentSize 	5
crossoverPoints 	1
mutateRate 	0.5
mutateChange 	1.2
mutateRatio 	0.5
mutateRateSmall 	0.1
mutateRateLarge 	0.8
wepMax 	1.0
wepMin 	0.2
expAccuracy 	6.0
minTravel 	0.0
maxTravel 	2.0
neuralNetworkClass 	class coursework.ExampleEvolutionaryAlgorithm
Training Set Training
Fitness 0.009003668504159039