-0.8184162227699023,12.330582028758911,3.883385854771582,-0.48797015079415496,5.949934026715164,-7.2342792895901304,5.013510839666056,-4.087968054083339,-15.806389110432242,-0.8980230894366434,-10.518214905112615,10.250453889611142,4.627115301081751,6.216651578454524E-4,12.284397974510881,2.0114739058748183,-1.0105944698387257,-13.649118598610482,-3.9986956050969837,0.3997103677532299,-3.214633581197088,-3.3287906883192635,-3.793814377451185,7.955617095756295,-7.780138698372348,2.4097205580871526,0.026171306182978693,0.573681107883028,-0.4059938528307412,-5.237392823344392,-1.030776478893315,-1.4286502253313549,-2.616151280707234,6.328660342282729,-11.12138890509246,-2.645242514206042,-8.129199770892587,-10.940732721258492,0.18345897030798541,5.660926191260461,2.1308551611382436,-8.143415884948919,-1.8463851628699814,2.4989192288345494,0.5331996315320613,1.887599017419862,7.601687285876576,-0.5911199372758489
numHidden 	5
numGenes 	48
seed 	1585761325645
random 	java.util.Random@76fb509a
popSize 	80
maxEvaluations 	20000
minGene 	-3.0
maxGene 	3.0
tournamentSize 	5
crossoverPoints 	1
mutateRate 	0.5
mutateChange 	1.2
mutateRatio 	0.5
mutateRateSmall 	0.1
mutateRateLarge 	0.8
wepMax 	1.0
wepMin 	0.2
expAccuracy 	6.0
minTravel 	0.0
maxTravel 	2.0
neuralNetworkClass 	class coursework.ExampleEvolutionaryAlgorithm
Training Set Training
Fitness 0.013427320482272811