-2.2489397619634293,-2.699240633977749,-7.46314510131962,6.51851650278808,-2.6450726451698623,6.415705176877381,6.123569519226336,-4.060537420066073,0.33609947273055285,-0.051167831781853135,-4.23392070427501,0.8632501537596993,-8.05644049750746,7.137478555740641,1.329772387530001,12.6073290437935,-2.6854149021691303,-3.230831120732386,-1.5056815034863036,4.838632201877184,2.015186559427752,6.318547787426869,0.105212400648933,-10.092926362411626,-5.113176383029539,0.2271198460474193,-10.368498599299677,0.641300170510138,-5.536349396905504,6.255406052969601,-9.611202750254517,2.8647186573406316,8.296844514961322,6.643792179051367,4.428732818234946,-1.5771732731723145,-5.182499262192508,6.552323689592509,-5.385779947488567,-5.628949781639159,-2.253862060545864,-2.7821417162955866,3.257890198260622,-6.158226948311844,-0.44509424564845945,2.276810552814208,1.974179959408888,-5.359362640432554
numHidden 	5
numGenes 	48
seed 	1585761325645
random 	java.util.Random@76fb509a
popSize 	80
maxEvaluations 	20000
minGene 	-3.0
maxGene 	3.0
tournamentSize 	5
crossoverPoints 	1
mutateRate 	0.5
mutateChange 	1.2
mutateRatio 	0.5
mutateRateSmall 	0.1
mutateRateLarge 	0.8
wepMax 	1.0
wepMin 	0.2
expAccuracy 	6.0
minTravel 	0.0
maxTravel 	2.0
neuralNetworkClass 	class coursework.ExampleEvolutionaryAlgorithm
Training Set Training
Fitness 0.012962690759405975