6.266756709753114,-9.404351994826893,-1.7564262010328273,10.186350050297778,-9.667151586423884,-13.251804150753122,0.5227821679643836,-3.7105910951161203,5.323644925669428,7.350786863855515,3.6566566838811667,-7.871986454034608,9.477410208784,-8.588763152824141,-9.828685299919682,-8.3798083624519,4.1427760838107535,2.6106111958271354,1.0796828288786833,-8.702448168601041,2.6043786335319634,2.226909177335269,-3.2869865111009773,-8.448230230682533,-8.816537677575669,0.2705769447210016,-0.3934161643003171,6.714623714925068,8.009173812465976,0.1374187414678949,-3.5277919039954266,-1.678584069040513,-9.35576563249823,-1.242075395395957,9.113498563915016,-1.82939890111751,-2.8250591711266466,-2.8022755805689243,2.7052822452711895,-4.316754792844395,1.2224328010894328,0.8764496230992151,-11.926033951978898,-8.884088041632305,-1.8160385090698148,0.08095714827331735,-2.038189613197347,-4.218390998560703
numHidden 	5
numGenes 	48
seed 	1585761325645
random 	java.util.Random@76fb509a
popSize 	80
maxEvaluations 	20000
minGene 	-3.0
maxGene 	3.0
tournamentSize 	5
crossoverPoints 	1
mutateRate 	0.5
mutateChange 	1.2
mutateRatio 	0.5
mutateRateSmall 	0.1
mutateRateLarge 	0.8
wepMax 	1.0
wepMin 	0.2
expAccuracy 	6.0
minTravel 	0.0
maxTravel 	2.0
neuralNetworkClass 	class coursework.ExampleEvolutionaryAlgorithm
Training Set Training
Fitness 0.012294212949819699