-0.8095372699202794,4.1869585044030755,2.8025319470080676,0.9722261507559515,0.0267005972391563,4.154008951875685,0.8782529653999056,5.147230870083788,0.5169752061552495,3.162073857132232,0.8063368462087095,5.877863688146535,11.121953842369821,4.68794986698789,4.314931941047663,6.1441948328325795,-2.5318776778860466,2.477240270034253,-7.539924598572763,1.7922977859927098,2.4634367451850014,-0.4827516101252569,-0.8917349427016232,0.8304797819436953,-0.28913281312127603,-1.1458690573006043,-0.2263974835732454,-0.2580238773671544,0.7628150466007106,5.541559642197293,-3.673529741116983,-1.7673862469771862,5.969811496508828,8.147246775157004,-3.390237233468432,-1.385395797126434,3.8140121579259976,-4.159825329477959,2.229558102424625,2.8678603192586767,1.6426115021722938,-2.9346482548085104,-2.0945329022169457,-6.152035593655659,6.428411314036485,0.18440395946210453,0.5717645118720791,-0.07484887913262095
numHidden 	5
numGenes 	48
seed 	1585752236537
random 	java.util.Random@76fb509a
popSize 	80
maxEvaluations 	20000
minGene 	-3.0
maxGene 	3.0
tournamentSize 	5
crossoverPoints 	1
mutateRate 	0.3
mutateChange 	1.2
mutateRatio 	0.5
mutateRateSmall 	0.1
mutateRateLarge 	0.8
wepMax 	1.0
wepMin 	0.2
expAccuracy 	6.0
minTravel 	0.0
maxTravel 	2.0
neuralNetworkClass 	class coursework.ExampleEvolutionaryAlgorithm
Training Set Training
Fitness 0.008694285702976116