-9.858304521050192,-0.33848817700424183,-4.133204673039699,-2.082368532731956,-8.36124568457287,-0.11164830471471099,14.514849982695756,3.141124704792081,-5.150208173913142,-5.279354204359063,-6.326677968828244,-1.9397562484856299,-4.917713001547401,0.972955363709133,-4.79200287357655,-4.303829249467417,9.7559481302228,0.19518912315298076,8.479268608218666,-2.501543309482855,-2.488927490880881,0.7266813869934714,-0.6846927266427223,5.618605689285424,-5.771707675050706,0.869871812501462,-0.7493340758627696,1.587975699945247,-0.49015454356380994,1.4679547861387665,-3.5844612060263987,4.063453662428743,-2.3830439331562614,-0.10139403319258244,-0.4604881927046951,8.83812402899343,0.46560921990951476,-0.05414247481874024,1.5429959424394133,6.723231692718819,1.7599523215282111,1.9641483860363878,-0.3960326414000366,-0.0012094668014424048,2.9028778794385284,-3.305905009028632,-2.4816676052733193,1.684285852960588
numHidden 	5
numGenes 	48
seed 	1585752236537
random 	java.util.Random@76fb509a
popSize 	80
maxEvaluations 	20000
minGene 	-3.0
maxGene 	3.0
tournamentSize 	5
crossoverPoints 	1
mutateRate 	0.3
mutateChange 	1.2
mutateRatio 	0.5
mutateRateSmall 	0.1
mutateRateLarge 	0.8
wepMax 	1.0
wepMin 	0.2
expAccuracy 	6.0
minTravel 	0.0
maxTravel 	2.0
neuralNetworkClass 	class coursework.ExampleEvolutionaryAlgorithm
Training Set Training
Fitness 0.009075004420915337