6.380617473979234,-1.5240024663028866,2.708025144595867,-3.1142699009171384,4.470432247506527,-5.1852772047142,-10.782745961363894,-4.08137485547289,-2.6849086031650353,1.5961278286171814,6.130421630849145,-6.480487505164251,0.6910320293652035,0.8197991704597751,-3.779014853345445,-3.732990402703985,2.2438272400361416,-8.028928184943911,6.8649179603308115,2.7077932400743716,-0.07195421535718838,4.0893481063612365,-2.9982765350738676,-4.137457784770236,-5.321269069686891,0.5547077717498201,0.5063242246120743,1.5929300717488835,-6.582203160901007,-7.659129073686641,8.475155869025425,-3.5308225479802795,-2.4719469423826146,-6.841866636947183,1.1112431189420156,-8.014561414803321,1.5210189344058247,-12.196040633744758,3.678355978298698,5.808904280155192,-3.6803349026241134,-3.50519295950191,-2.3593336890394894,-6.40761802006662,0.2092445206967839,2.6549065796316684,-0.6177188059558378,-1.2121125730334292
numHidden 	5
numGenes 	48
seed 	1585752236537
random 	java.util.Random@76fb509a
popSize 	80
maxEvaluations 	20000
minGene 	-3.0
maxGene 	3.0
tournamentSize 	5
crossoverPoints 	1
mutateRate 	0.3
mutateChange 	1.2
mutateRatio 	0.5
mutateRateSmall 	0.1
mutateRateLarge 	0.8
wepMax 	1.0
wepMin 	0.2
expAccuracy 	6.0
minTravel 	0.0
maxTravel 	2.0
neuralNetworkClass 	class coursework.ExampleEvolutionaryAlgorithm
Training Set Training
Fitness 0.012475724710794625