0.777593976778632,-2.90814722177483,-3.485205780314346,11.136586613013733,-1.603416532144765,-5.803211895580706,-4.107209817518544,3.21711337460615,2.596126499173847,6.327431058438907,0.004388511001859552,5.575958967726611,2.204073936193499,9.19742411391966,7.550294502796724,-8.329041694177077,-1.6418871359324225,-2.11146581459945,5.3432005879459865,3.3223673883745146,-0.5734271953122516,-2.914825944149136,-0.27797188355508107,1.4135071669240082,-2.412142954675522,-0.07915414129584697,-2.5386337436847963,0.8332750719821747,-0.44120598870997396,3.2375844381558156,-0.49239498926091874,0.04174797036348421,-10.774846278518755,-3.8360216273490435,-0.6917572712399427,-2.0769641707609416,-0.47270682163020616,-2.7182097595840045,-0.9939880867609763,3.401115162795125,-4.403423906612617,-0.08961679351836471,1.3591947587578013,-1.39374966675328,-1.405066681593578,-3.9410796238709125,0.47713278963116723,-2.265719524757832
numHidden 	5
numGenes 	48
seed 	1585752236537
random 	java.util.Random@76fb509a
popSize 	80
maxEvaluations 	20000
minGene 	-3.0
maxGene 	3.0
tournamentSize 	5
crossoverPoints 	1
mutateRate 	0.3
mutateChange 	1.2
mutateRatio 	0.5
mutateRateSmall 	0.1
mutateRateLarge 	0.8
wepMax 	1.0
wepMin 	0.2
expAccuracy 	6.0
minTravel 	0.0
maxTravel 	2.0
neuralNetworkClass 	class coursework.ExampleEvolutionaryAlgorithm
Training Set Training
Fitness 0.007110695975675735