1.1705741961403258,-4.352988070137365,2.5284539954657266,-5.276931193523618,6.523169256244649,3.014683477090455,11.942369178293605,-0.3573242832341177,-0.6017380236246803,0.4302500221517911,-1.5162917923456114,2.044857021746635,3.697452818871338,-4.469633491115664,2.4435786385970677,7.369722946874235,1.205647238240611,-4.076213333911305,0.2177144325553253,3.9046607746491198,1.6035487792643481,-2.327703723418672,5.532057788018163,-1.1648448860184415,-10.351874875575923,-0.9253310494423201,-5.3453503426814395,-4.619807000483181,-0.1255171552693679,-4.754520344907373,-3.1765353625882273,-2.121144400549376,9.690244378856379,-2.119241993130752,4.930111096544117,5.618117517453517,3.5194786794349513,-4.094793298418906,-2.2982862724352717,-2.8224774617099895,10.031008607084704,-4.183660875069316,-0.08328708255380635,-2.1411374297107564,-4.042561263659336,-1.4817051536381476,-1.3524235504942264,4.039189830522591
numHidden 	5
numGenes 	48
seed 	1585752236537
random 	java.util.Random@76fb509a
popSize 	80
maxEvaluations 	20000
minGene 	-3.0
maxGene 	3.0
tournamentSize 	5
crossoverPoints 	1
mutateRate 	0.3
mutateChange 	1.2
mutateRatio 	0.5
mutateRateSmall 	0.1
mutateRateLarge 	0.8
wepMax 	1.0
wepMin 	0.2
expAccuracy 	6.0
minTravel 	0.0
maxTravel 	2.0
neuralNetworkClass 	class coursework.ExampleEvolutionaryAlgorithm
Training Set Training
Fitness 0.014691735300671794