-4.4064041841486565,7.713816567615033,-2.4703234239663887,3.4434640060439943,-4.837667701121007,2.4436210472542634,-1.0750330566798183,-5.395189369189309,-3.9437091169694254,3.4790803037248583,-4.298187946494492,-6.758900794376823,-3.7237125289766686,3.773034151916148,-4.441586270401091,0.6811372676535277,-1.7887591985801123,-7.706438906508546,-8.916519173025064,0.05448323156558321,-4.071775612753774,1.191851083909054,0.20442182519695296,-1.278803017581929,-1.6338669169130349,2.4041559922592715,3.6332612901262937,-0.254502472335578,0.6934514582521727,4.156730647629077,-3.8412499198502568,3.235852942080898,0.7112055024847084,-5.212835856339177,-0.2696918544502984,0.2565654079402251,-4.793522180205061,1.3943608601520723,-7.045375978655083,7.325286752961248,-5.892443550683229,-7.466356836924694,1.366881914944021,2.858011530726518,0.21390073926264574,2.2019259595166547,-2.651397152427781,0.23956183458758118
numHidden 	5
numGenes 	48
seed 	1585752236537
random 	java.util.Random@76fb509a
popSize 	80
maxEvaluations 	20000
minGene 	-3.0
maxGene 	3.0
tournamentSize 	5
crossoverPoints 	1
mutateRate 	0.3
mutateChange 	1.2
mutateRatio 	0.5
mutateRateSmall 	0.1
mutateRateLarge 	0.8
wepMax 	1.0
wepMin 	0.2
expAccuracy 	6.0
minTravel 	0.0
maxTravel 	2.0
neuralNetworkClass 	class coursework.ExampleEvolutionaryAlgorithm
Training Set Training
Fitness 0.007846737668320933