7.775043317167953,-3.708841105690807,-6.608038653820786,-3.9197179453973767,0.6617659524785562,2.286171344410797,6.691770009881492,-3.023174225460237,0.5484162749290202,-8.261649379550828,1.6853095819147008,6.56231533010221,-9.410739856405163,4.845551988692664,2.7545621555891264,-0.26243166116190997,-4.333907576042216,-0.8953100553658866,4.3765266719375715,-14.668718132687568,0.31087699745292374,0.045137603111321756,-0.4052318813059901,-9.684328908891098,-2.392443140683416,4.5779234928233405,2.652501597257702,-0.20056180459283413,0.6773436110260962,0.9162698564689964,3.8523369545487727,-0.12689411381074,6.120080048502112,-7.366279612708804,-7.307571021904316,1.8735523004477346,-7.577054589977963,6.6866529916057935,-1.5138027445321198,0.7638747008100946,-7.0760601379248875,1.526016380486428,-6.03229461326123,-7.7084877443603785,-7.968740045500405,4.158681652025731,2.8172053965951314,-4.208152041063775
numHidden 	5
numGenes 	48
seed 	1585752236537
random 	java.util.Random@76fb509a
popSize 	80
maxEvaluations 	20000
minGene 	-3.0
maxGene 	3.0
tournamentSize 	5
crossoverPoints 	1
mutateRate 	0.3
mutateChange 	1.2
mutateRatio 	0.5
mutateRateSmall 	0.1
mutateRateLarge 	0.8
wepMax 	1.0
wepMin 	0.2
expAccuracy 	6.0
minTravel 	0.0
maxTravel 	2.0
neuralNetworkClass 	class coursework.ExampleEvolutionaryAlgorithm
Training Set Training
Fitness 0.005550847785232097