0.7258442626116157,-4.649706679696164,7.233457987133568,-3.005534305347455,-5.820571352120634,3.5092794226682162,-1.4805173618483825,2.969975165833289,-7.198409208453104,2.3480748914456324,-3.2395050704919743,-4.956375990294661,2.894542082786651,0.1808181446390349,-6.325534302354762,-9.845975506072762,-0.33499343992897623,0.0397848931467748,-14.196113301898151,-0.2488511753323106,13.483705948680438,8.9906476177026,-1.2571484625378588,-3.7918957265808393,-1.629781291200792,-0.17659542594641353,-5.368497844575167,10.374094686835933,0.16867029084540008,0.44492928229787765,3.2080925567529794,2.2731899348865285,-1.6890749593333683,0.7822802876421862,3.6916212487934947,-2.2168211069450257,2.4915262880266082,1.7843515734699082,-1.193155884445669,-2.6800240292449358,7.192352515271625,-8.881600428900537,-4.017910226058885,8.734941002643746,0.27294803176394256,-5.436082391138764,-1.1160860624001272,-2.6614263910083364
numHidden 	5
numGenes 	48
seed 	1585752236537
random 	java.util.Random@76fb509a
popSize 	80
maxEvaluations 	20000
minGene 	-3.0
maxGene 	3.0
tournamentSize 	5
crossoverPoints 	1
mutateRate 	0.3
mutateChange 	1.2
mutateRatio 	0.5
mutateRateSmall 	0.1
mutateRateLarge 	0.8
wepMax 	1.0
wepMin 	0.2
expAccuracy 	6.0
minTravel 	0.0
maxTravel 	2.0
neuralNetworkClass 	class coursework.ExampleEvolutionaryAlgorithm
Training Set Training
Fitness 0.00915146003217802