-4.431830951929689,1.9903180635050703,1.3533645634086835,-6.951690075061891,3.775777465177569,0.5439638557405992,-3.847589751731734,8.026475868950717,-1.0691756205378475,10.441759028909916,-5.71185302592379,-9.92138781710255,5.346881076133393,-11.912437862245502,-0.3239300465996062,1.6934334284551162,0.10713306159426406,10.327605529490958,-0.4441283991367768,4.267497157156572,2.325567873710784,-3.291632986415859,0.18513988770064627,2.8882402522434596,5.30264013642801,-0.36688781932253933,-0.2419269048095276,-0.6225962656223019,0.525017268877233,8.326921365862136,1.599252862545182,2.6694001335776276,-1.4290048522359189,-0.8544338590183476,6.248896808256068,2.4213939424068824,4.317040254987177,-1.3640742277945097,7.651623343289281,-5.310032314260007,6.312741884454383,3.635219857310978,5.8355340562411975,-3.606109960305824,3.5221676285467147,-2.6561302615140425,2.9782012297636795,-1.2655658295653665
numHidden 	5
numGenes 	48
seed 	1585752236537
random 	java.util.Random@76fb509a
popSize 	80
maxEvaluations 	20000
minGene 	-3.0
maxGene 	3.0
tournamentSize 	5
crossoverPoints 	1
mutateRate 	0.3
mutateChange 	1.2
mutateRatio 	0.5
mutateRateSmall 	0.1
mutateRateLarge 	0.8
wepMax 	1.0
wepMin 	0.2
expAccuracy 	6.0
minTravel 	0.0
maxTravel 	2.0
neuralNetworkClass 	class coursework.ExampleEvolutionaryAlgorithm
Training Set Training
Fitness 0.010391580534190904