1.2311542994376714,4.537623443450798,-2.9141274830925172,9.59574090290602,3.7349166609874507,5.856934171928208,5.368047848860394,-1.2856199543634823,8.259644641304291,-4.545514851647439,5.0806956146158875,-7.795863867688234,-0.4954355862714821,6.728342359896735,3.8901125202414883,-3.484270398379426,-1.85287535516117,3.9861907499933285,6.2659000106907765,-10.09238302477358,-2.5605002327171693,1.0691933082038958,-7.5407213975644956,0.49129134127620877,-1.4994881163913505,0.21890194841381239,3.3124388811032413,-1.2952943365752632,-0.8131700868470331,-0.12268424440666581,2.515006814765904,-3.7372792043682956,0.8434857537570137,-0.5918928267157413,-2.3417117783972934,2.6567065049482625,-6.047811242954152,3.0163713823885434,1.9369457354945885,10.870216313225539,-0.9740558595361579,-0.001217493952503812,-0.21147923150279047,-3.601193607860049,-6.386198716870207,-0.9878406673289633,1.146887448147558,-2.568004629843391
numHidden 	5
numGenes 	48
seed 	1585752236537
random 	java.util.Random@76fb509a
popSize 	80
maxEvaluations 	20000
minGene 	-3.0
maxGene 	3.0
tournamentSize 	5
crossoverPoints 	1
mutateRate 	0.3
mutateChange 	1.2
mutateRatio 	0.5
mutateRateSmall 	0.1
mutateRateLarge 	0.8
wepMax 	1.0
wepMin 	0.2
expAccuracy 	6.0
minTravel 	0.0
maxTravel 	2.0
neuralNetworkClass 	class coursework.ExampleEvolutionaryAlgorithm
Training Set Training
Fitness 0.007867409326304428