-1.4655173345981363,-4.050336389685525,-2.208383990385779,-0.3054083158044336,7.349185870607726,-8.557795468720808,-11.283408945597616,4.923424601979281,-5.083006427024483,2.1510179268740783,-7.976619121741716,-7.189051975678665,-4.566874474212869,-1.669738354465973,9.752095738770231,2.913014274307481,1.6008296999878913,8.811128657765028,4.448226304952389,7.461442001594919,-6.597318220002482,7.083790934143864,0.6320282997914675,10.093991052154582,1.2379799217412903,-1.154670899112735,0.9821212377807609,-0.20892984656262925,2.1764960793142487,0.1705845771445058,-2.2159309620097813,2.8688910941500145,-0.16203322285614918,-2.116699616463981,8.142440084150588,-4.555222292786474,0.965674577511199,6.872749330089886,11.721373333441358,-4.02880020907815,-4.847301776965201,-2.7243364438499276,7.912662708394247,-14.296537754999411,6.957147822692042,1.505387654775202,2.4830502798616063,5.3705249725000455
numHidden 	5
numGenes 	48
seed 	1585752236537
random 	java.util.Random@76fb509a
popSize 	80
maxEvaluations 	20000
minGene 	-3.0
maxGene 	3.0
tournamentSize 	5
crossoverPoints 	1
mutateRate 	0.3
mutateChange 	1.2
mutateRatio 	0.5
mutateRateSmall 	0.1
mutateRateLarge 	0.8
wepMax 	1.0
wepMin 	0.2
expAccuracy 	6.0
minTravel 	0.0
maxTravel 	2.0
neuralNetworkClass 	class coursework.ExampleEvolutionaryAlgorithm
Training Set Training
Fitness 0.004417349577037903