-8.490436208616135,2.094617901911656,-7.57026227169682,-1.122492128644193,-2.2321413941497283,-1.261560178517603,-3.719010202441029,5.255218699193534,-8.622271960556345,3.3690228195581193,-3.8086319589457203,-1.9020159508277217,-6.055192796416826,-4.424231711659581,1.9069882129400408,0.7602281289136357,-0.18713586912612312,3.335300144684407,-4.214166446899372,1.3187030916859162,5.445622760313106,2.912681374468011,-1.6147380174459214,4.532226866019143,3.986799711972668,4.77888534321549,3.548595886062232,-0.0011510994189662949,1.4253171585401472,1.361959054373558,-2.8216661216582537,-1.1099734165164021,0.684506534497576,0.5629716283407,-3.030989848312342,-0.8048277458819986,-13.642493115302297,5.988564906165199,1.2813744529816422,3.2935519429708595,-1.59437044614249,-7.4381170205078835,7.674443108695548,5.696035162775553,-2.055714666211891,-4.55532644767808,-1.6709476694016765,7.839669967517275
numHidden 	5
numGenes 	48
seed 	1585752236537
random 	java.util.Random@76fb509a
popSize 	80
maxEvaluations 	20000
minGene 	-3.0
maxGene 	3.0
tournamentSize 	5
crossoverPoints 	1
mutateRate 	0.3
mutateChange 	1.2
mutateRatio 	0.5
mutateRateSmall 	0.1
mutateRateLarge 	0.8
wepMax 	1.0
wepMin 	0.2
expAccuracy 	6.0
minTravel 	0.0
maxTravel 	2.0
neuralNetworkClass 	class coursework.ExampleEvolutionaryAlgorithm
Training Set Training
Fitness 0.036846589925326474