-0.11054606178425974,-1.5910215558018077,-3.207087834436192,1.0561629595431397,-1.2762581192000182,-1.3465674214144885,-1.4165691103056515,4.201093013977114,2.6328187037676916,2.3863868286729604,-2.097703686249757,0.005427726868781679,0.4378038747872903,-0.816171488516682,2.901906477795441,-0.037449495711916025,2.128241023230069,-3.0668043367012077,1.131268965322192,2.7165682011610706,-0.7568316957560741,2.0806069211467557,2.9847370108103437,-1.488214988681676,-0.25883820174556504,-2.4348841913648434,1.7343973873257061,3.491905726424421,-0.9965036738356501,-1.629966090560346,0.4330810371291349,1.3462379483942133,0.5875502641996921,-0.5301928367761004,0.9626037950797115,1.4971675553677084,1.9730663120373024,1.7407404700174007,2.242314181839097,0.00560316543317585,-2.801818623620017,1.605044443026916,-0.26392870943996893,-0.7089900368528408,2.873932947375404,3.3163427697089434,0.9563211473077926,-0.37992726334746507
numHidden 	5
numGenes 	48
seed 	1585500087776
random 	java.util.Random@76fb509a
popSize 	50
maxEvaluations 	20000
minGene 	-3.0
maxGene 	3.0
tournamentSize 	5
crossoverPoints 	1
mutateRate 	0.05
mutateChange 	0.5
mutateRatio 	0.5
mutateRateSmall 	0.1
mutateRateLarge 	0.8
wepMax 	1.0
wepMin 	0.2
expAccuracy 	6.0
minTravel 	0.0
maxTravel 	2.0
neuralNetworkClass 	class coursework.ExampleEvolutionaryAlgorithm
Training Set Training
Fitness 0.12633096263606725