-2.0066787943583018,-1.1784182367440907,-2.921119260594869,0.225941929651305,3.1884876936053663,0.1850592998932754,1.1118674254392893,0.027077305236520743,-3.8752658105759457,-0.7062811278273184,-2.0183193591531237,2.671624913187239,3.4673809695629982,1.6069561913365695,3.0406254995226645,1.8208895421170146,3.6462040031156526,0.6954645754931876,-3.081383002122262,-0.4578832574583318,-3.535926835658832,1.890372041071764,1.39985182285493,1.505535836934897,1.0806432771865087,5.924760510564935,-1.5798098760031123,2.173783905565246,1.440606927039088,1.3464186979593133,-0.5564857256852456,1.7201544784098752,4.359507074686677,1.5771114077910031,-4.640995126595307,0.921989329411633,2.2692849343649986,1.9872217988531258,-2.2960614338109817,0.1599810047239565,-1.2612804807338147,-1.6425412838433004,3.0535619412382653,-1.9453668956563281,0.26497914678370904,-3.0100438839939514,-0.27458453547060424,-0.8847843868694856
numHidden 	5
numGenes 	48
seed 	1585500087776
random 	java.util.Random@76fb509a
popSize 	50
maxEvaluations 	20000
minGene 	-3.0
maxGene 	3.0
tournamentSize 	5
crossoverPoints 	1
mutateRate 	0.05
mutateChange 	0.5
mutateRatio 	0.5
mutateRateSmall 	0.1
mutateRateLarge 	0.8
wepMax 	1.0
wepMin 	0.2
expAccuracy 	6.0
minTravel 	0.0
maxTravel 	2.0
neuralNetworkClass 	class coursework.ExampleEvolutionaryAlgorithm
Training Set Training
Fitness 0.08686108795648728