-4.509987016699583,1.0766207506807626,-1.4450018314279074,0.26679086731067514,-0.4970699669438794,-3.7813825374192644,-1.8925851096037856,1.3310033977754943,0.8908761407429422,3.4736910124174276,-1.4151326471852022,2.3992273207464763,-2.023878834803017,0.9499478649616977,2.2878750501275924,-0.9071654020671369,0.6564112334862591,2.0118096515773516,0.49137672482724426,-2.2138412360779673,-0.8216362526241676,-2.4947653944469854,-2.2147742219322084,1.152073413123941,-2.2697712669575827,0.08945914342441963,-1.71031597743493,1.0774880798776802,-1.1367703661715176,-0.7632793001958633,-0.4567846530533135,2.759246997649524,-1.813750973573402,0.1938484018430353,0.2641798451022175,-1.757911995957315,-3.348331972879459,-1.63047560277227,2.0298217599787023,2.548991535993591,1.0607166516952464,0.21844699483640184,-1.30475261881654,-1.6195786434986719,1.1647397524683996,2.7385444410548017,2.091879914988888,-2.8773698248111783
numHidden 	5
numGenes 	48
seed 	1585500087776
random 	java.util.Random@76fb509a
popSize 	50
maxEvaluations 	20000
minGene 	-3.0
maxGene 	3.0
tournamentSize 	5
crossoverPoints 	1
mutateRate 	0.05
mutateChange 	0.5
mutateRatio 	0.5
mutateRateSmall 	0.1
mutateRateLarge 	0.8
wepMax 	1.0
wepMin 	0.2
expAccuracy 	6.0
minTravel 	0.0
maxTravel 	2.0
neuralNetworkClass 	class coursework.ExampleEvolutionaryAlgorithm
Training Set Training
Fitness 0.025983929693390292