-2.4584924643782102,0.8988456709372294,4.783684650591559,-0.8554485712916957,1.5679788852939902,1.5762617804331231,3.4801264486936656,-1.870166279481575,0.33651537412712607,-1.3377525956423577,2.5048050550984877,0.5949692793599937,1.5685168666771947,-1.6984620175810043,0.9000764500554199,-0.9180780741738781,1.0476938684107537,-2.4240072889310222,-0.572146931230157,-2.3084976947873734,-0.7689579271793108,-2.623388272826439,0.1214069673466982,2.2654082331796186,-0.4872383098724713,-1.6271808154018252,-0.450951703171488,0.7124973083969266,4.365913192895279,-1.349028178303307,0.5642741032429521,0.2807442707846377,-0.26691230623211926,0.47491270070200553,-0.692780561583358,1.550944455783914,1.3713515564234218,-0.3102498347843077,0.3999785177775914,1.590335056101905,-1.1217870761249669,-2.9541002410452286,2.143593280075126,-1.9460846614200498,-2.165662570764714,0.16378786790153432,-0.4227535380384171,1.0583548493875226
numHidden 	5
numGenes 	48
seed 	1585500087776
random 	java.util.Random@76fb509a
popSize 	50
maxEvaluations 	20000
minGene 	-3.0
maxGene 	3.0
tournamentSize 	5
crossoverPoints 	1
mutateRate 	0.05
mutateChange 	0.5
mutateRatio 	0.5
mutateRateSmall 	0.1
mutateRateLarge 	0.8
wepMax 	1.0
wepMin 	0.2
expAccuracy 	6.0
minTravel 	0.0
maxTravel 	2.0
neuralNetworkClass 	class coursework.ExampleEvolutionaryAlgorithm
Training Set Training
Fitness 0.016740925419230886