-2.1108441690496775,3.4806537844908316,-0.14733404868771727,0.7412503779987683,2.1199205689434466,-1.251525471029858,-2.534369823801355,0.27003292351910524,-1.1313927485380098,0.1863771533052807,1.0657285881717211,3.394806129253821,-0.5479290772151191,2.2197243353759326,-0.7510540128954757,-1.41199752984928,-1.5133369777922319,1.2675730066572548,-1.1827066826281403,-2.1266746342172995,0.9953346391297635,-2.8621212248578916,3.069487139941822,1.108315390446995,-2.428944186069238,-0.8353708906068227,-2.1131698203160747,1.9814066824002428,1.1584576770087507,-1.5902203820165788,0.01687497019568629,2.099390962797435,-0.23142128683241037,-0.9138197948819755,-1.7015394481692443,0.8361238029232707,3.908391084046804,1.8713545115559391,1.0072617205411891,-3.1542643067485168,-1.5889171577607222,-0.2668368854775327,2.8740347066175715,-1.1864739972562397,-0.8051347745692614,1.777056074298753,-1.8617069771474668,-0.8748551461417726
numHidden 	5
numGenes 	48
seed 	1585500087776
random 	java.util.Random@76fb509a
popSize 	50
maxEvaluations 	20000
minGene 	-3.0
maxGene 	3.0
tournamentSize 	5
crossoverPoints 	1
mutateRate 	0.05
mutateChange 	0.5
mutateRatio 	0.5
mutateRateSmall 	0.1
mutateRateLarge 	0.8
wepMax 	1.0
wepMin 	0.2
expAccuracy 	6.0
minTravel 	0.0
maxTravel 	2.0
neuralNetworkClass 	class coursework.ExampleEvolutionaryAlgorithm
Training Set Training
Fitness 0.10096214568179374