-2.0875670119080207,-1.1082909317691128,3.451173755105385,2.4459507693151252,1.8570222002716736,-2.222474140761356,-3.183611949444642,-1.0965490798281934,-1.905568822594193,-2.4166035672891946,1.345907516192356,0.3659853826164623,1.678284234081854,-0.7504396940035711,-0.9165143020608442,0.5547758476897844,-2.802055602697053,-2.9588178333807487,-1.38918503150733,-0.30636680943319217,-0.4315596643827657,1.5859455807060314,0.9967052489675723,1.1560517065521436,0.4791426453264567,-2.643715627161183,0.9287949022727382,3.2144405238603238,-1.2013094865339067,3.461437557206307,-0.6636468539964666,-0.571774783096433,2.3505970985425426,0.07577046513128582,-1.0059110395941016,-0.9468596214128127,1.244354209819594,2.648919814874076,1.0098308246930658,-0.6134002262114855,-2.6085202838319628,-1.9518290545957369,1.9219052970402988,1.5748569018033463,-0.80361225009529,1.7250695055319403,1.8108923418501277,0.6385784269733703
numHidden 	5
numGenes 	48
seed 	1585500087776
random 	java.util.Random@76fb509a
popSize 	50
maxEvaluations 	20000
minGene 	-3.0
maxGene 	3.0
tournamentSize 	5
crossoverPoints 	1
mutateRate 	0.05
mutateChange 	0.5
mutateRatio 	0.5
mutateRateSmall 	0.1
mutateRateLarge 	0.8
wepMax 	1.0
wepMin 	0.2
expAccuracy 	6.0
minTravel 	0.0
maxTravel 	2.0
neuralNetworkClass 	class coursework.ExampleEvolutionaryAlgorithm
Training Set Training
Fitness 0.12670144223401292