1.0996491091683538,-2.931002779417772,3.144045600152136,-2.3336186953620026,0.3088429141774207,2.7652072894200597,-1.3449193356255824,1.7019366188205511,0.698033311142241,-1.47795513544109,-2.621268956307563,-2.1922796925706862,0.25886503485376355,2.383862011269396,2.4465302486255007,-2.229118445735885,-2.1813655595985795,0.3155217939633479,2.2172748897856014,-1.9933315896137418,0.7178156834475535,-0.5628017067271487,-1.8545967094723885,-2.0857509610033147,-2.802414193489539,-0.5983457366911846,-1.6493249520477566,1.196145778992597,-0.18264697077148728,0.23351476588428088,0.40739930339880015,1.7762321433401178,-2.4593425232914017,-3.1222095659056057,-0.21642978662291235,-0.7772756535073824,-0.32405505311130867,-3.393837663551814,1.9212544091144634,2.989402383732897,1.2356924742484283,2.239534373805766,0.8760674949355218,-3.6594641787164126,-2.2075716752531553,1.1003168799572736,4.342314565898928,-0.024729173727720877
numHidden 	5
numGenes 	48
seed 	1585500087776
random 	java.util.Random@76fb509a
popSize 	50
maxEvaluations 	20000
minGene 	-3.0
maxGene 	3.0
tournamentSize 	5
crossoverPoints 	1
mutateRate 	0.05
mutateChange 	0.5
mutateRatio 	0.5
mutateRateSmall 	0.1
mutateRateLarge 	0.8
wepMax 	1.0
wepMin 	0.2
expAccuracy 	6.0
minTravel 	0.0
maxTravel 	2.0
neuralNetworkClass 	class coursework.ExampleEvolutionaryAlgorithm
Training Set Training
Fitness 0.09987957661161861