-1.6269408885350143,0.7366290004461815,1.1600049940418695,-0.20358712492759068,2.9144268613268824,-0.21870366012457243,-1.26427605767915,-2.918841376030886,0.7824066079752319,1.6418536096149712,0.5987522145594313,2.084996018854145,-0.5405759195280231,-2.9879803729324763,1.6096203425787232,-2.291933448783873,3.369315908472078,-1.534954207195403,3.134664654173127,-1.8468976476686365,1.7050732394857047,1.5150658496518297,1.6669963416191669,-0.5627465083961742,3.0700748745523816,-2.8709343080696286,-2.1484906806307715,1.1587024334109062,2.132944948020352,-0.4526768991322019,2.081828531554219,1.9921290836105658,-0.8339094376715186,3.111963252033772,-0.774216804735526,-1.8023683069679821,1.4453988870750791,0.08257295323025327,-1.637847018187398,2.175758167362609,3.5334904932062132,0.6346131278410487,3.1751122470693245,-0.9011727938015688,-2.3710313205393314,1.8343748229960184,1.8997031995557236,0.08542133491177628
numHidden 	5
numGenes 	48
seed 	1585500087776
random 	java.util.Random@76fb509a
popSize 	50
maxEvaluations 	20000
minGene 	-3.0
maxGene 	3.0
tournamentSize 	5
crossoverPoints 	1
mutateRate 	0.05
mutateChange 	0.5
mutateRatio 	0.5
mutateRateSmall 	0.1
mutateRateLarge 	0.8
wepMax 	1.0
wepMin 	0.2
expAccuracy 	6.0
minTravel 	0.0
maxTravel 	2.0
neuralNetworkClass 	class coursework.ExampleEvolutionaryAlgorithm
Training Set Training
Fitness 0.09790231834501685