1.3755200945745667,-3.2941339481481533,4.9926057821780905,1.436669400217366,0.9619331623864831,-1.440128268117049,0.1539354721610957,1.044785310743538,-0.8253436104597176,1.835823356502023,0.8202813784835876,-4.9224604057761745,0.7333738284632778,0.18632645971003914,-2.2830184250439474,1.9683947730256062,0.7009321830435065,1.6250067188250839,-1.448179443311552,-1.9841644898769268,1.1006268931094905,-1.7821822848861553,1.9744775321141104,2.436759113872548,0.8254622614826017,-0.6122197589461651,-0.6679310560372889,0.012758774522880323,-1.891141810471304,0.2767328471346433,0.4319092001673741,-2.7745984829407977,-0.9116326228627092,-2.035747137018295,-1.0090627173168993,0.5588760400436685,0.45517769501880867,1.957150226421807,1.389490760980073,1.9330661995148235,-0.6227708894137516,-2.5134920817459374,-1.2895623644354397,1.157973877252986,-0.9530157846241134,1.4886895606240236,2.3483622291156774,-2.2138780035620274
numHidden 	5
numGenes 	48
seed 	1585500087776
random 	java.util.Random@76fb509a
popSize 	50
maxEvaluations 	20000
minGene 	-3.0
maxGene 	3.0
tournamentSize 	5
crossoverPoints 	1
mutateRate 	0.05
mutateChange 	0.5
mutateRatio 	0.5
mutateRateSmall 	0.1
mutateRateLarge 	0.8
wepMax 	1.0
wepMin 	0.2
expAccuracy 	6.0
minTravel 	0.0
maxTravel 	2.0
neuralNetworkClass 	class coursework.ExampleEvolutionaryAlgorithm
Training Set Training
Fitness 0.10931809167305732