0.20554029348811387,-0.4021531437222312,-0.4105129808693082,0.09894832295844802,1.2811237639963906,-1.257326731285163,-1.7269826355484938,-3.469469138087307,-0.3010186272848625,-3.404796871393003,-2.7395921656716813,1.8938506359372793,1.9356250552202585,0.9780748482464294,3.293367335792597,-0.5856697672178037,1.3509853456678407,-0.09560445536336193,1.4757186126667827,0.803423982790068,0.8400196284326027,3.456344449036651,2.392785319281855,-0.691418754927235,0.8458521560818673,-1.5647559990208533,0.1995025147925249,1.0357438005093274,1.9482222630758939,2.108164141073611,0.14143168457214017,-2.5568832685656093,1.1846623911608356,-1.2830567975461435,2.210673718232899,-1.2142285694975758,-1.4590269266857963,-2.779351220483764,-2.071450852852915,2.0840488491833664,1.3735054928777686,1.8025324604365718,2.0046351009771453,-0.9189625256196654,0.2104546602591455,1.4417100870733064,1.9902607034207467,-0.06630980889540661
numHidden 	5
numGenes 	48
seed 	1585500087776
random 	java.util.Random@76fb509a
popSize 	50
maxEvaluations 	20000
minGene 	-3.0
maxGene 	3.0
tournamentSize 	5
crossoverPoints 	1
mutateRate 	0.05
mutateChange 	0.5
mutateRatio 	0.5
mutateRateSmall 	0.1
mutateRateLarge 	0.8
wepMax 	1.0
wepMin 	0.2
expAccuracy 	6.0
minTravel 	0.0
maxTravel 	2.0
neuralNetworkClass 	class coursework.ExampleEvolutionaryAlgorithm
Training Set Training
Fitness 0.12067668656794676