1.9129192102370771,5.979420566081837,-1.9128816160504365,-1.8639913536162638,-7.1241203552438686,2.8625507704334314,-0.29780980107134347,5.234750339787473,3.222387329726055,2.6666430704405126,0.29892797569472673,-0.8410355892566752,1.6199544221620332,0.3202913598963848,-2.6712945794515734,-0.31083179738643185,-0.6647672319103624,3.9633256376802484,1.5963715853228937,2.6856097323995725,-3.411040961033838,-0.9987999165370018,1.8311426504952921,3.1367304646818557,-1.6637548355632061,0.20238724541236897,-2.6342110692961196,2.320062320470674,1.6794264032648996,-0.9349660615381445,0.8998895898948929,-3.9999454371204144,1.704667720382643,-1.502504411957469,-2.2493431660400893,-1.500556497240991,-2.194989070975429,0.8632275303302341,-0.3899323605741478,2.0803802175470567,-2.4884706570636315,-0.8661351022920725,-3.3702250102053988,-2.1413546811125075,1.500742928251979,-3.2248115438574,-0.8544936713748852,0.44888744704264827
numHidden 	5
numGenes 	48
seed 	1585500087776
random 	java.util.Random@76fb509a
popSize 	50
maxEvaluations 	20000
minGene 	-3.0
maxGene 	3.0
tournamentSize 	5
crossoverPoints 	1
mutateRate 	0.05
mutateChange 	0.5
mutateRatio 	0.5
mutateRateSmall 	0.1
mutateRateLarge 	0.8
wepMax 	1.0
wepMin 	0.2
expAccuracy 	6.0
minTravel 	0.0
maxTravel 	2.0
neuralNetworkClass 	class coursework.ExampleEvolutionaryAlgorithm
Training Set Training
Fitness 0.049576424776878625