0.7762574812545084,-3.42078589743341,0.9556027292887714,0.00332490931448004,-0.1302756158963061,-2.8746254104733344,-0.7315431644619617,1.4505673486039825,-0.16556175387808736,-1.3467810470815138,-0.47341277788397207,2.0870010810113264,-0.9448616056095851,4.211425341125809,-0.07273741063448647,0.387504861472145,-3.0743221918762735,-0.094322865335839,-2.638505660234947,1.2304361009031695,3.194223374685972,-3.3594372795523544,-1.9995173433502555,0.3255512742690243,3.7930616008909492,0.025038556586411076,2.4639987079986083,-4.522936052542201,-2.9260015493563216,-2.8316601977715052,-1.1901956621680112,-0.9949323081803847,-2.9882285885863604,-0.6253605610362758,-0.28175811838196196,-1.1989077850419698,-0.11738899007837489,-2.866484260678826,-0.2869080459279014,-1.4614984952167713,0.6028184658379994,1.555761236305158,-1.7835107123475549,0.6494929541310324,-3.444574485391076,2.0449979352158314,2.030610477136726,-2.352751759918407
numHidden 	5
numGenes 	48
seed 	1585500087776
random 	java.util.Random@76fb509a
popSize 	50
maxEvaluations 	20000
minGene 	-3.0
maxGene 	3.0
tournamentSize 	5
crossoverPoints 	1
mutateRate 	0.05
mutateChange 	0.5
mutateRatio 	0.5
mutateRateSmall 	0.1
mutateRateLarge 	0.8
wepMax 	1.0
wepMin 	0.2
expAccuracy 	6.0
minTravel 	0.0
maxTravel 	2.0
neuralNetworkClass 	class coursework.ExampleEvolutionaryAlgorithm
Training Set Training
Fitness 0.11994821992988962