0.9923581635755916,0.1337786491109938,-2.2019258864497786,0.979192246943521,0.5877173022129796,3.2060484747613556,2.29271569766326,-2.19460604652682,4.479426209280481,-1.2298940680216193,-2.5743549800112837,-1.1640464085586673,-3.0828931536939628,-1.8953063704609927,0.014063683251722914,-0.4751613844191911,3.426012044741231,2.497040759267965,3.261375925739909,0.9692723578895812,-1.389919323717321,0.48315858407914014,1.0188186181655619,-3.5535698344887834,0.8390579259333144,-0.2586729161088481,-1.322469626352906,0.13587213238841667,-0.818022837308136,2.455803414461034,-2.4418313401229135,-0.8352033724287229,2.2403645467518594,-1.5737078890078715,2.102613746874016,0.0657866640196767,-3.529857077027571,3.3301940303445052,-0.6193450623853798,0.22230879030278672,-1.9394780973663441,1.588762719444066,0.5202066252595063,0.018120230295426865,2.230159767756221,-1.3400794716466997,0.002284420989454361,-0.9631911887974178
numHidden 	5
numGenes 	48
seed 	1585500087776
random 	java.util.Random@76fb509a
popSize 	50
maxEvaluations 	20000
minGene 	-3.0
maxGene 	3.0
tournamentSize 	5
crossoverPoints 	1
mutateRate 	0.05
mutateChange 	0.5
mutateRatio 	0.5
mutateRateSmall 	0.1
mutateRateLarge 	0.8
wepMax 	1.0
wepMin 	0.2
expAccuracy 	6.0
minTravel 	0.0
maxTravel 	2.0
neuralNetworkClass 	class coursework.ExampleEvolutionaryAlgorithm
Training Set Training
Fitness 0.011662875258641063