1.5676315723108027,4.387296373105115,-0.1650314023793138,-1.3233820716727687,-4.368650670573716,1.2273250589314895,-1.229561566264978,3.3301982013065583,1.627042564614407,0.06162259777945511,2.0598990191217124,-5.030054002271058,-0.07133987386756324,-3.236183591039195,-2.7810198060800775,1.4068967840524138,1.4787454715732808,3.222157966948794,0.08952554488954334,0.17333099130243235,-1.5180887295850898,-1.0842836466317758,-0.5004124859886865,1.0383128970095648,0.44156694740248703,-0.08218375262895261,-3.9494711060967767,0.7548717581072646,-2.978038134177565,-0.6347821342897308,-0.8931513820187398,-1.927057119576589,2.1617514638033875,-1.2613182592214383,1.1249046764039035,0.40961008468610904,4.3945940215318995,1.3767305860928465,2.4547482578308344,-0.1368889043440089,-0.7009216065331128,2.6580956741678037,1.6848338988946834,1.9894908032441592,-0.09541833345815931,-0.7604946768132637,-0.02758539640993085,1.7985596381756856
numHidden 	5
numGenes 	48
seed 	1585500087776
random 	java.util.Random@76fb509a
popSize 	50
maxEvaluations 	20000
minGene 	-3.0
maxGene 	3.0
tournamentSize 	5
crossoverPoints 	1
mutateRate 	0.05
mutateChange 	0.5
mutateRatio 	0.5
mutateRateSmall 	0.1
mutateRateLarge 	0.8
wepMax 	1.0
wepMin 	0.2
expAccuracy 	6.0
minTravel 	0.0
maxTravel 	2.0
neuralNetworkClass 	class coursework.ExampleEvolutionaryAlgorithm
Training Set Training
Fitness 0.04152718120187955