-4.992072965167245,3.6962918583703948,-2.41075717942681,-1.1295993868013134,-0.35594472347449946,-0.47761011016648913,1.0561096033199524,2.136201851766055,-2.1769629806363744,-1.2140956111431223,-2.5059407001680967,2.6368854622546607,-1.0965094178473205,-3.4399641701295574,-0.1690629803019137,5.209711472047307,-1.0525781634140636,1.4020998736411658,-1.8504900694591382,4.829214398752981,0.6545620247120514,-1.5093434366451117,-1.7380889555278287,1.1248172829110228,0.4282207568040599,-2.1278945237963436,0.12593562696632343,-0.44219969878310206,-2.1544464661547087,-1.7229718038528006,-1.38284611563299,-0.8808507576222864,0.04403484893000398,-1.7061579157830091,-1.8329109370630028,1.4054745069644454,-2.164743646489077,0.47807567545871743,1.5406824335722522,1.4741575811095644,1.619168007881579,0.37803429703516134,0.6694294529481164,1.9075899953709676,-2.367561479517126,0.18481748749600158,2.8661621058232614,-1.392889633631202
numHidden 	5
numGenes 	48
seed 	1585500087776
random 	java.util.Random@76fb509a
popSize 	50
maxEvaluations 	20000
minGene 	-3.0
maxGene 	3.0
tournamentSize 	5
crossoverPoints 	1
mutateRate 	0.05
mutateChange 	0.5
mutateRatio 	0.5
mutateRateSmall 	0.1
mutateRateLarge 	0.8
wepMax 	1.0
wepMin 	0.2
expAccuracy 	6.0
minTravel 	0.0
maxTravel 	2.0
neuralNetworkClass 	class coursework.ExampleEvolutionaryAlgorithm
Training Set Training
Fitness 0.061618385847210744