0.4629411526309424,1.202099172323865,-3.3700599026186637,-1.8502608456230054,1.0332965331500086,-4.902694965134666,0.9296236732171996,2.075680623005306,0.05890489296860402,-3.375662834743829,0.04815324064582871,0.9701342274934937,-4.87701600174291,2.10622455294316,-2.593016193094935,-3.285322990983841,1.719463214137284,-1.8940566370012917,-2.303309514238446,-2.129140397210216,-3.0679438312768883,-0.37247079109451864,-1.3653269063822278,-1.4375863627034329,1.3910405070554672,-0.6347131387643667,-0.09918323724368427,-0.2835571792724525,1.4101014197173418,-0.2900114962563487,1.112056372479592,2.058227629173053,-1.340451521222398,-1.3492988507635468,-1.8465122090231683,2.6480956536311577,-4.634461245243028,0.49794731175645257,0.8585443136355355,-1.8341389103386012,-0.7321537695354392,-2.5347480320838254,-0.543984811815402,0.8415680433102732,-0.8246220861211686,0.7434999231304094,2.3589209881927946,1.4324806650672715
numHidden 	5
numGenes 	48
seed 	1585500087776
random 	java.util.Random@76fb509a
popSize 	50
maxEvaluations 	20000
minGene 	-3.0
maxGene 	3.0
tournamentSize 	5
crossoverPoints 	1
mutateRate 	0.05
mutateChange 	0.5
mutateRatio 	0.5
mutateRateSmall 	0.1
mutateRateLarge 	0.8
wepMax 	1.0
wepMin 	0.2
expAccuracy 	6.0
minTravel 	0.0
maxTravel 	2.0
neuralNetworkClass 	class coursework.ExampleEvolutionaryAlgorithm
Training Set Training
Fitness 0.014785698380826162