-7.072170275232237,10.14390590067212,-3.127969749001685,1.8682897710534263,-2.0734993614842088,0.7280892116713704,10.512720746289526,3.3414964882631,-10.458609065529943,-1.0591410579971332,-13.616776487867767,1.4963900722170553,-1.434968750020611,-0.5945821654545385,4.070000780499422,2.425730246370491,0.07692409810601086,4.634005972385845,-16.110740337237168,0.6920932645599485,-0.8506137583938345,2.4022866395125444,5.193143287282124,0.2717877943056166,-8.421764067391905,-0.10406360028958073,-2.335767988884686,-1.7548630064241135,-0.1423211085566134,-2.482344531767998,-9.962360208091638,9.473864701007074,-2.5951232592702005,-1.3513970815107914,-5.134873508586203,3.886526348265155,3.35321921234584,0.9841520667988317,3.5879891255036926,-5.125038308856331,5.407219503046216,-10.18352075936789,4.2784938736504206,5.504143654686519,-4.707425686158121,0.3576385982147361,6.417424008995356,-2.5370348586704834
numHidden 	5
numGenes 	48
seed 	1585699283966
random 	java.util.Random@76fb509a
popSize 	80
maxEvaluations 	20000
minGene 	-3.0
maxGene 	3.0
tournamentSize 	5
crossoverPoints 	1
mutateRate 	0.4
mutateChange 	1.1
mutateRatio 	0.5
mutateRateSmall 	0.1
mutateRateLarge 	0.8
wepMax 	1.0
wepMin 	0.2
expAccuracy 	6.0
minTravel 	0.0
maxTravel 	2.0
neuralNetworkClass 	class coursework.ExampleEvolutionaryAlgorithm
Training Set Training
Fitness 0.007454957248467241