-2.6593682291878613,-7.703333484823348,7.353643078547169,-6.443080629158118,1.292401878210578,4.9900220792055325,0.4261109564343477,13.243830018650181,-0.5218633651786262,-3.2421570142575864,-1.586452300027616,-9.479535893709853,1.2710021221106378,3.6053715005794955,5.660720992426855,8.067394949628047,-8.31796341092333,-0.44500509645482333,-5.504292697094893,-5.91740342398259,-0.061016977873973754,-1.8784688178209796,-2.389105956330835,4.63517720075361,-4.330083275380922,-0.036868455580219894,0.7626797716707734,7.989087935400356,8.389858662246944,-10.622005387899971,3.268688437023003,-6.634958897540482,7.7795889727130945,-8.434580562015013,12.839972184014917,-0.6132549592207792,2.7863189835672104,-7.216095265989335,-2.358967903965876,-1.5281510984884972,3.447195805841774,1.625568655904639,-0.46533157503151124,2.725156881332125,-2.106456065894119,0.48338826415301517,0.906344856933814,-1.051732471969864
numHidden 	5
numGenes 	48
seed 	1585699283966
random 	java.util.Random@76fb509a
popSize 	80
maxEvaluations 	20000
minGene 	-3.0
maxGene 	3.0
tournamentSize 	5
crossoverPoints 	1
mutateRate 	0.4
mutateChange 	1.1
mutateRatio 	0.5
mutateRateSmall 	0.1
mutateRateLarge 	0.8
wepMax 	1.0
wepMin 	0.2
expAccuracy 	6.0
minTravel 	0.0
maxTravel 	2.0
neuralNetworkClass 	class coursework.ExampleEvolutionaryAlgorithm
Training Set Training
Fitness 0.007312735106315427