5.752628238296111,3.897118172150313,-3.3306624342660913,-10.433114746476509,-5.793301908178995,4.852705922634602,-6.0237187813567505,0.5602400036394117,6.038910272228291,-0.5896637822156876,6.449766569183179,10.178305621667558,2.903847809995026,0.7423355380262495,-10.822913041460282,11.004485961983722,-3.261363768806071,-1.6146851372962003,-4.278215106150245,-5.941972951213025,1.2682880468796216,0.27724331343990416,-2.4052171913671474,-1.4672515645559998,-1.7084618332505008,-0.36774073986475253,0.021287575886041132,2.8702045505768377,3.204510586258973,-2.853653816480917,5.891238037047744,-16.672856657062265,12.805983241066434,6.856187921104388,-1.8667455392096741,-8.926320320442832,4.451491690575747,2.4483588022824323,-0.3678076125535723,-3.0980473947406426,-1.8488215084403778,3.4531145001850265,4.806893370447147,7.755900650262674,-2.1534671168241326,2.5816587356254646,3.0022012000650755,-3.5463233857168732
numHidden 	5
numGenes 	48
seed 	1585699283966
random 	java.util.Random@76fb509a
popSize 	80
maxEvaluations 	20000
minGene 	-3.0
maxGene 	3.0
tournamentSize 	5
crossoverPoints 	1
mutateRate 	0.4
mutateChange 	1.1
mutateRatio 	0.5
mutateRateSmall 	0.1
mutateRateLarge 	0.8
wepMax 	1.0
wepMin 	0.2
expAccuracy 	6.0
minTravel 	0.0
maxTravel 	2.0
neuralNetworkClass 	class coursework.ExampleEvolutionaryAlgorithm
Training Set Training
Fitness 0.006326060399750834