3.1905325591226945,-0.9886684952887843,-4.19962481702815,-4.599447746480012,7.678992307859243,-7.110766983240252,1.0897637200432926,-7.796467892779756,0.010015303732843428,-16.49883196991929,-3.369663543280368,1.3442591580673495,-12.121532947186488,-9.262544612299884,2.263819542119844,-7.674277420450672,4.183140328552609,8.422553745973408,-6.90506449864016,-0.5480884011978602,-2.6744974697303228,-3.1965082914068392,6.22925298774768,-3.769072994735511,6.2530892751733695,-0.6774541849296831,-1.5856173004219651,-0.8218542544507863,0.07805729956864216,0.20424775373653503,-0.9187246425856959,-1.7949873523155304,-1.415224794528196,1.7411658686473679,2.1211431974243835,5.948068481132264,0.9107677492987887,10.517737512847956,0.3246917802706424,-5.538244618677634,2.607831890407749,-2.707561879970223,2.172615253712908,7.708534914391468,-8.84650335585263,-1.4544721745893168,2.8270459114436353,6.289493876970742
numHidden 	5
numGenes 	48
seed 	1585699283966
random 	java.util.Random@76fb509a
popSize 	80
maxEvaluations 	20000
minGene 	-3.0
maxGene 	3.0
tournamentSize 	5
crossoverPoints 	1
mutateRate 	0.4
mutateChange 	1.1
mutateRatio 	0.5
mutateRateSmall 	0.1
mutateRateLarge 	0.8
wepMax 	1.0
wepMin 	0.2
expAccuracy 	6.0
minTravel 	0.0
maxTravel 	2.0
neuralNetworkClass 	class coursework.ExampleEvolutionaryAlgorithm
Training Set Training
Fitness 0.007046721406626363