9.530940917784232,-2.2272698883019046,-1.2293155983102264,3.8103427329511432,-2.666632117308216,-0.7489394236447136,-0.16724027508533368,8.630019224551816,-0.030396142456809105,-3.7925803089045007,6.788199916494744,-2.7603645982831684,-5.1543424835788425,5.267273621904042,-4.672045626091304,1.660191385354309,-1.1504522302265365,11.573375761296703,7.375827643123504,-1.6340925249948897,-1.2208725377508083,10.48354920308813,1.642751612573941,1.1086420715058969,-1.7156499491111266,-2.3829947226008907,6.660900836518479,-0.7340819395789757,0.08242664626591534,5.48512535398085,4.856858258024385,-3.9622503702304157,0.8723500665673551,-0.24919558397470443,-6.565887993916226,-4.505571631374265,-1.6002011860975167,-1.3199722960066667,7.772731564431357,4.943063998513157,-5.0659257259096435,9.603964728202982,-0.26433619281411236,2.132067148802785,0.44035012984672184,3.0878596843838326,0.2860584727233615,7.0470410869812525
numHidden 	5
numGenes 	48
seed 	1585699283966
random 	java.util.Random@76fb509a
popSize 	80
maxEvaluations 	20000
minGene 	-3.0
maxGene 	3.0
tournamentSize 	5
crossoverPoints 	1
mutateRate 	0.4
mutateChange 	1.1
mutateRatio 	0.5
mutateRateSmall 	0.1
mutateRateLarge 	0.8
wepMax 	1.0
wepMin 	0.2
expAccuracy 	6.0
minTravel 	0.0
maxTravel 	2.0
neuralNetworkClass 	class coursework.ExampleEvolutionaryAlgorithm
Training Set Training
Fitness 0.008935649585306196