4.538185886336192,5.231351915769208,-5.071550242045658,5.067098630276876,6.381139497943394,4.015374295059194,-0.7506506142880203,-0.7494158863216107,-4.636931030899067,-6.1663938572366614,5.305770075760297,1.6777614981303732,14.42589812355612,6.2119503311047755,-2.379352720421009,6.162894659143506,1.0676527941040184,-4.40116239536083,-11.520828273171658,-4.926932446756344,0.42249126740322795,8.424330910506326,-2.076392756389887,-1.8938616279973584,4.191108773271359,-0.3723238923065435,3.813752295488491,-7.0101961609999055,-0.2208993140037121,6.570547039374002,0.9038795675847182,-3.048301027110639,9.43564368621421,1.5970761634525634,-0.6782628635674048,2.582278744966192,0.755929075475835,4.642932869618799,3.784803760356634,6.279480442297642,-3.666974353149315,-6.4234081650373955,-0.994212851807803,0.9278420752105494,-0.6663750669466699,2.5838637500122608,1.8031468994977997,1.5356913089468427
numHidden 	5
numGenes 	48
seed 	1585699283966
random 	java.util.Random@76fb509a
popSize 	80
maxEvaluations 	20000
minGene 	-3.0
maxGene 	3.0
tournamentSize 	5
crossoverPoints 	1
mutateRate 	0.4
mutateChange 	1.1
mutateRatio 	0.5
mutateRateSmall 	0.1
mutateRateLarge 	0.8
wepMax 	1.0
wepMin 	0.2
expAccuracy 	6.0
minTravel 	0.0
maxTravel 	2.0
neuralNetworkClass 	class coursework.ExampleEvolutionaryAlgorithm
Training Set Training
Fitness 0.008116571243093156