-2.4791042805158714,-5.328094996858663,1.9088080604710482,-6.097654575069184,-5.11293335145834,1.2519317346829104,-4.671203135111275,-4.31158173141086,0.9006768841982637,0.8301291018947095,-1.1296176197259666,-4.6743042111669375,7.05438316210488,9.337437393441387,0.035644636687028886,5.5813672147640485,-10.345011417055732,-1.5668180179744753,3.9073709545144606,-1.3004713791399962,1.8641140833540693,-2.1792898655852895,0.9469272266765394,-0.7480954813463279,-2.5041561772524847,-1.204233161617346,0.04123367802461253,-0.5453970056579842,8.293790861046547,-0.6465234075919888,7.033600422320395,0.9687630537080487,4.981518848247321,-3.1143433832263496,11.188409197581274,-7.49743753806831,2.5392350389018254,-5.806453008603613,-8.157636235918222,-1.5808353234165025,-3.393841977956783,-4.1780968924395845,-5.414734199010889,-4.470209555979043,-3.2580552581922326,2.1887536601804767,1.0910080620619715,0.013211309168407404
numHidden 	5
numGenes 	48
seed 	1585699283966
random 	java.util.Random@76fb509a
popSize 	80
maxEvaluations 	20000
minGene 	-3.0
maxGene 	3.0
tournamentSize 	5
crossoverPoints 	1
mutateRate 	0.4
mutateChange 	1.1
mutateRatio 	0.5
mutateRateSmall 	0.1
mutateRateLarge 	0.8
wepMax 	1.0
wepMin 	0.2
expAccuracy 	6.0
minTravel 	0.0
maxTravel 	2.0
neuralNetworkClass 	class coursework.ExampleEvolutionaryAlgorithm
Training Set Training
Fitness 0.010693279233895226