7.115873465810381,-7.48455159214671,6.703024178195884,-12.686003356472426,-1.7627692308266227,-2.4663370367378414,1.5076874967539178,9.883463368289313,-4.729543485595562,0.918550802881906,7.916591169447182,-9.395971662559074,1.457439074246516,5.927508003533063,8.348624074547148,-4.089354870689844,-5.087809592170698,8.875426689773102,1.160675872014647,2.934809037984713,-1.2253018971529195,-1.514307823734811,0.043548007610160866,9.734090159128398,10.491447977661519,1.3473685145800895,0.40468458034024657,0.17946075556686303,-13.551196804842753,4.829055458590271,-2.420016044774097,-9.104176622719963,-7.359985602120693,-10.00065030375843,9.121930744779652,-2.003981503842136,1.7880636003416113,-1.8914399112519602,9.089875989597092,4.473783803447962,-1.773945690966774,1.4510114267529066,-4.054153172407888,3.2806847718096086,-1.7378780412879,6.1644400191826705,1.733211069691793,6.81549623145413
numHidden 	5
numGenes 	48
seed 	1585699283966
random 	java.util.Random@76fb509a
popSize 	80
maxEvaluations 	20000
minGene 	-3.0
maxGene 	3.0
tournamentSize 	5
crossoverPoints 	1
mutateRate 	0.4
mutateChange 	1.1
mutateRatio 	0.5
mutateRateSmall 	0.1
mutateRateLarge 	0.8
wepMax 	1.0
wepMin 	0.2
expAccuracy 	6.0
minTravel 	0.0
maxTravel 	2.0
neuralNetworkClass 	class coursework.ExampleEvolutionaryAlgorithm
Training Set Training
Fitness 0.006428041226675815