-4.881295661312212,-6.268887058761713,0.6527812008251654,4.728318402218264,-1.8439601299401103,-0.43762581135395795,3.0638654131038074,8.928212157402507,1.9124300347556256,-1.068497438279127,-5.909752628504396,-8.53133679590989,2.96151623160728,-3.4077576263845275,-12.229460593114682,-1.197481325224219,2.3781581909936635,3.9925049011834157,-2.0660589920710715,-2.261933889017617,2.832620853978057,-7.126195837950531,-6.8322536138991214,-1.726845094551468,-9.648845201315428,-0.2929165442928223,-1.971046572762846,-1.74266001226689,-10.447834274086096,-1.4557666034317296,3.7558203760210422,6.314747838814547,-0.48950167674298584,3.493280836598428,0.12545110800825832,2.6349790223943037,3.3363482313032917,0.5447135101203164,5.432984341637711,-7.854120362262778,5.1589862850037544,-3.9195632433587497,3.389485492660858,2.010697158768081,0.9815335106389926,7.5343326049134,6.823164749323501,1.7672076304649837
numHidden 	5
numGenes 	48
seed 	1585699283966
random 	java.util.Random@76fb509a
popSize 	80
maxEvaluations 	20000
minGene 	-3.0
maxGene 	3.0
tournamentSize 	5
crossoverPoints 	1
mutateRate 	0.4
mutateChange 	1.1
mutateRatio 	0.5
mutateRateSmall 	0.1
mutateRateLarge 	0.8
wepMax 	1.0
wepMin 	0.2
expAccuracy 	6.0
minTravel 	0.0
maxTravel 	2.0
neuralNetworkClass 	class coursework.ExampleEvolutionaryAlgorithm
Training Set Training
Fitness 0.09676054675732078