-4.9104348166372525,-0.543701456694206,0.5548246134435124,-5.488054234377676,4.052581098932837,0.9943920746408788,-11.32000539571215,2.9084677414723212,-5.122690750068056,1.360738022352289,2.3305149873016404,0.29885426829882844,-3.0521532174478696,-4.00542893478635,6.46594138192652,0.32154763065362824,-15.081852384434603,17.239364431441878,-4.067254906778052,1.242784348318132,-2.8339977257968387,1.4228902908619685,1.8512280674914692,5.110842944496332,1.3910840632952488,9.075839792962746,0.5610505588071257,-0.2895818443000917,-0.4545707620262327,-0.113746424259765,3.405727885141862,2.773551869978225,1.0905767171977092,0.8022534819087319,3.1360671963980704,-7.937460118772641,-1.2310463527030486,4.498295527635956,2.0996203911405447,-3.113283829068888,4.757949607112927,0.9104010240413887,11.157840224674523,-3.8510001514134298,3.243487148916351,-5.876441608596009,-4.865263546675401,2.2738788643928727
numHidden 	5
numGenes 	48
seed 	1585699283966
random 	java.util.Random@76fb509a
popSize 	80
maxEvaluations 	20000
minGene 	-3.0
maxGene 	3.0
tournamentSize 	5
crossoverPoints 	1
mutateRate 	0.4
mutateChange 	1.1
mutateRatio 	0.5
mutateRateSmall 	0.1
mutateRateLarge 	0.8
wepMax 	1.0
wepMin 	0.2
expAccuracy 	6.0
minTravel 	0.0
maxTravel 	2.0
neuralNetworkClass 	class coursework.ExampleEvolutionaryAlgorithm
Training Set Training
Fitness 0.0077754149958214605