8.07863756823618,-5.608377303615256,0.4222755780956988,-1.1844533304288034,5.889334970335387,3.3934750617087945,-2.1617431910909635,4.699707312099156,10.459172370867332,5.380940997511713,0.4637203234393743,-8.777284202330687,-4.957030157469564,0.8930289227405415,-5.411602419847892,-0.41331823534953305,2.122169032122306,-1.6691751242423534,6.686504339160297,-5.390221271985933,8.161617356905438,5.501893159183618,3.732853224642914,-6.007401153082705,0.3691876528537761,4.229238468408962,-0.19006962879921785,3.201871460984511,-2.5692228627524285,3.7508668106837635,-2.4354834299059824,1.5913574232593257,7.819700266961243,1.9748766761274918,6.5501695745088035,-0.7563178895424234,2.3551334125441947,-2.9527145995772877,-0.9584981279151301,-1.6325958976307122,0.8411267956557977,8.736463380715307,2.9947082563857665,0.6795430089380878,-2.4345024851329344,8.260921291308769,4.087101469847891,1.2471349460596493
numHidden 	5
numGenes 	48
seed 	1585699283966
random 	java.util.Random@76fb509a
popSize 	80
maxEvaluations 	20000
minGene 	-3.0
maxGene 	3.0
tournamentSize 	5
crossoverPoints 	1
mutateRate 	0.4
mutateChange 	1.1
mutateRatio 	0.5
mutateRateSmall 	0.1
mutateRateLarge 	0.8
wepMax 	1.0
wepMin 	0.2
expAccuracy 	6.0
minTravel 	0.0
maxTravel 	2.0
neuralNetworkClass 	class coursework.ExampleEvolutionaryAlgorithm
Training Set Training
Fitness 0.09822978396379695