2.449265128736731,-5.497626703109535,1.1680392485022089,-0.07743138446784448,5.142110867419406,-3.679914011320434,2.708292749015534,5.843155025700751,8.018918336881661,2.8911430675644167,3.247144216417144,-4.514646130524385,-5.187253926826713,-0.6795694704336395,-0.8197369230753835,-0.8151676536760974,6.103008258977175,-1.2213744754652605,8.170802634354889,-2.485459483353186,1.8252788665781754,1.1572658725637002,-2.163014014113081,-0.2766231990064769,-7.3602206237047305,-0.5889963660373096,-0.5196519144893581,-3.2710760990535372,-0.20181727242884562,-9.182406774490756,5.581578513750069,-1.2381981294158977,-2.030142605459288,-1.8579684960575076,6.0561379910159925,5.3087945259844425,0.19765445539068827,5.2346185336362225,1.2145585018810183,3.639013109323531,2.1498282558147648,6.223576231478189,-0.5874270408343136,-2.3780273330196797,-4.281336911381786,1.8812115283562405,3.6039494608986966,-3.1414349266543358
numHidden 	5
numGenes 	48
seed 	1585699283966
random 	java.util.Random@76fb509a
popSize 	80
maxEvaluations 	20000
minGene 	-3.0
maxGene 	3.0
tournamentSize 	5
crossoverPoints 	1
mutateRate 	0.4
mutateChange 	1.1
mutateRatio 	0.5
mutateRateSmall 	0.1
mutateRateLarge 	0.8
wepMax 	1.0
wepMin 	0.2
expAccuracy 	6.0
minTravel 	0.0
maxTravel 	2.0
neuralNetworkClass 	class coursework.ExampleEvolutionaryAlgorithm
Training Set Training
Fitness 0.012120751119718361