-5.091212020449667,9.666980226323801,2.5852281780532946,-1.5864056126537536,-1.3821062721054838,-6.561428846823368,-0.8686016203503679,7.737734953081459,-0.09645778052457965,-1.856297606150295,9.714931090878315,11.290586960833322,3.3531019311599706,0.09716626817526608,-3.4837770570880813,-11.101268974517701,-7.35775126954424,11.860212543152285,1.3732073529232065,-1.7941402074344528,2.3575256526015775,-3.8228953814166466,0.45236086867613823,-5.847127367120111,-6.111123961453982,-8.072988295731987,0.6717840056322006,0.6265500285276682,-2.8017135881781403,-5.572446313274945,0.9861326694196078,-3.4220028951894768,6.259274585753362,9.229851904431424,-6.5966168570485255,-4.448970420935757,-1.9786747137776048,-5.295773689293654,10.68168629952451,-3.304896882189197,-3.109857301772701,4.797200093624587,0.12222246004373272,7.505757503953021,-3.6787292351937224,-4.16804254696174,2.6295056408120616,1.653241284609042
numHidden 	5
numGenes 	48
seed 	1585699283966
random 	java.util.Random@76fb509a
popSize 	80
maxEvaluations 	20000
minGene 	-3.0
maxGene 	3.0
tournamentSize 	5
crossoverPoints 	1
mutateRate 	0.4
mutateChange 	1.1
mutateRatio 	0.5
mutateRateSmall 	0.1
mutateRateLarge 	0.8
wepMax 	1.0
wepMin 	0.2
expAccuracy 	6.0
minTravel 	0.0
maxTravel 	2.0
neuralNetworkClass 	class coursework.ExampleEvolutionaryAlgorithm
Training Set Training
Fitness 0.01141646155469131