-2.679270586467753,-0.043486261672411236,-3.441375409385534,-5.94523284839558,8.281119618979742,5.564809019111284,-0.7566942863307969,12.839006579707066,-0.3613083648932493,7.825337347096459,-4.814583505955805,-4.378074481849609,-5.227492167557499,-4.299646692898603,0.5616630593534339,-5.062657288479932,-0.47657381356346074,6.874520406418705,-2.721242065628051,-9.50574504899778,1.9354484083790875,1.803948842899045,-1.1302908206827214,-0.13112915743227088,-9.26696628364702,-1.9087261013328238,4.683645628389336,-0.717433749269435,-0.21664967880633706,0.5696760482583182,2.22888237010299,-1.7898491124447022,-2.0415338386503636,-3.554857866610638,-0.8548057580574291,4.487746999018729,-2.058040572773053,6.6089879446133155,8.144766571565272,-6.1874833059639345,-0.3088045042368678,-3.31466829020887,-2.2812632774664694,-5.5728929190085035,5.074960059252737,3.7506850816218673,0.3963958729747578,-6.030359489807486
numHidden 	5
numGenes 	48
seed 	1586537768815
random 	java.util.Random@76fb509a
popSize 	20
maxEvaluations 	20000
minGene 	-3.0
maxGene 	3.0
tournamentSize 	5
crossoverPoints 	1
mutateRate 	0.4
mutateChange 	1.0
mutateRatio 	0.5
mutateRateSmall 	0.3
mutateRateLarge 	0.7
wepMax 	1.0
wepMin 	0.0
expAccuracy 	6.0
minTravel 	5.0
maxTravel 	20.0
neuralNetworkClass 	class coursework.MultiVerseOptimisation
Training Set Training
Fitness 0.006461619752642771