14.654723065596794,-8.53231705219549,8.199760253667833,0.6318214636885334,-0.6159456888169357,-1.6019885945164447,-14.873105775576468,0.5448822082369069,5.2713916860867105,7.045868423210031,4.758036034070172,-3.022625587924944,2.7524779979560847,3.5360007822451416,0.3264345506843177,-3.067821922342871,1.2091421808855671,-0.3033760080147234,5.34247250500979,7.868357370084942,-2.2932675400566227,5.98583460487215,-1.6105535219434979,3.7133683834198665,3.715138372026028,9.53895112330739,-0.4215416635286252,0.34416808355746026,5.238914856889048,-0.7050379719953109,-8.808670341695128,0.9755227872487224,0.621777916172747,-0.22016868400469883,3.368145847037316,-4.317331779127979,21.516944136822868,5.150084727513236,6.726937310467248,9.634040182281312,-0.8198003141585182,-2.9076219485368697,-0.46601852923275155,12.962654699115841,-0.36979537054868333,-2.9409113307450165,-3.2851320987063017,-0.1734408272255174
numHidden 	5
numGenes 	48
seed 	1586537768815
random 	java.util.Random@76fb509a
popSize 	20
maxEvaluations 	20000
minGene 	-3.0
maxGene 	3.0
tournamentSize 	5
crossoverPoints 	1
mutateRate 	0.4
mutateChange 	1.0
mutateRatio 	0.5
mutateRateSmall 	0.3
mutateRateLarge 	0.7
wepMax 	1.0
wepMin 	0.0
expAccuracy 	6.0
minTravel 	5.0
maxTravel 	20.0
neuralNetworkClass 	class coursework.MultiVerseOptimisation
Training Set Training
Fitness 0.015212215996825382