8.088431456007868,6.331809666344264,0.18187329636567642,3.6509841173024453,-6.972078641345781,5.417213279783091,5.7120884046787115,2.3557464719812664,-7.576494279424164,3.681001696949293,7.616413411302722,-1.0575059501969188,3.6783368558911897,7.829924884213167,-6.995504039691986,-0.16576325711849052,20.01276414871273,-9.95827211548115,-10.25903943073401,6.044596927885526,-4.264108964097912,10.706565200217984,1.6893521093492343,0.6205974573183649,8.996278341410813,1.0665062310328575,-2.1433584729467405,-2.466949941973494,-0.3015136382799615,-1.9255077262311793,-1.0425325189107577,-14.177812004954896,7.803538903125265,4.719559787223104,-4.084743610089899,8.862167165825557,3.2563883197180745,5.781439015244104E-4,-3.468227880456793,13.296994353650843,1.5704219086755455,-5.584329270830904,-14.488021480841793,-1.1500682933382387,-0.12116872946669842,0.6904099654756545,-0.08398622757158435,-3.578401670002436
numHidden 	5
numGenes 	48
seed 	1586537768815
random 	java.util.Random@76fb509a
popSize 	20
maxEvaluations 	20000
minGene 	-3.0
maxGene 	3.0
tournamentSize 	5
crossoverPoints 	1
mutateRate 	0.4
mutateChange 	1.0
mutateRatio 	0.5
mutateRateSmall 	0.3
mutateRateLarge 	0.7
wepMax 	1.0
wepMin 	0.0
expAccuracy 	6.0
minTravel 	5.0
maxTravel 	20.0
neuralNetworkClass 	class coursework.MultiVerseOptimisation
Training Set Training
Fitness 0.006920491586141529