-3.823061548560547,2.769847459013505,-12.41641052673205,-4.256499710860666,-1.7043599053798322,-9.425784795320428,9.24053398321616,3.020512560133129,7.485399226345906,-2.364277206133385,4.732682700978372,-4.386296966386276,-3.5828728234515643,-2.932750803923502,-6.498084229816276,-6.07927273242905,-2.7810795999974762,6.173687903971699,-2.7759801819004113,-7.487005262093098,6.67276138241107,0.44392167610183214,1.2313341162067466,-3.773455509404045,-4.650108544523012,4.078398297775126,-9.09232451250525,0.5999516898768162,-0.23441586346585147,0.3732918417079347,2.4428699770671813,-1.1641789050686446,-3.8380847029916803,-8.214103034839502,8.161106723595234,2.9096679052026246,-8.310478870932567,9.399117109903806,2.103426586475534,-15.107205881132579,-2.888178096645726,-0.9017102717069794,1.1639810028588278,8.573095051028396,-3.609702212016042,-11.180867865380332,2.1088393595685333,6.250706739198805
numHidden 	5
numGenes 	48
seed 	1586537768815
random 	java.util.Random@76fb509a
popSize 	20
maxEvaluations 	20000
minGene 	-3.0
maxGene 	3.0
tournamentSize 	5
crossoverPoints 	1
mutateRate 	0.4
mutateChange 	1.0
mutateRatio 	0.5
mutateRateSmall 	0.3
mutateRateLarge 	0.7
wepMax 	1.0
wepMin 	0.0
expAccuracy 	6.0
minTravel 	5.0
maxTravel 	20.0
neuralNetworkClass 	class coursework.MultiVerseOptimisation
Training Set Training
Fitness 0.01726956649838455