-4.316458951531582,1.1545356442576222,1.2659667079651016,-5.628795398658958,-10.020201401657612,-15.595747497628695,5.900488105954451,2.915285854493323,-5.09446754669654,-12.717019195372792,-2.2088321022744144,-7.717588410139157,-0.5877319305928114,4.4437782987486045,-7.016185906864464,-2.0506600420581056,-8.56786492527835,6.3145856668487115,-3.656054551044885,11.233279357108572,4.216504207394538,-4.923289916968779,3.412855023058785,-4.645440030675637,6.677196807170647,0.6566802192589561,0.14755207825199657,-14.153241614220171,-1.901442702760405,0.13432859723975882,9.564624621300464,7.681790743229273,-13.215339479247746,-10.447664820226244,3.4595518897929227,3.217312159882708,1.2207349519743267,-4.364123256945552,-8.694980756869828,2.256900779439856,0.8537150633211167,3.2313348841782936,-2.9544587884302693,9.519443544001941,3.238862040165735,-0.4302145267720946,-9.69057576352277,-0.27207835007240205
numHidden 	5
numGenes 	48
seed 	1586537768815
random 	java.util.Random@76fb509a
popSize 	20
maxEvaluations 	20000
minGene 	-3.0
maxGene 	3.0
tournamentSize 	5
crossoverPoints 	1
mutateRate 	0.4
mutateChange 	1.0
mutateRatio 	0.5
mutateRateSmall 	0.3
mutateRateLarge 	0.7
wepMax 	1.0
wepMin 	0.0
expAccuracy 	6.0
minTravel 	5.0
maxTravel 	20.0
neuralNetworkClass 	class coursework.MultiVerseOptimisation
Training Set Training
Fitness 0.005450078711152119