-2.4070881452192396,5.2847473983002216,5.509066259080127,0.5196495915543233,-7.527227706124368,11.328400198053812,-0.039511458768281105,-1.5210953024690703,-1.9789703551271396,-3.9294935057313736,-8.535813693091036,3.10568378133492,8.394180324554481,2.0294525245550563,-13.896337859155595,8.282535870041924,4.346823713436194,0.9782997848474053,-0.5491415059286557,-9.36325625540085,1.089812812635275,8.657520730733996,-2.9124234054486915,-2.2512664555381066,-2.3076448178421924,-0.392229678457102,0.7992653211952093,-2.0498095318819716,4.894253619491956,0.3708700519454887,-19.93196024667643,4.097462685176653,9.22243398997399,7.393874441319407,3.4141442442426015,-7.417088155549113,13.188827140422365,-3.5834763078131546,-2.457290016010274,6.470074776788113,-0.6224859879557559,3.2543864958098623,-3.8254930448386384,6.56826519189324,-2.3987492509343054,-5.4208740960072985,-6.6293872501574835,1.4233740591375672
numHidden 	5
numGenes 	48
seed 	1586537768815
random 	java.util.Random@76fb509a
popSize 	20
maxEvaluations 	20000
minGene 	-3.0
maxGene 	3.0
tournamentSize 	5
crossoverPoints 	1
mutateRate 	0.4
mutateChange 	1.0
mutateRatio 	0.5
mutateRateSmall 	0.3
mutateRateLarge 	0.7
wepMax 	1.0
wepMin 	0.0
expAccuracy 	6.0
minTravel 	5.0
maxTravel 	20.0
neuralNetworkClass 	class coursework.MultiVerseOptimisation
Training Set Training
Fitness 0.007426143894554519