13.948138472754533,3.0416153656042217,5.404048446646028,-14.441667722879494,-6.196550671086441,8.277642895010057,11.301553797284326,-6.479000940126217,1.4668607840751835,-12.41105232677222,7.074964543377094,0.8334325178964103,8.43154701743371,6.825495543910759,-2.182931541091169,1.7681438023865852,-8.785541795446647,0.021171580669053544,12.08896276205417,-18.271254111497598,-0.9465697149023256,-6.61738317428619,4.910541942239874,-15.465975779455976,-1.5501299933672905,0.3200092063056728,11.965997324584192,-10.895345465488363,-2.180978757176277,0.5619160286793712,6.143452288005141,-22.641815367511324,4.41712124148027,2.048005287911559,10.239267940779474,5.108538190181678,5.62738716955206,5.863812146366305,1.8294037424455891,-6.554326286287328,-4.71657970446267,2.4836110258626176,3.4086446330796827,-7.53764876564413,-18.93721332970275,-5.97285504453274,-7.708591709816822,2.558300849086987
numHidden 	5
numGenes 	48
seed 	1586537768815
random 	java.util.Random@76fb509a
popSize 	20
maxEvaluations 	20000
minGene 	-3.0
maxGene 	3.0
tournamentSize 	5
crossoverPoints 	1
mutateRate 	0.4
mutateChange 	1.0
mutateRatio 	0.5
mutateRateSmall 	0.3
mutateRateLarge 	0.7
wepMax 	1.0
wepMin 	0.0
expAccuracy 	6.0
minTravel 	5.0
maxTravel 	20.0
neuralNetworkClass 	class coursework.MultiVerseOptimisation
Training Set Training
Fitness 0.006529423089407967