7.228214161158685,-1.7577335013209407,-12.593606051172065,-0.307388300629456,-6.075839313346024,1.4641469287050672,-5.244537450932727,-2.42096257138643,-9.826934224313174,9.089279732054713,8.565537744077313,-1.1905236506131387,-7.312119173486073,2.9317061340640556,-5.32487353583714,-1.4661614825626859,-8.362515991589873,11.849763833940068,0.2235135971016929,-0.5916209609991679,-0.33189850373451174,-0.3684188200652047,-6.483583776945606,7.4554979798734236,1.0251260211831899,-0.06784181324145577,-0.07109011333818757,-5.673845935796816,-3.367496527868604,-3.3192523514994794,1.7730905800939296,-8.80974005733616,0.1397355008870983,-12.854253566726733,-5.081573358949258,-10.837784330847061,1.6806145547074747,0.25038696751046197,2.2905027309285444,13.711635838074475,-1.9825558396001115,0.39410069670619213,-5.785944310299793,4.534528883616791,0.8611947733771523,2.547153038846223,-1.6264524598482866,1.6899968540383628
numHidden 	5
numGenes 	48
seed 	1586537768815
random 	java.util.Random@76fb509a
popSize 	20
maxEvaluations 	20000
minGene 	-3.0
maxGene 	3.0
tournamentSize 	5
crossoverPoints 	1
mutateRate 	0.4
mutateChange 	1.0
mutateRatio 	0.5
mutateRateSmall 	0.3
mutateRateLarge 	0.7
wepMax 	1.0
wepMin 	0.0
expAccuracy 	6.0
minTravel 	5.0
maxTravel 	20.0
neuralNetworkClass 	class coursework.MultiVerseOptimisation
Training Set Training
Fitness 0.005341723821510419