3.7339805226805365,8.929120479125023,-3.2618546389549263,10.644783994409446,-0.7430161772179634,-5.508587537019131,-5.515118313582933,3.407874185739772,2.114188324913305,-11.491747351174533,5.909526658958005,7.5394903980920125,-3.377686193495341,17.17594284683407,-9.259604658017944,-11.608132346470667,-12.928870159842099,3.447168825985477,-0.5945849291492219,-4.277127927159881,-6.268965586448321,-2.5743904743632924,-1.1442370001771487,0.527320516432925,1.1757696867150242,2.4410526353346125,-3.961376486275574,-7.501401857370665,-0.03478080544994961,0.32292842099581487,2.763633256645338,-9.302542442340012,0.3210041783540629,0.4884915177609223,-1.8036505260550175,-0.06962586549879733,3.1240313674631834,-1.6857410362676883,-7.366060435331534,10.041915615014036,-0.38632026240973144,2.17125247406708,3.5060695446493337,2.1870599216595688,-12.467451560981218,-0.9623445200013679,1.0863874083555436,-6.0039621815504844
numHidden 	5
numGenes 	48
seed 	1586537768815
random 	java.util.Random@76fb509a
popSize 	20
maxEvaluations 	20000
minGene 	-3.0
maxGene 	3.0
tournamentSize 	5
crossoverPoints 	1
mutateRate 	0.4
mutateChange 	1.0
mutateRatio 	0.5
mutateRateSmall 	0.3
mutateRateLarge 	0.7
wepMax 	1.0
wepMin 	0.0
expAccuracy 	6.0
minTravel 	5.0
maxTravel 	20.0
neuralNetworkClass 	class coursework.MultiVerseOptimisation
Training Set Training
Fitness 0.005500384191794865