-2.28857822123051,-4.612155204078092,-14.164901672351606,1.175602660667723,-5.089298125615389,-13.70390059145739,0.5331746856281825,-0.7004886141983577,3.077087194630983,-0.6564991453813945,5.534703344699406,1.899520265647439,10.870030843764988,1.8569485470652551,-6.590628768986327,-8.164840304887067,9.342049912105905,-2.5570861017143356,12.230098025681063,-5.46214661828785,-1.6048726193556415,-7.422333815353512,-3.4781789807690737,10.13205137030209,-0.047976825167840964,0.27369014288315197,-7.121041506742748,-7.399949447126364,1.1293086794571958,0.4168729274355456,2.6242586110382504,2.1548593240869662,-8.831729524005377,-2.688933186740186,5.903887380273662,0.8203750106140177,-0.031739811404304555,-3.142194905757427,3.7709494370296786,-4.2700140806644535,0.0427908037946784,1.8800654336875509,-11.929896512478168,4.061883941769389,0.14497319987121815,0.11149615309418937,1.2444664755925545,2.6686269316133013
numHidden 	5
numGenes 	48
seed 	1586537768815
random 	java.util.Random@76fb509a
popSize 	20
maxEvaluations 	20000
minGene 	-3.0
maxGene 	3.0
tournamentSize 	5
crossoverPoints 	1
mutateRate 	0.4
mutateChange 	1.0
mutateRatio 	0.5
mutateRateSmall 	0.3
mutateRateLarge 	0.7
wepMax 	1.0
wepMin 	0.0
expAccuracy 	6.0
minTravel 	5.0
maxTravel 	20.0
neuralNetworkClass 	class coursework.MultiVerseOptimisation
Training Set Training
Fitness 0.009804983201192923