-8.938718466299159,2.59738088219161,3.0765461823074025,-0.552645291248672,0.11346316829313294,1.0806219941873434,-3.3592682922797703,-3.1353077644322305,10.238970653829627,13.547359198876784,-13.653625286702043,-3.6583042743547054,0.15616348211403094,15.268898792988285,-6.13442497595184,-1.1847316457323076,-0.7326672977905937,-3.507573166053515,-8.816459354177091,10.204783678894355,-1.4831991538930596,4.5728233866583325,-4.689227550180861,-4.359688943335342,1.2005352235025837,0.33529945259417815,1.5757398159862424,6.713766528444797,6.136934926948184,0.17583537074353617,-6.272961679096024,12.131402930388534,2.229550450119542,0.9888410757030199,-0.16989164683056915,-2.2622800489679036,1.4585700651856244,-2.326574445362396,1.395511769549251,1.8222414453530686,3.9098516083729904,-5.591411303731357,-4.937507619966383,-5.419094025764573,14.534266648880672,-1.0371857085227738,-2.143588374929447,-2.907247126436403
numHidden 	5
numGenes 	48
seed 	1586537768815
random 	java.util.Random@76fb509a
popSize 	20
maxEvaluations 	20000
minGene 	-3.0
maxGene 	3.0
tournamentSize 	5
crossoverPoints 	1
mutateRate 	0.4
mutateChange 	1.0
mutateRatio 	0.5
mutateRateSmall 	0.3
mutateRateLarge 	0.7
wepMax 	1.0
wepMin 	0.0
expAccuracy 	6.0
minTravel 	5.0
maxTravel 	20.0
neuralNetworkClass 	class coursework.MultiVerseOptimisation
Training Set Training
Fitness 0.010749300095627504