3.4496796803109415,3.430602655256027,-10.191562604138767,-8.39415869664953,-4.127702106720504,-6.229553230330015,6.826452742778738,0.37306636645254426,-1.8120399289820335,-5.380511592652809,3.5732913377715017,-0.43554474923810665,-6.902521132961749,-1.8146316252530525,6.938022730450796,-4.090500762191175,-7.319797927501277,-3.4507638819814277,-2.717366115755467,3.4009347259037885,0.49080354643943286,1.010677668112592,-2.6677802206878396,1.4243396487297721,-0.4696420571594395,0.7971836774820344,3.9135652099389717,0.5025953425735128,3.2010083115735712,-1.244128163619656,-1.9302958022539543,-3.8976636710623658,-9.518151666579655,0.48390318460837695,1.4363847582295084,4.258320603730548,-4.795604698594971,5.424769326202177,-4.75055565603401,-2.193501885143258,1.3887385230824005,1.3828358623819077,-0.14352228429590455,0.7532389152486259,-0.8364621099690532,3.749837653829703,-1.8223117274906335,0.5360807864241901
numHidden 	5
numGenes 	48
seed 	1586537768815
random 	java.util.Random@76fb509a
popSize 	20
maxEvaluations 	20000
minGene 	-3.0
maxGene 	3.0
tournamentSize 	5
crossoverPoints 	1
mutateRate 	0.4
mutateChange 	1.0
mutateRatio 	0.5
mutateRateSmall 	0.3
mutateRateLarge 	0.7
wepMax 	1.0
wepMin 	0.0
expAccuracy 	6.0
minTravel 	5.0
maxTravel 	20.0
neuralNetworkClass 	class coursework.MultiVerseOptimisation
Training Set Training
Fitness 0.010759866786460244