2.899038254760079,-6.123215336639762,-0.798494252488924,-0.29925768217044524,-0.19446167314510485,-1.0039347753899523,-0.8196975729233357,-2.0290506228113836,-3.1259230522010992,1.6951888623584497,7.227734068050712,4.026652957908449,0.43229390987659316,-3.1405366300053825,1.9959953793139111,-3.8366278139453063,2.4916023243602465,2.339151047384166,-2.5978544157354393,-1.250252243656088,1.1227080074615672,4.618966715063111,-3.462755387555277,1.1773642612806,-0.07959316970775956,-0.025378195419134122,-5.005988499307152,-1.686057767324968,0.4416304155284437,1.8861033478061935,6.337328289279767,-1.9794925313847243,-3.7549608009244637,-4.209076993198327,-3.2646263355805965,-1.9162601609944692,3.1976903997937027,-0.7015863457919685,-2.242626237482536,-4.04260852411217,-1.2159611107518573,-3.377213914808113,2.4870314836353575,0.7618396280710927,-1.525542816675408,-0.17669062225786358,2.86837270624678,-1.0996917796487327
numHidden 	5
numGenes 	48
seed 	1586451154399
random 	java.util.Random@76fb509a
popSize 	10
maxEvaluations 	20000
minGene 	-3.0
maxGene 	3.0
tournamentSize 	5
crossoverPoints 	1
mutateRate 	0.4
mutateChange 	1.0
mutateRatio 	0.5
mutateRateSmall 	0.3
mutateRateLarge 	0.7
wepMax 	1.0
wepMin 	0.2
expAccuracy 	6.0
minTravel 	0.0
maxTravel 	3.0
neuralNetworkClass 	class coursework.MultiVerseOptimisation
Training Set Training
Fitness 0.09952363766254145