-0.935442058102771,-3.7010518125562046,-3.566363476345435,0.12387713272432908,-1.9448463424377258,-3.4536323778064792,-0.8320235496933959,7.171332082902135,-2.423231699923469,2.910942291713403,2.329231087277253,-3.0567754085584182,-0.18505992570307084,-0.9293648496324645,-0.15477365553475023,-3.34025706843662,2.330975893654309,-2.2172910801663717,-1.798134227043818,3.090160519208982,3.254741785214164,0.9644460207318717,-5.83889701882539,0.9756699070746722,-1.5239732649552635,-2.880556323179715,0.6061837813259554,-1.4041354278586746,4.055125548140317,0.2688418887949362,-0.29276993819818103,1.571189905837378,-2.9075264023754914,-2.615564967906078,5.348608174442999,0.46517799823923817,1.123519827809253,4.705605177696973,4.520861841608082,0.663183263109978,1.5486345755173074,0.3677604092247429,3.087482871220424,-1.1651497344421236,1.4988975720397915,2.3077984401496785,3.053864819569833,1.449706543460233
numHidden 	5
numGenes 	48
seed 	1586451154399
random 	java.util.Random@76fb509a
popSize 	10
maxEvaluations 	20000
minGene 	-3.0
maxGene 	3.0
tournamentSize 	5
crossoverPoints 	1
mutateRate 	0.4
mutateChange 	1.0
mutateRatio 	0.5
mutateRateSmall 	0.3
mutateRateLarge 	0.7
wepMax 	1.0
wepMin 	0.2
expAccuracy 	6.0
minTravel 	0.0
maxTravel 	3.0
neuralNetworkClass 	class coursework.MultiVerseOptimisation
Training Set Training
Fitness 0.03352343477045155