2.587723911652763,2.637884277557809,2.5745447933812997,-4.2862416201028095,0.931503634889616,2.723879315350461,1.1772838410452247,6.4355797355827,-2.5884844827228406,-2.2538459736963534,0.07285662388952013,-2.8319542674066636,-0.5854615333371153,-4.1682934639775695,1.957997369432057,1.7559105306429312,-0.7540212843200317,-0.18417476507203862,0.3634423572525157,-3.5129926571801797,-2.4399436790681235,-1.2112293783541417,0.34859495963348663,-1.1354572432094088,0.48657009459532025,-0.0795368101011982,3.8318065240773143,0.2374775069215392,0.7518176040613942,0.0973699456098418,-1.1627612830329013,-2.6819336937090705,-0.2686312408764537,0.6175617444076466,-0.12917721515071007,2.810328175803535,0.28654840934809034,-0.23094852792546375,-2.2582117889775253,-0.3777764465374535,2.3301473753129636,-2.9412284010132947,3.5595566807654633,1.3672563559062503,-5.628415453935123,-2.0731171575526126,-0.9867795493270635,-0.03194211606445513
numHidden 	5
numGenes 	48
seed 	1586451154399
random 	java.util.Random@76fb509a
popSize 	10
maxEvaluations 	20000
minGene 	-3.0
maxGene 	3.0
tournamentSize 	5
crossoverPoints 	1
mutateRate 	0.4
mutateChange 	1.0
mutateRatio 	0.5
mutateRateSmall 	0.3
mutateRateLarge 	0.7
wepMax 	1.0
wepMin 	0.2
expAccuracy 	6.0
minTravel 	0.0
maxTravel 	3.0
neuralNetworkClass 	class coursework.MultiVerseOptimisation
Training Set Training
Fitness 0.01801156911365483