-2.385145301691758,1.1793825623890049,4.452979635639551,2.4682842330196855,4.943325193809328,-0.11682159225138594,-5.101038638407801,-0.8469336996431208,4.408547861297956,1.7257808405080417,0.43254753851582955,-0.9148591271233606,-0.2506390206617093,6.415713747765138,-5.67456697221744,-2.650282636734901,-4.217349394579517,2.3257761824011394,-0.8761280107453302,-3.1572988489584377,0.8693909966065569,2.6862958257691294,5.542716702373299,0.1668745987094896,6.1771006684647105,-3.2199637628168136,0.14638178598121254,2.2163526707741923,-2.4971264174263057,7.292730118601805,1.482548374275407,6.166981319436382,-4.7305561177496065,4.11789142061351,3.410043174802256,-3.893619776570445,0.6111185809697313,3.2542841391519635,-2.9528020738739937,3.8169325350191197,0.46215559145882307,-0.37922489942568893,1.655233279981493,1.540888051452036,-1.1141664926750874,3.075117834751865,2.3382866696664877,-1.0492165905453399
numHidden 	5
numGenes 	48
seed 	1586451154399
random 	java.util.Random@76fb509a
popSize 	10
maxEvaluations 	20000
minGene 	-3.0
maxGene 	3.0
tournamentSize 	5
crossoverPoints 	1
mutateRate 	0.4
mutateChange 	1.0
mutateRatio 	0.5
mutateRateSmall 	0.3
mutateRateLarge 	0.7
wepMax 	1.0
wepMin 	0.2
expAccuracy 	6.0
minTravel 	0.0
maxTravel 	3.0
neuralNetworkClass 	class coursework.MultiVerseOptimisation
Training Set Training
Fitness 0.08186596562725004