0.08376395963110378,2.896239554917838,-4.084077171864531,-1.747141821084749,-0.898783270971295,-2.819367497260703,1.5183132682189897,-0.159354437522916,1.8719989305357714,-0.8455639052845001,2.038435801749867,2.2302045331073854,-1.6939132928873664,-2.6942462748290317,0.022030005103096773,-2.7398394219638083,-0.309033346267317,3.0478345973239707,-3.9108068898693795,2.1992723555898483,0.7087072918980927,-0.23381452212752027,-2.7345242660347364,1.2717286767248552,0.9947220454519695,0.16485728573781053,-0.13602271058283258,-5.95397647844471,1.5244997130888558,-0.25835818069228733,1.7295850240091093,1.9217323305833296,-3.895141543558281,2.1437857901222848,-7.29663431020824,-0.7356055134018065,-2.349113186138278,-0.30656451600101414,-2.0803212034331366,-2.5246195532243507,-1.2442026313350867,-1.1471363189218158,3.977131184565044,-1.0310672247686987,-1.3290429820929373,0.8458453978878261,-0.3414072963519029,-0.9299253068472533
numHidden 	5
numGenes 	48
seed 	1586451154399
random 	java.util.Random@76fb509a
popSize 	10
maxEvaluations 	20000
minGene 	-3.0
maxGene 	3.0
tournamentSize 	5
crossoverPoints 	1
mutateRate 	0.4
mutateChange 	1.0
mutateRatio 	0.5
mutateRateSmall 	0.3
mutateRateLarge 	0.7
wepMax 	1.0
wepMin 	0.2
expAccuracy 	6.0
minTravel 	0.0
maxTravel 	3.0
neuralNetworkClass 	class coursework.MultiVerseOptimisation
Training Set Training
Fitness 0.0071072770791533405