4.713294515314325,-0.412035087605637,2.082617036083147,1.2401305922980548,0.39681901390794044,-2.971747439120763,-2.680626290617839,-3.4966670871494676,4.481200196841684,-4.711687039774291,1.1346763789062015,-0.9703317081414679,-5.325744873677026,0.019756053667902635,3.41204794739846,-1.620240432567504,-2.1196537245578835,-3.135399737794999,4.672722885474826,-0.8442651529330257,-1.993549205642336,-0.521774310732756,1.504506455837493,-1.60971434014994,-1.840143259233656,0.8714271702788409,0.4338115362940827,3.6898004743203017,0.8345646290825206,-3.958828423121809,4.1437665957179535,-0.8455179435735012,-1.597178368387544,-2.376846172393932,3.830365537917854,-2.3702408591556927,-3.460952747678812,-2.1999622271933723,-0.9094601718781024,-1.9727728489260101,-0.3799559127180134,2.031842642703549,-1.955194317441821,4.018531913348857,-1.326905996464165,1.3978823230179365,4.021865744125701,-0.18203178498535028
numHidden 	5
numGenes 	48
seed 	1586451154399
random 	java.util.Random@76fb509a
popSize 	10
maxEvaluations 	20000
minGene 	-3.0
maxGene 	3.0
tournamentSize 	5
crossoverPoints 	1
mutateRate 	0.4
mutateChange 	1.0
mutateRatio 	0.5
mutateRateSmall 	0.3
mutateRateLarge 	0.7
wepMax 	1.0
wepMin 	0.2
expAccuracy 	6.0
minTravel 	0.0
maxTravel 	3.0
neuralNetworkClass 	class coursework.MultiVerseOptimisation
Training Set Training
Fitness 0.013323891745529738