3.8832536454395963,-1.1359088617049375,1.8234362072483867,0.554014857597653,0.5893573319458993,0.550023152974527,-5.951904865546055,-1.198431669222793,-4.981004036339576,-7.049910941250623,1.6450731560108953,-0.04921249361545809,-4.168000098239709,-3.151206539987837,-0.3485615185079817,-2.4723152310596865,-3.8245722410270377,-2.921676896970193,-4.1028721674126825,-1.932587548420671,-1.1644000290354959,0.9852033189101491,5.127063841070369,-3.7210097970824636,5.2781049004520355,0.08641721146643798,9.22844322979333,-1.9508941577886771,-0.5575113819444039,0.14722092104569612,4.654652282456578,1.935686467505866,-1.0087767864472643,0.20456137913426298,-0.4322686856479788,0.11583558233242068,1.925552068582871,4.54986831435277,-0.9487572683648812,2.8301376388210007,1.587202220776805,-0.6762368454011176,-0.20843323498923233,1.124470428302911,-3.019576252361219,1.7181489369687684,3.492044326271933,-1.1564420005995868
numHidden 	5
numGenes 	48
seed 	1586451154399
random 	java.util.Random@76fb509a
popSize 	10
maxEvaluations 	20000
minGene 	-3.0
maxGene 	3.0
tournamentSize 	5
crossoverPoints 	1
mutateRate 	0.4
mutateChange 	1.0
mutateRatio 	0.5
mutateRateSmall 	0.3
mutateRateLarge 	0.7
wepMax 	1.0
wepMin 	0.2
expAccuracy 	6.0
minTravel 	0.0
maxTravel 	3.0
neuralNetworkClass 	class coursework.MultiVerseOptimisation
Training Set Training
Fitness 0.033017411006999065