1.612559640909379,0.11100902560519191,0.0967881331900591,-4.13683446794941,-4.555666577475851,-3.104581581698433,4.519035556854191,-3.164272468938546,5.687494766367897,1.0574490762569728,-0.8843659072152963,-0.05131741181575357,0.09339547544540068,-4.189119116485802,-4.595744596242197,5.372149899208832,5.21197221507323,-0.6613469007843301,8.498242606831706,-1.0472849363856847,-1.9403391558539373,-1.7493268807338296,0.2667062841007366,-1.6692347724895364,-2.241374971313291,-5.507382054855445,-4.6353472156801985,5.534093219190654,0.9294458904308994,-0.02471568890359573,-1.387381740951379,0.42949946231110825,1.0014844438574757,1.4840333445739833,3.9193230586862584,4.264182168356304,-0.4275927744811807,3.7191448535241887,1.269959550816878,-0.022280419480300972,0.027044215965643905,8.936690847373333,-7.289305070124041,2.7691527380279393,-1.3547341997743563,-1.4857971883034142,1.07121276746735,-2.6076567429835755
numHidden 	5
numGenes 	48
seed 	1586451154399
random 	java.util.Random@76fb509a
popSize 	10
maxEvaluations 	20000
minGene 	-3.0
maxGene 	3.0
tournamentSize 	5
crossoverPoints 	1
mutateRate 	0.4
mutateChange 	1.0
mutateRatio 	0.5
mutateRateSmall 	0.3
mutateRateLarge 	0.7
wepMax 	1.0
wepMin 	0.2
expAccuracy 	6.0
minTravel 	0.0
maxTravel 	3.0
neuralNetworkClass 	class coursework.MultiVerseOptimisation
Training Set Training
Fitness 0.010733245518737786