-0.5637914229099286,5.204856785632442,7.134009709286673,2.284406656135171,2.0746594814592343,4.6046728270856585,-1.2442656009029927,4.672975596370373,6.532631514733517,0.24707613134654607,2.567766568408067,3.8402968935173356,-2.8420497333805343,3.9468928826014515,2.2374963249131508,3.5866013743141174,-3.0696247211431587,-0.36572435043587737,-0.23034242594387846,-2.3159640370779,1.0067648666605389,0.39782897072421836,-4.262556175180997,-2.4219029283254496,0.803666878777176,-0.36602168784724504,-0.1713703501304145,-2.015031539173501,-1.7408019979570843,2.648147445916027,3.1567362298233514,-2.2620366628198387,3.540975215297369,3.733089488414883,-0.2767401096590326,-2.498751658645108,2.3933322936816666,-0.21292576685388692,-0.5757978318850931,0.3914969253811005,2.264221866233131,-3.5755709753462335,-0.0918775685103233,0.3066272502671632,0.20318487016320974,3.7376029598595832,0.9913293495804336,-3.611590041763672
numHidden 	5
numGenes 	48
seed 	1586451154399
random 	java.util.Random@76fb509a
popSize 	10
maxEvaluations 	20000
minGene 	-3.0
maxGene 	3.0
tournamentSize 	5
crossoverPoints 	1
mutateRate 	0.4
mutateChange 	1.0
mutateRatio 	0.5
mutateRateSmall 	0.3
mutateRateLarge 	0.7
wepMax 	1.0
wepMin 	0.2
expAccuracy 	6.0
minTravel 	0.0
maxTravel 	3.0
neuralNetworkClass 	class coursework.MultiVerseOptimisation
Training Set Training
Fitness 0.011650690126844011