4.895777477742899,1.6047138250842994,-0.36323785389244506,2.342146686912062,4.185882577143594,0.633076094699188,0.18537558876539847,4.117932715985415,-0.8394804771651103,-0.009494134098073127,5.12143802598793,3.9984367087752997,-1.7228263351881952,3.3090980835718784,-3.4267847555221964,-0.5529923079959533,4.303397819677938,2.8420487767801768,1.4441227573673856,2.8556429888517743,2.8352055502565183,0.161752143986562,-2.002208741863517,1.7272135480088033,-1.2356442875779923,0.15498508037694314,-0.936730744584481,-0.9619276913189516,0.9716267192923024,5.439947602225959,4.38014316818915,5.252408302332031,-1.0795953970914085,3.9756851009750718,-0.524578831667362,5.667113029263671,0.3528517234901944,-0.2540243533562906,6.274788393190327,1.9141088609490173,1.4794393801857864,-2.189560895912319,-0.5023833925318563,-1.1107414512692015,5.981924831042663,-0.6503935696405335,5.453225594105569,2.1191501790844343
numHidden 	5
numGenes 	48
seed 	1586451154399
random 	java.util.Random@76fb509a
popSize 	10
maxEvaluations 	20000
minGene 	-3.0
maxGene 	3.0
tournamentSize 	5
crossoverPoints 	1
mutateRate 	0.4
mutateChange 	1.0
mutateRatio 	0.5
mutateRateSmall 	0.3
mutateRateLarge 	0.7
wepMax 	1.0
wepMin 	0.2
expAccuracy 	6.0
minTravel 	0.0
maxTravel 	3.0
neuralNetworkClass 	class coursework.MultiVerseOptimisation
Training Set Training
Fitness 0.1020064945267981