4.345103982084699,-4.3765593981016035,9.345493387859117,2.4539095876691164,-0.23268055762373696,2.3832245931419926,1.427662362626465,5.21110180275502,-6.55201212900708,-3.141117137708292,-2.896504138532024,-7.17894553807417,7.67271584960259,4.4701704321696445,0.5548786594468872,-1.4001870206697822,-6.4656264291092675,1.339548340591595,-5.860204907837637,1.056115507276933,1.2302549891434928,-0.47561459761891167,-1.767050022176321,0.907950499795826,4.761071937314957,1.1671425540918081,-0.06403362193528506,0.398481331121061,0.48877671366957054,-0.08227909785144316,-1.9397853517549106,2.461185672205172,-0.2431408608434381,-5.451837341961974,0.33155818704372186,-0.8093530110917254,-5.624113055837946,-4.955587948610148,2.6547453612756087,5.874602902347695,-5.043640453772133,-4.31399203203832,2.5232300072870295,-0.3122260889919434,1.087738774712399,-0.01173802594625406,2.145742092181576,0.4733342305449243
numHidden 	5
numGenes 	48
seed 	1585688999110
random 	java.util.Random@76fb509a
popSize 	80
maxEvaluations 	20000
minGene 	-3.0
maxGene 	3.0
tournamentSize 	5
crossoverPoints 	1
mutateRate 	0.3
mutateChange 	0.9
mutateRatio 	0.5
mutateRateSmall 	0.1
mutateRateLarge 	0.8
wepMax 	1.0
wepMin 	0.2
expAccuracy 	6.0
minTravel 	0.0
maxTravel 	2.0
neuralNetworkClass 	class coursework.ExampleEvolutionaryAlgorithm
Training Set Training
Fitness 0.00817859826898856