-3.9502273093814293,-0.9850522901409254,1.9660050016320034,-5.607777377865515,2.4754619415251633,-2.0663550308291305,-7.179428471514521,-1.304621538949268,3.7168156026543904,-0.6096367848909802,-3.465988871477221,-6.467107843231859,-6.376064903061541,-6.8032187482156585,-8.89088028137555,-1.6089933748097471,-7.202125178144582,8.251629641532912,2.4792996923018475,3.296651386509286,-2.683324299172257,0.7192744581293627,2.8562557704864524,-0.8995123802071013,1.3031172087922211,5.733283628240584,0.16299905935554315,-0.8080488781558878,-0.2196105679576602,-6.740407449685288,-0.956492535917281,1.5426855436782323,2.234918898186391,-6.4803368897967095,1.2396575113833603,-10.573515842949199,1.1090917284653428,2.5731123067574257,7.559793950044628,-5.341178073944813,5.764671175710337,3.0388578497799354,-1.0125087522618679,1.032960408183063,-3.861545142972578,0.501946936547406,-0.21133839764831952,-0.1323578284371213
numHidden 	5
numGenes 	48
seed 	1585688999110
random 	java.util.Random@76fb509a
popSize 	80
maxEvaluations 	20000
minGene 	-3.0
maxGene 	3.0
tournamentSize 	5
crossoverPoints 	1
mutateRate 	0.3
mutateChange 	0.9
mutateRatio 	0.5
mutateRateSmall 	0.1
mutateRateLarge 	0.8
wepMax 	1.0
wepMin 	0.2
expAccuracy 	6.0
minTravel 	0.0
maxTravel 	2.0
neuralNetworkClass 	class coursework.ExampleEvolutionaryAlgorithm
Training Set Training
Fitness 0.006507260384848712