0.7741651668827598,-5.486690040807586,-0.2619567420475961,-13.48617851663982,-0.7749637867175518,8.964832017638859,1.5642349621310556,6.850472385540026,5.561702424105576,5.497401995946575,3.5071470863447147,-3.7911974460831073,-1.0935051991771605,-3.2612257567749317,4.274138159249064,-0.2312001275083556,5.266238120287514,9.121301982505035,-1.1469711915855498,-3.425873824720114,0.5349934685760797,-7.182602516990933,0.5224653679295507,1.0077141128003158,1.7873202560544414,4.80494703921523,2.7166280729689434,-0.601415380183023,-2.629559672442676,5.511986805246868,0.9285087835997937,-4.023820576415027,-1.67482202850766,-3.754198938036325,-5.116826332553751,1.9381141444352306,2.3745291903163768,-4.4450322740606145,7.113169236049361,-3.465630751765008,11.815199850608796,1.503732181548468,-2.110031328963336,0.41474289852389157,-0.07316349677865364,-0.6079773092685523,0.8538015703239611,3.3146542351546073
numHidden 	5
numGenes 	48
seed 	1585688999110
random 	java.util.Random@76fb509a
popSize 	80
maxEvaluations 	20000
minGene 	-3.0
maxGene 	3.0
tournamentSize 	5
crossoverPoints 	1
mutateRate 	0.3
mutateChange 	0.9
mutateRatio 	0.5
mutateRateSmall 	0.1
mutateRateLarge 	0.8
wepMax 	1.0
wepMin 	0.2
expAccuracy 	6.0
minTravel 	0.0
maxTravel 	2.0
neuralNetworkClass 	class coursework.ExampleEvolutionaryAlgorithm
Training Set Training
Fitness 0.02085869239898856