0.5669336677785058,-8.134256141879526,-1.0822901114191352,-1.905772363779466,-2.93161923745843,-4.520076918709032,2.552071937460492,0.32593761397645427,-4.004092683352693,3.2501375656660443,0.09093502503679363,-7.086931135960287,0.5188347467515965,-4.48533017912281,4.995203121791885,-6.5890670044011905,4.405186854562904,4.939485924831395,-3.679580888034565,-2.76959369415904,-0.9216840359732571,0.21987591913302207,0.839328654683669,-3.1712357491625025,-2.6043982263400562,-0.3516580985522102,0.08995070898343549,0.8422193346983914,5.290200053239498,2.0972222368502487,0.9925055924992287,1.224913721758385,-7.491137188509094,-3.06272246242723,4.007894600935614,-0.6791355978305538,1.9722372739654586,0.25839057574325586,-0.07278077607606082,0.759036520713804,-6.230407237356661,-0.6590489220406883,-0.2638714021035711,-3.537111216253076,0.022972515373449687,-1.5535823143003276,2.089576464867136,-2.7955908426644234
numHidden 	5
numGenes 	48
seed 	1585688999110
random 	java.util.Random@76fb509a
popSize 	80
maxEvaluations 	20000
minGene 	-3.0
maxGene 	3.0
tournamentSize 	5
crossoverPoints 	1
mutateRate 	0.3
mutateChange 	0.9
mutateRatio 	0.5
mutateRateSmall 	0.1
mutateRateLarge 	0.8
wepMax 	1.0
wepMin 	0.2
expAccuracy 	6.0
minTravel 	0.0
maxTravel 	2.0
neuralNetworkClass 	class coursework.ExampleEvolutionaryAlgorithm
Training Set Training
Fitness 0.010027374833027286