4.516269275820143,3.666077250766438,3.34985861571,-1.3750105139874313,0.8655655340419658,0.7410496660864386,-3.6849695593291583,6.474789714342198,-0.10206031711232666,-3.8449759324540387,-8.528632156482221,4.499518593945561,6.443181486653488,-0.9107581458799422,0.569584125800499,3.832183721861164,-8.772895119296786,5.36878373571253,-1.699620365755147,0.35085036883857046,10.258049345262764,-2.8028411295833573,0.49109779531525966,2.3661399848701326,2.6107130069995907,-1.0306962965696336,0.516344697717926,-0.7309351935831343,-1.4911205669396232,5.131377695557544,2.0805665277974357,2.7257081048440153,-4.92697105793335,0.9898045488838075,-4.063290087365531,-10.969359989837676,9.697458359512918,-7.439292510003898,5.855452865579525,-1.3657590843290421,-1.2061395283648313,0.8333090846190369,0.6137953492473802,-0.6397197156217527,-1.5386400355964294,-2.2592066170388856,-3.53640899015351,6.068764393163514
numHidden 	5
numGenes 	48
seed 	1585688999110
random 	java.util.Random@76fb509a
popSize 	80
maxEvaluations 	20000
minGene 	-3.0
maxGene 	3.0
tournamentSize 	5
crossoverPoints 	1
mutateRate 	0.3
mutateChange 	0.9
mutateRatio 	0.5
mutateRateSmall 	0.1
mutateRateLarge 	0.8
wepMax 	1.0
wepMin 	0.2
expAccuracy 	6.0
minTravel 	0.0
maxTravel 	2.0
neuralNetworkClass 	class coursework.ExampleEvolutionaryAlgorithm
Training Set Training
Fitness 0.007923612682494204