-0.9347581830376462,-3.0884962051462153,1.0226700558825645,0.8105610961040862,6.37792011264764,-0.2622626338847226,-0.828184131997299,6.753255449827887,-0.4288316041208089,5.1879058039552195,-1.9309292455750562,1.3383407514787131,2.74919259756019,-2.97611373210606,8.695469208072772,-1.1536100476100404,-3.200103967236926,9.402345201138138,2.8950856596445464,-5.382299482032094,-3.154540513272996,2.285238482768748,1.226765024752774,-5.949628752013927,-0.39795972416916114,4.090906912708194,2.6879850970432093,-0.10454827550558932,-0.7471569281892235,-0.02137399049811184,-1.4175484122112465,-4.174351511849284,0.07594344598597913,0.2243336803392907,-1.3387026798810937,-0.8468690670924833,2.821879768167792,-0.47276072489044396,6.460427584985452,2.982557117250539,-2.9061323260681156,1.7338469656014843,3.420246621614466,-7.030343129498098,-1.8052253594165468,2.467771697420633,-0.029174221369118625,1.517314025248559
numHidden 	5
numGenes 	48
seed 	1585688999110
random 	java.util.Random@76fb509a
popSize 	80
maxEvaluations 	20000
minGene 	-3.0
maxGene 	3.0
tournamentSize 	5
crossoverPoints 	1
mutateRate 	0.3
mutateChange 	0.9
mutateRatio 	0.5
mutateRateSmall 	0.1
mutateRateLarge 	0.8
wepMax 	1.0
wepMin 	0.2
expAccuracy 	6.0
minTravel 	0.0
maxTravel 	2.0
neuralNetworkClass 	class coursework.ExampleEvolutionaryAlgorithm
Training Set Training
Fitness 0.006531471254239909