3.8638912681957955,-2.478858758119214,0.37766729299877944,2.832137127747092,-1.5512329472028532,4.805677217409716,5.949008818197824,3.4699809552371863,-0.6656599462741284,0.23894190933915127,-1.8543556902697298,0.4450432747157116,0.5327975830736563,4.8214696972659405,-3.3168190734814273,1.103114138154897,1.9778898460079728,5.687762526856225,-1.434340178594148,3.925366723994535,-7.044824595185517,-4.543879308848908,-0.7745361375460224,1.1067304920780456,1.9600964445575633,-0.20697598427133257,-0.31001905128340346,2.252204000676411,-0.03689094474896548,1.4048441645745071,-1.4810565773273288,-3.217819131917586,5.068920682763046,-4.640956610472949,-3.544374557751143,4.139002180204788,-2.841618300792841,-3.6037689434432023,0.2206946684848713,7.45200897012128,-3.897775922761345,-0.2586199549365372,2.116498120723114,2.588937497602851,-2.304782677204881,-0.1380451588633641,1.4977644957807796,4.7084634888101835
numHidden 	5
numGenes 	48
seed 	1585688999110
random 	java.util.Random@76fb509a
popSize 	80
maxEvaluations 	20000
minGene 	-3.0
maxGene 	3.0
tournamentSize 	5
crossoverPoints 	1
mutateRate 	0.3
mutateChange 	0.9
mutateRatio 	0.5
mutateRateSmall 	0.1
mutateRateLarge 	0.8
wepMax 	1.0
wepMin 	0.2
expAccuracy 	6.0
minTravel 	0.0
maxTravel 	2.0
neuralNetworkClass 	class coursework.ExampleEvolutionaryAlgorithm
Training Set Training
Fitness 0.0418495508961064