-1.8215219242486027,-3.847383099257613,-5.590264420163086,4.051266284706428,0.08590959416752919,-6.987399202163663,-0.2575454298703982,-2.9211635687946047,-0.2493667404448877,4.937109402023121,-1.3365208296683218,-5.351835029593909,-4.406426718374139,7.571023924014033,-1.9545815183575574,-3.3146694740277263,5.190623221416652,-8.126367005514393,4.556005344228677,0.14641445489851246,2.2547730790409783,1.0878251268665586,-5.905521881103604,-1.02116313068912,3.4069626773430115,0.33072788852373725,-0.4074118238192772,0.5941385728879982,0.2736332811973361,2.0156959876072937,1.1298163005755675,-2.0331312883847517,-6.056986635481978,3.195113369397466,6.056462128020142,2.5634949441735895,-1.3432046032589962,1.056127261716978,-2.3207621450490628,5.202208176641538,-1.0588188390809674,0.6653294656531895,0.8298385468387947,0.5213873532288184,4.382590235363047,-2.335677623889768,2.21624124663424,-1.1734515457327181
numHidden 	5
numGenes 	48
seed 	1585688999110
random 	java.util.Random@76fb509a
popSize 	80
maxEvaluations 	20000
minGene 	-3.0
maxGene 	3.0
tournamentSize 	5
crossoverPoints 	1
mutateRate 	0.3
mutateChange 	0.9
mutateRatio 	0.5
mutateRateSmall 	0.1
mutateRateLarge 	0.8
wepMax 	1.0
wepMin 	0.2
expAccuracy 	6.0
minTravel 	0.0
maxTravel 	2.0
neuralNetworkClass 	class coursework.ExampleEvolutionaryAlgorithm
Training Set Training
Fitness 0.005450212634656677