1.0611492926650383,-0.16114881678515514,-1.7635964984279502,5.796403198964614,0.6977081869919165,-0.30535189701049903,-1.5480014400233824,7.409749572758359,0.39137858097220857,-6.285206475126728,0.08258056969599958,-3.3191006877227336,-1.3528025175312712,2.688097816463792,-4.443682881938751,0.5960936568485059,2.5215090414081645,8.143076195038375,7.286605631146959,-3.3636228425680135,-1.7949116546346366,1.997517333170863,0.410383779677414,1.8437473663264097,2.253335664157089,-5.459409339388443,-4.784704415310015,-0.4773074146466806,-0.4088809530400137,-4.369365841744714,1.5275825644653098,-0.1452353705129411,0.6844180883317027,0.5929671820190031,1.4611092039870144,-3.716627720603109,1.756556754303983,-3.8126970378628644,3.703027724635501,4.939854778829595,-5.216409553350772,-3.2805375087308106,0.3564346708751981,1.2126525495454383,-1.5590664925062891,2.9370404839782505,0.08143484363173248,-4.083956844136521
numHidden 	5
numGenes 	48
seed 	1585688999110
random 	java.util.Random@76fb509a
popSize 	80
maxEvaluations 	20000
minGene 	-3.0
maxGene 	3.0
tournamentSize 	5
crossoverPoints 	1
mutateRate 	0.3
mutateChange 	0.9
mutateRatio 	0.5
mutateRateSmall 	0.1
mutateRateLarge 	0.8
wepMax 	1.0
wepMin 	0.2
expAccuracy 	6.0
minTravel 	0.0
maxTravel 	2.0
neuralNetworkClass 	class coursework.ExampleEvolutionaryAlgorithm
Training Set Training
Fitness 0.00870900624213647