1.1932260627056577,-3.6359471897248006,-2.314436686907979,6.678751673106645,0.16100044509609457,1.4556955806270042,2.5984555225758665,-1.0725595150856484,5.190915398559794,-1.0186308383550515,-1.6887838750141762,-3.929185828091661,-6.833395263618337,3.2014837713570103,-3.972553006720398,2.351329345005949,11.720061383149101,-5.0635798921992965,-0.08456391003903807,-0.20622077135716477,-2.0154007480791907,1.602842944255944,-1.741899532176522,-0.5485215366783053,-1.5904907253600027,-1.6703741983992377,0.21733448742827377,-0.06258105889744359,-0.3201667729174361,-3.610296904905822,-3.228314214894499,2.8043805823172616,3.518322047495451,-0.5533877009133689,0.7381181853451693,7.359109880143714,-6.573790603929249,2.8096092887828275,-2.9569170371329356,3.4938039011940973,-3.3880185985553877,7.127937913062823,3.1757421364952774,-0.14889096018711612,2.9390822007224036,-0.4469912161782269,0.5183024057702655,4.6870281421796
numHidden 	5
numGenes 	48
seed 	1585688999110
random 	java.util.Random@76fb509a
popSize 	80
maxEvaluations 	20000
minGene 	-3.0
maxGene 	3.0
tournamentSize 	5
crossoverPoints 	1
mutateRate 	0.3
mutateChange 	0.9
mutateRatio 	0.5
mutateRateSmall 	0.1
mutateRateLarge 	0.8
wepMax 	1.0
wepMin 	0.2
expAccuracy 	6.0
minTravel 	0.0
maxTravel 	2.0
neuralNetworkClass 	class coursework.ExampleEvolutionaryAlgorithm
Training Set Training
Fitness 0.006987463341900041