4.85769395068784,5.117845630323315,-5.194957341176043,3.6556752471580096,0.08161548593644663,-0.521471210824753,-2.804196216768143,-2.15861081581209,0.05012912649351908,-5.63635418289798,-0.4220277405315541,3.8985453952575386,-10.847065002386149,-0.4226380398167271,-2.007295734332887,2.3380652766320305,-0.042650051127328004,4.741578883488903,4.934118616509916,-8.675612114983366,-0.35981487826052383,0.6608814468941538,0.8223403110544923,1.69970037263198,-0.48160365895867685,-6.5061012138764465,-0.8927946163693722,-0.1660615484283643,-1.7763558426685289,0.2941801724754488,2.4950011914952057,3.566770480454694,1.3342641559612,4.341732493484168,-1.450977059604627,-2.8621848689806546,-5.82932045991505,3.621057476004234,1.654874910003016,-1.7237492506957095,-0.9786776564158285,1.6614702334630072,-4.767047544949363,4.789231862963198,-9.802476639558796,3.840224929278946,-1.959501746996664,2.6671847579208805
numHidden 	5
numGenes 	48
seed 	1585688999110
random 	java.util.Random@76fb509a
popSize 	80
maxEvaluations 	20000
minGene 	-3.0
maxGene 	3.0
tournamentSize 	5
crossoverPoints 	1
mutateRate 	0.3
mutateChange 	0.9
mutateRatio 	0.5
mutateRateSmall 	0.1
mutateRateLarge 	0.8
wepMax 	1.0
wepMin 	0.2
expAccuracy 	6.0
minTravel 	0.0
maxTravel 	2.0
neuralNetworkClass 	class coursework.ExampleEvolutionaryAlgorithm
Training Set Training
Fitness 0.005479476172855769