3.7092149706894397,0.8065673458126826,-5.618106900346443,-3.5446129699849354,0.4108260562781656,-2.035998353316697,-3.4564078174000312,-3.307668669145381,-6.070175967166954,5.140575829415916,3.3809953830486363,4.003280952153214,-3.8901810278553914,1.577993570205778,-3.475729942423845,-7.579567455459611,-3.803293894392793,-3.642290088294781,2.7205362061454084,3.975991074615083,-1.9684640433085288,5.949039968861931,1.0362635299229987,-1.4509428765761911,0.8082459473575524,0.7773804719045011,-3.4363316826702692,0.3457702341781682,-8.792396876527091,-2.983214334939277,3.499334177454943,-8.18356902619969,-2.756781583049037,8.5783488294895,1.118904135966674,-5.3693130454512366,-5.437134424681948,-0.2515220399507777,-7.288195311749341,-3.400426952691327,-0.7043819301272233,-1.9060021654481125,-2.930010791532391,4.665929137479886,4.300987406744884,2.0113236531505394,1.2187828698407555,0.9169510934240671
numHidden 	5
numGenes 	48
seed 	1585688999110
random 	java.util.Random@76fb509a
popSize 	80
maxEvaluations 	20000
minGene 	-3.0
maxGene 	3.0
tournamentSize 	5
crossoverPoints 	1
mutateRate 	0.3
mutateChange 	0.9
mutateRatio 	0.5
mutateRateSmall 	0.1
mutateRateLarge 	0.8
wepMax 	1.0
wepMin 	0.2
expAccuracy 	6.0
minTravel 	0.0
maxTravel 	2.0
neuralNetworkClass 	class coursework.ExampleEvolutionaryAlgorithm
Training Set Training
Fitness 0.013797026919843042