-2.3374490672113666,-4.384793874213807,5.136038533788553,1.7445026355201105,1.444625384570843,-3.9495587858040047,1.8067164822547226,-4.5587918913546295,-7.684710848085045,1.0017184141327662,-2.7613861100856907,5.378730256810422,2.4365147935622744,5.921612040543195,-0.9530741050976744,-13.722342756900572,-0.8121194380243278,3.3558454056670057,-4.809493187316231,-1.8311389860264242,-1.8343706839624283,3.368241801153148,7.223800514164007,0.13279603920556793,-1.485113985489754,-0.07164241735745502,7.550186304960494,-4.307768761547701,0.28273800560836093,-1.372979182843221,-0.9411270758264808,4.85931337521901,-8.33093384528806,0.06599869744822973,0.9150545439714407,0.5257218055198648,0.7133949807639376,-3.0603243506246818,-0.5429730459006584,5.503030329863471,-5.316232969060928,-4.492148995371169,0.9254476615290516,1.4262520640197658,-2.1511239598713336,-2.7416271849192935,-0.39109216790891466,-4.57309746924717
numHidden 	5
numGenes 	48
seed 	1585688999110
random 	java.util.Random@76fb509a
popSize 	80
maxEvaluations 	20000
minGene 	-3.0
maxGene 	3.0
tournamentSize 	5
crossoverPoints 	1
mutateRate 	0.3
mutateChange 	0.9
mutateRatio 	0.5
mutateRateSmall 	0.1
mutateRateLarge 	0.8
wepMax 	1.0
wepMin 	0.2
expAccuracy 	6.0
minTravel 	0.0
maxTravel 	2.0
neuralNetworkClass 	class coursework.ExampleEvolutionaryAlgorithm
Training Set Training
Fitness 0.008118311247701968