5.200242487916808,5.050795771388887,4.233477967906925,6.332083553348328,3.9820864718891187,-0.2384439170572763,7.205997947828398,-1.2152007571235903,4.7485310440824,11.080399407070763,-1.7789908160368557,2.285356438277862,0.5469680670529317,3.0767442933497717,0.05892475212510184,-0.01175714377712711,0.9929270606254453,-5.222852366134651,2.4643256412832,4.410262966353008,-2.792742448649801,-2.2016360701405757,-0.3846496933595466,3.9131676931873582,-1.3280540877808416,-2.0125381005465695,0.8874743134793398,-0.6775022990094283,-2.2043494670257466,-0.15378039675370114,-2.963770406734685,0.45855824108234333,0.8488426876950691,-0.9351705838500107,-6.299245024061483,0.9642914282027534,1.6524086508463516,-0.9630731337119601,-6.546394397543578,2.9513108656515543,-2.8020424249541764,3.214669092639648,-1.6254090526754814,-2.430790602366262,6.102784142924068,-2.388045252902595,1.1148378425686234,-0.9843285621661314
numHidden 	5
numGenes 	48
seed 	1585688999110
random 	java.util.Random@76fb509a
popSize 	80
maxEvaluations 	20000
minGene 	-3.0
maxGene 	3.0
tournamentSize 	5
crossoverPoints 	1
mutateRate 	0.3
mutateChange 	0.9
mutateRatio 	0.5
mutateRateSmall 	0.1
mutateRateLarge 	0.8
wepMax 	1.0
wepMin 	0.2
expAccuracy 	6.0
minTravel 	0.0
maxTravel 	2.0
neuralNetworkClass 	class coursework.ExampleEvolutionaryAlgorithm
Training Set Training
Fitness 0.02407953375776367