-1.0869688661031929,-2.4892555160799166,-2.909691821152956,-3.1168417836861226,4.623653688740062,-4.673157514640091,-2.2097350544952055,-1.4698570344093862,2.8706002564407838,0.173245706762028,-2.784682790205622,-4.813524164871299,-0.7170973793511654,-3.22199280053653,7.156599154465523,-8.059262437501001,-1.4137706807469335,-9.361232620791752,-0.20010481334799102,-4.94454560118837,0.002026706760800634,-3.271058623314888,1.5030036373673874,-0.5412854526670389,-1.5167586242602002,0.5770358426616722,-5.352534992349398,-4.567290944243206,-3.0645099294702707,0.2502364779011942,-3.7923092258217967,-0.406532142988169,-6.631302179135872,-4.824579572519884,-4.603505757213695,-5.786196219746792,-1.159552925292418,3.865795034613622,-0.318826598378703,3.7103700798817996,-0.7085418553521142,3.200379676525777,1.5284731710285961,-8.20833733698764,-1.8052444059850843,-0.9213171441953624,-1.2559619385382321,0.32505708920575815
numHidden 	5
numGenes 	48
seed 	1585688999110
random 	java.util.Random@76fb509a
popSize 	80
maxEvaluations 	20000
minGene 	-3.0
maxGene 	3.0
tournamentSize 	5
crossoverPoints 	1
mutateRate 	0.3
mutateChange 	0.9
mutateRatio 	0.5
mutateRateSmall 	0.1
mutateRateLarge 	0.8
wepMax 	1.0
wepMin 	0.2
expAccuracy 	6.0
minTravel 	0.0
maxTravel 	2.0
neuralNetworkClass 	class coursework.ExampleEvolutionaryAlgorithm
Training Set Training
Fitness 0.0076309133212776594