-3.9324250842741755,0.525792284181344,12.389541518848034,-16.982181463195904,-1.7682061787122245,8.439959035049052,2.2225613487162503,-30.49227688792155,-4.1096582309212195,2.0809134256452353,-0.9467568586982276,3.2245348758627097,10.98455012986064,-17.082332479651434,0.7171867431962586,-1.8648884426628516,-9.503603065062556,-8.457418773388847,1.4536779182719806,10.241567078438456,-10.839925306136545,-10.374129223969325,9.096431290844185,2.3381595657409813,0.1938816424750489,-6.969621563732854,2.9603105359068156,-0.45611133930191805,-0.702996336277735,0.05998103182860648,-0.9276980434848594,-7.5261727879767335,-1.5274487161524026,-2.9213182541085256,2.4805700919241254,-13.505367150071425,12.992514002229534,10.538611324406107,-18.30153607761002,-3.570389677244039,26.01208972483953,-8.206175002055062,10.100897830205994,5.136112500598189,6.570146318426922,4.5529629126094475,10.088569571587355,-4.0270048749484575
numHidden 	5
numGenes 	48
minGene 	-3.0
maxGene 	3.0
tournamentSize 	5
crossoverPoints 	2
popSize 	50
maxEvaluations 	20000
mutateRate 	0.4
mutateChange 	1.8
seed 	1584108840896
random 	java.util.Random@76fb509a
wepMax 	1.0
wepMin 	0.2
expAccuracy 	12.0
minTravel 	0.0
maxTravel 	2.0
neuralNetworkClass 	class coursework.ExampleEvolutionaryAlgorithm
Training Set Training
Fitness 0.007905348692425023