-1.3419946853756048,-4.053416009540215,0.044895858012542256,1.905858525179653,-9.682217555348519,4.115341933065558,4.023198196433149,3.0356111399039856,-7.731525872692845,-5.652264475606701,3.512731654008154,-0.07942038943722274,4.277247082686791,0.16448209548768666,-9.900719827189793,4.300785586842114,-5.950271451752819,-6.710017697170109,-8.972121667959257,-1.217744138632085,-0.6968057587805627,-1.505007542791997,-1.5088983416444082,-0.7655229069319658,-0.9820301746610354,5.745156492294168,5.050317080963021,4.299153692385108,0.18968114633512734,1.0040561418215148,4.773830965440755,-7.35879952733522,1.088768040685797,-1.2871748093856148,2.879770796123182,-2.2988823188310565,0.1865350227707494,0.8392516349662626,1.3457048473087818,1.363414788142924,-1.7053987990703874,-6.358882425248696,-10.950886402267589,3.655300855760405,-0.5326586284536106,3.2919266206152393,0.7678956549705944,0.3554274483333595
numHidden 	5
numGenes 	48
seed 	1585869246401
random 	java.util.Random@76fb509a
popSize 	80
maxEvaluations 	20000
minGene 	-3.0
maxGene 	3.0
tournamentSize 	5
crossoverPoints 	1
mutateRate 	0.6
mutateChange 	1.0
mutateRatio 	0.5
mutateRateSmall 	0.2
mutateRateLarge 	0.6
wepMax 	1.0
wepMin 	0.2
expAccuracy 	6.0
minTravel 	0.0
maxTravel 	2.0
neuralNetworkClass 	class coursework.QueenBeeEA
Training Set Training
Fitness 0.005838179511386288