-1.150759633124867,-3.1440484554566694,-1.5250617296520326,-0.683496898264023,3.982869188293975,-0.10961468597135049,-4.282408668779201,5.348164511742626,-0.16829916309018422,1.5199980591936502,-3.2198875339784054,-4.212125419926695,-2.784372403144639,1.8532114126637351,5.211409118336757,-1.387255585172742,-1.2628867634849539,0.5308463396228102,5.96354292190059,-3.308882945504097,-0.2778518601620341,-1.2515616531288698,-1.5750130935073532,-7.851090201548338,-2.6035333692372014,-0.21552506026771479,-0.9776096595872898,0.022921397268577337,-0.9303212042734206,0.10837137288259124,-2.5545727575905612,2.2117928199916683,-5.942290380250231,-2.885337752815448,2.3936719185308375,-0.23137633292642645,-2.858513954284758,1.3390873599828295,5.569756681056729,-4.580096331388477,-3.110095719955206,2.4467928877870726,-0.6391096941024159,-2.9888830977913097,0.8712542523019398,-7.226894969313882,-0.8745759915326228,-0.1780367363267663
numHidden 	5
numGenes 	48
seed 	1585869246401
random 	java.util.Random@76fb509a
popSize 	80
maxEvaluations 	20000
minGene 	-3.0
maxGene 	3.0
tournamentSize 	5
crossoverPoints 	1
mutateRate 	0.6
mutateChange 	1.0
mutateRatio 	0.5
mutateRateSmall 	0.2
mutateRateLarge 	0.6
wepMax 	1.0
wepMin 	0.2
expAccuracy 	6.0
minTravel 	0.0
maxTravel 	2.0
neuralNetworkClass 	class coursework.QueenBeeEA
Training Set Training
Fitness 0.00692471390546841