2.092177612950638,3.9402279209855706,-2.7721922151342717,6.614195348074443,1.3675383286647929,4.289046625566601,-3.548090094393606,4.321412101640802,7.549740313396686,5.050235594062328,6.768493888051553,2.108183298357927,5.615052871435773,-7.754052881228901,5.67463627360249,-0.23108234164643715,-7.734872757183501,-6.645461662562815,5.649913454566721,1.624870427457859,0.3450416661107658,-0.7235646437032575,-6.2195129572238645,-6.083689995256968,5.8258045371423846,-0.21156395283503748,0.05032897274971937,-1.1195258682923903,-3.5545862387896956,-4.820461816540668,5.226209948509795,-7.2861470639546155,6.431307342120482,9.709203009884673,0.7544942429669392,-7.84483917821831,2.7469876072726773,-0.7649949262831344,-0.22397196234764216,-1.7742144936049353,-2.8524971061291877,1.5727496306554243,2.2994382441307066,1.0170440313317504,-0.9633934166473059,3.51840283673301,-3.244271756767244,0.5732040465342703
numHidden 	5
numGenes 	48
seed 	1585869246401
random 	java.util.Random@76fb509a
popSize 	80
maxEvaluations 	20000
minGene 	-3.0
maxGene 	3.0
tournamentSize 	5
crossoverPoints 	1
mutateRate 	0.6
mutateChange 	1.0
mutateRatio 	0.5
mutateRateSmall 	0.2
mutateRateLarge 	0.6
wepMax 	1.0
wepMin 	0.2
expAccuracy 	6.0
minTravel 	0.0
maxTravel 	2.0
neuralNetworkClass 	class coursework.QueenBeeEA
Training Set Training
Fitness 0.008023893087895112