-4.858763614172073,-1.737127730702713,-1.0734648885445583,-3.291404279109873,-2.2150444078618907,1.4801137674345668,-4.242396229594927,-2.920781252157365,-7.5204128755380975,-3.6572282072213014,-8.257977599401755,-3.6298041889582517,6.512729998254333,-8.405103915412944,-5.580979679630553,7.793034065038055,5.868315588064002,-0.9392528680518506,-4.109538159839053,-4.593792318599702,1.3373297482555513,4.832030674785202,0.6757020401056923,2.8367566371832744,-5.572510911217835,-0.6417557337616753,-0.8893158731777859,-6.497645564169027,-0.20241330758864384,-7.398402152589101,-6.165148946281826,5.853484195883711,4.282792558703504,3.088965294178151,4.867759994549628,2.178143953414601,7.058701278210616,-0.2773769464851368,-1.14653330399491,-5.490453354126961,0.2479313669516765,-5.104434765168673,-4.944226082069375,-0.8692761383334489,1.1601599079673521,-0.6293018688823695,3.2456390568319504,2.3559390134222067
numHidden 	5
numGenes 	48
seed 	1585869246401
random 	java.util.Random@76fb509a
popSize 	80
maxEvaluations 	20000
minGene 	-3.0
maxGene 	3.0
tournamentSize 	5
crossoverPoints 	1
mutateRate 	0.6
mutateChange 	1.0
mutateRatio 	0.5
mutateRateSmall 	0.2
mutateRateLarge 	0.6
wepMax 	1.0
wepMin 	0.2
expAccuracy 	6.0
minTravel 	0.0
maxTravel 	2.0
neuralNetworkClass 	class coursework.QueenBeeEA
Training Set Training
Fitness 0.005087356294948417