2.3369465244801138,-2.214381865228601,1.0449630339253364,5.3868214308466635,1.614678720351487,4.49609597506466,1.7588006999328138,6.715286069305765,-2.740668228828665,6.062779375881588,-2.077616159281784,-6.7069824910395415,0.25052089242097164,-1.8516658413779297,-1.4203008380600517,2.072912930337017,-3.4226942632152153,10.569283963255229,0.9191191418521818,-0.309606634735653,0.08049444210812329,-0.7420714713861134,-0.5893431927390234,4.872060129258504,2.147315215551938,-3.8103774579697856,-2.3706704183138214,-1.6737170273820006,-2.2459658499347217,6.581506844044525,2.4979707083749654,3.4598976682668283,0.08887657747426836,-4.395670886278811,-2.0847535596809843,7.669485737953288,-0.5612133017322734,0.22204010133214247,8.904561039151234,3.7975088104022827,0.4122298883289979,-6.995417754537001,1.8940945793503055,5.955101379340768,2.704925478039355,0.6438456708428291,1.564785022410752,-0.3772091368165702
numHidden 	5
numGenes 	48
seed 	1585869246401
random 	java.util.Random@76fb509a
popSize 	80
maxEvaluations 	20000
minGene 	-3.0
maxGene 	3.0
tournamentSize 	5
crossoverPoints 	1
mutateRate 	0.6
mutateChange 	1.0
mutateRatio 	0.5
mutateRateSmall 	0.2
mutateRateLarge 	0.6
wepMax 	1.0
wepMin 	0.2
expAccuracy 	6.0
minTravel 	0.0
maxTravel 	2.0
neuralNetworkClass 	class coursework.QueenBeeEA
Training Set Training
Fitness 0.10711325359445206