-4.382574227544132,3.712191924618031,2.692080544218916,5.834753951012584,1.3875840346628223,-7.8669400060560015,-7.2623540196681535,5.472364860453751,3.111596411193884,-1.9363458003013232,-4.028254052670743,3.1994845953818167,10.222451002541938,5.546613504425061,7.8996861913013605,-0.7234852683401032,-3.2939239835921734,3.658512031325883,-0.47961693035864705,6.6773356483387,2.628265818511272,1.3498615615705418,-0.6647410135376148,3.2266865671499936,5.493994072633181,-2.082123412345327,0.4741123149363202,-0.17445976280911113,2.762939043780401,-0.9018692979467637,-3.25265120376086,1.6390956224365145,-1.1246141529792144,4.952907657609767,0.29603500464525645,-4.079295515275394,-1.620196868577704,-5.504531025614227,1.880393838551238,-3.0917482442742994,1.5661505411703045,-0.34201681896453007,7.5074153021637375,-1.2608687028718384,-1.1678080798967057,1.8829448835334714,-2.4470383881326905,0.0024341276075938723
numHidden 	5
numGenes 	48
seed 	1585869246401
random 	java.util.Random@76fb509a
popSize 	80
maxEvaluations 	20000
minGene 	-3.0
maxGene 	3.0
tournamentSize 	5
crossoverPoints 	1
mutateRate 	0.6
mutateChange 	1.0
mutateRatio 	0.5
mutateRateSmall 	0.2
mutateRateLarge 	0.6
wepMax 	1.0
wepMin 	0.2
expAccuracy 	6.0
minTravel 	0.0
maxTravel 	2.0
neuralNetworkClass 	class coursework.QueenBeeEA
Training Set Training
Fitness 0.008958745469262458