0.9304675883195337,-0.43295992092325,2.3842079398608647,0.09719866831453583,3.8675670215910287,-1.4124942381113073,0.8994909842227488,3.739708918020403,-5.813077462241097,4.615710144988044,-2.9925014234230716,2.796110724975915,-5.971887949735743,-0.5719770848246313,2.8399865191973985,-0.9039556935582844,-1.970698994433111,2.242267569041613,-8.758756574596445,0.3893915569207316,-1.676640921968692,3.9959451670836392,-1.141401295951217,-0.8263759632887506,0.04574101664124175,-1.5281633664756589,1.4997886039036263,-3.2994682356657066,-0.10882310198072886,-0.49518777690558347,2.9026290139500475,1.7779936182896554,3.4573953812553864,-0.3732828546336435,1.9823617650502916,5.574248883876799,-3.7472316859897186,-0.933244304279377,3.4794668749905084,-2.3385762788073636,1.3209442800439795,-3.9771610137699813,2.725651680969101,-6.998132564427402,0.4492041531260842,-0.4450913011446911,-4.021848640042872,0.48514334146719307
numHidden 	5
numGenes 	48
seed 	1585869246401
random 	java.util.Random@76fb509a
popSize 	80
maxEvaluations 	20000
minGene 	-3.0
maxGene 	3.0
tournamentSize 	5
crossoverPoints 	1
mutateRate 	0.6
mutateChange 	1.0
mutateRatio 	0.5
mutateRateSmall 	0.2
mutateRateLarge 	0.6
wepMax 	1.0
wepMin 	0.2
expAccuracy 	6.0
minTravel 	0.0
maxTravel 	2.0
neuralNetworkClass 	class coursework.QueenBeeEA
Training Set Training
Fitness 0.011697015047989683