3.3646968510921464,1.1098341968189338,-2.4112025578870866,4.597208693054908,-3.6677226364950544,-3.3871568812756117,3.53739257142428,-3.829770670862871,-7.285347907114012,2.957680480007566,2.8689232277562766,3.87985031261573,-3.69628957031668,6.867595950887289,-2.309944813144412,-3.940785753774132,3.396182487885481,-1.7537052387352068,-3.499840144709342,6.892150752748312,-1.7242865144046515,1.4946378751970855,-1.6119856410605085,-5.988107995100754,-1.4803535485511565,-8.846223087660771,0.6513389897216868,0.9324686037338816,0.3734073259643029,0.20190427699451652,-1.6178927699222747,0.2429688502172418,2.425280175060431,1.9868097188177298,-1.8970802995175644,1.7457067223937042,-0.9857722575672354,2.9048220491964574,-3.287280327154285,3.6239992395145966,-0.4950688176502327,-2.697888172743925,-3.4946196353352734,0.5228536557949668,4.796494179189745,-1.7044482396222413,-1.2387916531042666,2.3657583130987607
numHidden 	5
numGenes 	48
seed 	1585869246401
random 	java.util.Random@76fb509a
popSize 	80
maxEvaluations 	20000
minGene 	-3.0
maxGene 	3.0
tournamentSize 	5
crossoverPoints 	1
mutateRate 	0.6
mutateChange 	1.0
mutateRatio 	0.5
mutateRateSmall 	0.2
mutateRateLarge 	0.6
wepMax 	1.0
wepMin 	0.2
expAccuracy 	6.0
minTravel 	0.0
maxTravel 	2.0
neuralNetworkClass 	class coursework.QueenBeeEA
Training Set Training
Fitness 0.00990760542579182