-1.2912679903933988,-1.1801802701629374,-2.9280582107386044,-3.8079884972457307,-4.7372116285369525,-3.1622012453064476,-2.0724138685772986,-2.1222723190585997,-4.938611500514716,2.990920070426185,0.32882046284981303,-1.11213743612936,-5.947238214321626,-7.43926629383791,-6.597841147220415,-4.2231960043341905,0.43145060310477223,3.6807963488594693,-4.4013034815592125,0.7503537899520909,0.16436636601622912,-3.9923425023196764,3.8214675818415103,-0.023741310784782144,-4.319518630126895,-0.12442889449280603,-0.7923233111513639,-0.2675578533584897,0.44538990146943647,0.4868715137039221,-0.4988765581321599,0.2863502003941001,-1.3354427768930472,2.0920403028651493,0.9594707046012108,-0.9625100486590457,-0.31388925724003514,2.747155655225545,1.7542124873657405,-3.1126111456911847,3.033674098869364,-3.737617349632724,-4.40709084598384,2.3471322858095887,1.715118046803239,3.842961856614381,-2.7751586056973006,-0.0880991610857409
numHidden 	5
numGenes 	48
seed 	1585869246401
random 	java.util.Random@76fb509a
popSize 	80
maxEvaluations 	20000
minGene 	-3.0
maxGene 	3.0
tournamentSize 	5
crossoverPoints 	1
mutateRate 	0.6
mutateChange 	1.0
mutateRatio 	0.5
mutateRateSmall 	0.2
mutateRateLarge 	0.6
wepMax 	1.0
wepMin 	0.2
expAccuracy 	6.0
minTravel 	0.0
maxTravel 	2.0
neuralNetworkClass 	class coursework.QueenBeeEA
Training Set Training
Fitness 0.008980404040626099