0.4665542837388337,-4.253846036653724,0.692343547870296,-0.349033972004662,-5.208342040943327,0.604369049563739,7.0504844719511315,-0.06844557945742835,7.612972163283602,-2.5955550646568426,-2.6342264503344914,-9.455159309469318,3.0133694911538624,7.463327211556388,-6.977946945840822,5.237208647777897,10.128459433681854,7.3640163739704745,10.318510174400728,-6.565961870024448,4.559008340039586,2.1798010003635415,9.17522816168794,0.6602596838377677,-2.7242036917037415,-2.9559384273507447,-0.752041123779879,0.06913100312745168,-0.671896742663213,-0.33481275810593925,6.861759116220539,-1.7089257010373702,-1.858158020742775,-8.402855645359367,2.5035339647122754,7.211925247647006,1.867249865904549,0.9192627249761838,-1.4185470681537948,4.595062919885132,-3.0814993486814863,6.708154989632006,-2.3153559318565247,7.285345232185445,-5.157063440194336,2.215414424205319,-0.6782680965798242,2.0546183733779984
numHidden 	5
numGenes 	48
seed 	1585869246401
random 	java.util.Random@76fb509a
popSize 	80
maxEvaluations 	20000
minGene 	-3.0
maxGene 	3.0
tournamentSize 	5
crossoverPoints 	1
mutateRate 	0.6
mutateChange 	1.0
mutateRatio 	0.5
mutateRateSmall 	0.2
mutateRateLarge 	0.6
wepMax 	1.0
wepMin 	0.2
expAccuracy 	6.0
minTravel 	0.0
maxTravel 	2.0
neuralNetworkClass 	class coursework.QueenBeeEA
Training Set Training
Fitness 0.009208404886547927