-3.310952272172413,6.473514881661777,0.23129190518919618,1.6044286098896752,2.2470075587949045,-1.3000387859529055,5.900092982378026,-0.7070532702714429,2.610317303294475,-3.358119956472146,-2.409899053919708,6.628654396048816,0.01135221783561417,5.9624187352199804,2.874770757252936,5.89581017090346,4.919567551653231,5.367043859440223,-0.5929534659590209,1.073503584093343,1.455778595606946,1.101441697955053,4.591670843186064,0.04344048597654218,1.5193882517456851,-0.8311287943917187,-0.302903714204506,3.316106447010397,2.780841285390598,0.4256389938402756,3.1778071005664392,3.408421974826833,3.9609097137870055,2.067482652050426,-7.19551730111403,2.341133724719117,-5.455639532704055,3.9040896578944357,0.18376133111947307,2.3215722841485884,-0.7471498857958988,2.56074411648236,1.132865894221708,-5.630343693169209,-5.945848863068076,4.698958724210964,0.3424558004662877,2.648870938270267
numHidden 	5
numGenes 	48
minGene 	-3.0
maxGene 	3.0
tournamentSize 	5
crossoverPoints 	3
popSize 	50
maxEvaluations 	20000
mutateRate 	0.5
mutateChange 	0.9
seed 	1584054348657
random 	java.util.Random@76fb509a
wepMax 	1.0
wepMin 	0.2
expAccuracy 	6.0
minTravel 	0.0
maxTravel 	2.0
neuralNetworkClass 	class coursework.ExampleEvolutionaryAlgorithm
Training Set Training
Fitness 0.007058551427646934