-1.8505188347891826,1.6867326155567928,0.3131889810805985,2.145870786523049,-0.0559374797452254,0.6710282368849714,2.8398653858971032,2.0649878300714692,-2.6432817655476444,-1.9342471192748893,-0.5325601899291771,0.92467396684291,-3.5604963332556108,0.3878602321220132,1.4363058566360913,-0.050445061333190336,-0.307136260669878,-1.8486807650534351,-1.4933387858259564,-0.8629355835493174,-0.7472798709165169,-1.7159710131598735,-2.9359719624615344,-1.431374080524645,1.6304029628511576,1.3743759621424674,0.2154884065729295,1.1008931309028234,1.686881066545589,0.6816662844241502,-2.4112886727664615,-0.3077295286079333,1.2722578442495438,2.266828794681989,1.9829834580685208,1.7690068311082356,-1.470256055790424,-0.9593863065645328,-1.2040628228412458,3.049309202778884,-0.998201128617858,-0.3225936005454003,-0.6409625514154175,3.605348329251245,-2.4635891455166816,2.725200107231631,1.1576557176691402,-0.4512811126721224
numHidden 	5
numGenes 	48
seed 	1586474967912
random 	java.util.Random@76fb509a
popSize 	20
maxEvaluations 	20000
minGene 	-3.0
maxGene 	3.0
tournamentSize 	5
crossoverPoints 	1
mutateRate 	0.4
mutateChange 	1.0
mutateRatio 	0.5
mutateRateSmall 	0.3
mutateRateLarge 	0.7
wepMax 	1.0
wepMin 	0.0
expAccuracy 	6.0
minTravel 	0.0
maxTravel 	3.0
neuralNetworkClass 	class coursework.MultiVerseOptimisation
Training Set Training
Fitness 0.10394625395139073