3.448019824187957,2.9946465567048657,-0.6418965274298171,-1.770741685749017,2.8245924590009954,-0.23173503952172098,0.07616815682805458,1.8354329603412778,-3.495019491946698,2.353050265957529,-2.3274019321716577,1.9669457244053583,0.8341187326465586,2.4684564979102985,-3.2750305613528194,-2.351590263414832,0.5367498000377131,2.843179191381241,2.5721834722739825,0.12735410121562815,3.1020372467382193,2.104332701894789,-3.332701651052967,2.308754050480156,1.0352788014495489,-1.6980229452145232,0.012431618232297163,-2.3226923311557637,1.4519665704354119,1.145419575388047,0.5039671562944458,3.708199570391694,-2.5265947422708046,2.3095540606897,0.04686614491505029,0.8427220308158282,-2.2955117763212156,2.383539817135839,2.088284056976366,0.10564058966450232,-1.2331628069092513,-2.6722468480402615,0.8457463438101254,2.909696302651556,0.19003468185189495,-4.060933206223032,1.2281511916887073,1.9480594779963314
numHidden 	5
numGenes 	48
seed 	1586474967912
random 	java.util.Random@76fb509a
popSize 	20
maxEvaluations 	20000
minGene 	-3.0
maxGene 	3.0
tournamentSize 	5
crossoverPoints 	1
mutateRate 	0.4
mutateChange 	1.0
mutateRatio 	0.5
mutateRateSmall 	0.3
mutateRateLarge 	0.7
wepMax 	1.0
wepMin 	0.0
expAccuracy 	6.0
minTravel 	0.0
maxTravel 	3.0
neuralNetworkClass 	class coursework.MultiVerseOptimisation
Training Set Training
Fitness 0.04668303521440865