0.08445481981661745,-3.7620857966943473,-0.23088734730206467,-1.13170057127138,-2.9855464536880376,-1.9147789382518878,3.667572707104084,1.516122323156231,0.8699425260185909,-1.7141075348969876,1.0961285423722973,3.3450455462347213,2.678671458870071,3.0350403495303566,1.6536199832357288,-3.0899443611712107,0.8387852588411301,0.7998883620963293,-1.1343979186330297,-2.287084633861901,-0.8474316901884783,-2.1124224288203073,0.5697145759820884,2.874340816795351,-0.3788387855458147,-0.5638606117258798,3.3486132952506558,-0.3354831681821911,-0.6594380283557987,-0.2635984987754454,2.598215683294043,-2.8203128034269187,-0.9422145989120302,-0.23370157440448827,2.5978659948967375,1.6205336044480076,3.668007054554777,-2.15076650547831,3.938134488111014,-3.766093229592689,1.1062184590161372,-2.9649433207373304,-3.203903443339646,1.8758234777366027,-2.184218112635349,3.2064287819510233,-3.8170130686722716,-2.8796258916738284
numHidden 	5
numGenes 	48
seed 	1586474967912
random 	java.util.Random@76fb509a
popSize 	20
maxEvaluations 	20000
minGene 	-3.0
maxGene 	3.0
tournamentSize 	5
crossoverPoints 	1
mutateRate 	0.4
mutateChange 	1.0
mutateRatio 	0.5
mutateRateSmall 	0.3
mutateRateLarge 	0.7
wepMax 	1.0
wepMin 	0.0
expAccuracy 	6.0
minTravel 	0.0
maxTravel 	3.0
neuralNetworkClass 	class coursework.MultiVerseOptimisation
Training Set Training
Fitness 0.03257001155498896