-0.5016429025238984,5.105300355251614,2.6317349253562656,-3.798425879265579,2.5173231582156332,3.069332741635567,0.015191200056998458,-1.4567663658973717,-2.6477516636217957,0.9850517438546331,0.9109547993493315,-0.9515236758732981,-2.5370364944190116,-2.229809768310615,0.7083363064871337,3.127245983071687,-2.0373190564667416,1.014204565114423,-0.9849530706699615,-0.5053726857842237,1.3790513031956537,-1.28091815989419,-1.7106594508507595,-1.6333407374136155,1.9062513080491879,-1.9060027915979583,3.9235487368306825,1.334953100544978,-3.2451254259170152,-0.3942117012156966,-1.4211770413842346,2.5209255089579194,1.5941566759312185,-0.35317303008747025,1.7943006868770646,0.5091466461631375,-2.9472465429981045,0.6011315911124683,0.7110314928343752,-0.42918934497558947,-1.7351894247384372,-3.2680194423448845,2.769999697143117,1.0936597442708678,-0.9163239788767757,0.8242450149060678,1.2572874997867494,-2.482304101451646
numHidden 	5
numGenes 	48
seed 	1586474967912
random 	java.util.Random@76fb509a
popSize 	20
maxEvaluations 	20000
minGene 	-3.0
maxGene 	3.0
tournamentSize 	5
crossoverPoints 	1
mutateRate 	0.4
mutateChange 	1.0
mutateRatio 	0.5
mutateRateSmall 	0.3
mutateRateLarge 	0.7
wepMax 	1.0
wepMin 	0.0
expAccuracy 	6.0
minTravel 	0.0
maxTravel 	3.0
neuralNetworkClass 	class coursework.MultiVerseOptimisation
Training Set Training
Fitness 0.1147784839315194