0.1480604714673059,-2.6961148018614143,1.1842109389043323,3.320046699045827,-2.566734190929599,-1.1273022487387574,2.7253476825865324,-2.162626441691494,2.147197004971143,-1.8556272711244617,-0.3224317373171018,-1.3494864473553372,3.0706610433568895,-1.6320264459677343,-2.8495687480802636,0.3575005334197312,1.6302265416329529,-5.753163491618933,3.0084976824796197,-3.8818738833068447,0.4870483617176982,-0.875269934397663,-0.00899327650164415,-0.3841177949562735,-0.48626104870445036,-1.970850436773973,0.3643173322603992,0.522497935209645,-0.39947743718865225,0.02602635518054154,-1.726939742516386,0.8086543837845303,-1.0773872682285452,-1.0664429064811771,3.0281592363945165,2.220629810844131,1.4548952383499145,-1.3379570171729755,-1.462326074843361,2.486321112883228,-0.18144127001650323,1.1410275614371843,-3.4239577854703733,-1.8077654683279556,-1.6300380604232,-1.693197875363201,0.3949483479259559,-1.302913856255207
numHidden 	5
numGenes 	48
seed 	1586474967912
random 	java.util.Random@76fb509a
popSize 	20
maxEvaluations 	20000
minGene 	-3.0
maxGene 	3.0
tournamentSize 	5
crossoverPoints 	1
mutateRate 	0.4
mutateChange 	1.0
mutateRatio 	0.5
mutateRateSmall 	0.3
mutateRateLarge 	0.7
wepMax 	1.0
wepMin 	0.0
expAccuracy 	6.0
minTravel 	0.0
maxTravel 	3.0
neuralNetworkClass 	class coursework.MultiVerseOptimisation
Training Set Training
Fitness 0.02430475742854192