1.3053565578151767,-2.011271016273563,0.9541618768112707,2.817750251220972,0.29892524518728053,2.7051120218253595,-0.44356526808318714,0.9957922010511848,-1.0999144092844122,-3.808483391748629,0.9691458129055978,1.5506314804692254,-0.6289559757614945,1.0868317181083686,0.6607447882480478,3.6960022593309256,-2.2577285996741607,-1.285583041899059,-0.9343879186868309,0.5393878040260209,-2.695701834715211,0.2103503549225561,-1.5818953422970918,0.8010744577326004,-2.4179340544342147,1.8034292856554859,-4.559318160419172,-0.14314303219245209,-0.2522097063430993,-0.9703816004800513,1.2334924758380017,1.981402161179,1.3160723245913357,2.6540165547301537,-2.1231103902971045,1.24442839297977,-0.3103467689840093,0.33207536552252986,2.1593127371332828,2.6394771473359553,-5.1307835459185895,-1.5504613032954835,-1.5727270447718065,0.458437071411937,1.5080614508686634,0.9599277772387703,1.4211802105004263,3.3577096036278244
numHidden 	5
numGenes 	48
seed 	1586474967912
random 	java.util.Random@76fb509a
popSize 	20
maxEvaluations 	20000
minGene 	-3.0
maxGene 	3.0
tournamentSize 	5
crossoverPoints 	1
mutateRate 	0.4
mutateChange 	1.0
mutateRatio 	0.5
mutateRateSmall 	0.3
mutateRateLarge 	0.7
wepMax 	1.0
wepMin 	0.0
expAccuracy 	6.0
minTravel 	0.0
maxTravel 	3.0
neuralNetworkClass 	class coursework.MultiVerseOptimisation
Training Set Training
Fitness 0.031707851776838304