0.06534420121045656,1.07328541842482,-1.271260220871661,-3.488070425276049,2.5786385733566632,3.8659282914080055,-2.0145801221215316,-0.3610472239349411,-0.9286705283798941,-1.6848964757751181,0.046145565940871464,0.9022643550545822,0.4155821227023263,-2.4800244499137065,-2.1199665917831734,3.9062152966117467,3.812734542451607,0.43931735360285595,-0.37695462162241955,-3.588325031300425,0.6296831510444479,0.7741647446244643,1.2609419916773075,0.12834276858010607,-4.155541694464396,-0.06950343054485403,2.383057531731634,-3.0790852670716142,0.7484723214694846,-3.50953058347153,-3.025791343867699,-0.6624400069351593,3.6541633641513473,1.779798282915441,0.6408392207789697,-1.8138320363593987,1.2195954323702738,1.9588475879692713,-1.1297253369120803,-1.078745126873242,2.075414151963691,0.07864073016855697,-1.3409922462348143,1.84333017706796,0.39213531764409215,-0.9661653466167037,1.9034824983021266,0.6866917315966268
numHidden 	5
numGenes 	48
seed 	1586474967912
random 	java.util.Random@76fb509a
popSize 	20
maxEvaluations 	20000
minGene 	-3.0
maxGene 	3.0
tournamentSize 	5
crossoverPoints 	1
mutateRate 	0.4
mutateChange 	1.0
mutateRatio 	0.5
mutateRateSmall 	0.3
mutateRateLarge 	0.7
wepMax 	1.0
wepMin 	0.0
expAccuracy 	6.0
minTravel 	0.0
maxTravel 	3.0
neuralNetworkClass 	class coursework.MultiVerseOptimisation
Training Set Training
Fitness 0.013312667739015334