-1.4953295980337027,-1.4132495167806116,-0.5689980756741663,1.7988687032721689,0.054851549064099205,-1.196499541842634,-2.9189919827853434,-0.4048206504574929,-1.2583835519935513,-0.06851733758903927,2.8320510160769707,0.6840910090197472,-1.8150237944481387,0.7991528144634042,1.192647078268056,3.42813014720788,-2.592579446155023,3.3777804675248078,-1.3056520200415185,2.0781877951895504,-0.09319096058481136,0.412428493070143,-2.7943643762462878,2.7739956981440868,-0.26996142217279506,0.35374959275012624,0.4341740252684918,-1.4867010452872842,-0.22694978934385804,2.245166474747365,-1.3980225755230085,-0.5149841755338249,0.4391942161788413,-0.5875676518877999,0.7720920822242691,-0.607066956371969,-2.302048778575707,-0.7333442467216096,0.843550166582578,2.3622291988892963,-0.5551077867456921,-0.12295805552811452,3.8427780487380874,-2.2846827269961087,-1.4949702229347723,1.6547599532687958,1.6191760250690568,2.3616716888968416
numHidden 	5
numGenes 	48
seed 	1586474967912
random 	java.util.Random@76fb509a
popSize 	20
maxEvaluations 	20000
minGene 	-3.0
maxGene 	3.0
tournamentSize 	5
crossoverPoints 	1
mutateRate 	0.4
mutateChange 	1.0
mutateRatio 	0.5
mutateRateSmall 	0.3
mutateRateLarge 	0.7
wepMax 	1.0
wepMin 	0.0
expAccuracy 	6.0
minTravel 	0.0
maxTravel 	3.0
neuralNetworkClass 	class coursework.MultiVerseOptimisation
Training Set Training
Fitness 0.10192582018481297