-3.032709550740521,1.374794277083083,-3.17415531617678,1.3922312273286477,-1.0066470920865693,1.0826339194358257,0.48410797326900296,-3.7753084523146465,0.6297975346558031,-2.819839563943325,-1.3192662828963528,0.7333611634539356,-1.421131467259578,-0.7846892603754563,-2.5308891479490208,-0.9196158201065918,1.5486948990850051,0.3605995943356372,3.6479305291942667,-1.4260874363241913,1.822937637238095,1.7168105756290775,-1.4375973019016601,-2.5189992107967445,-1.082140674751242,-1.4613642396552318,2.366472465803761,-2.178694137099326,0.9127193838977391,2.1197496264085083,-0.6915972235433476,0.7154649856626067,0.7226157888485261,0.5649681583479035,-0.892257006020871,-0.8038231195390111,-1.0542032367546361,1.448455379670729,-0.960299193669871,-2.8131716161476983,-0.7605205462127562,1.311837198867197,-0.13505449510559628,3.9206015872039357,-1.154047595705188,-1.4003978280432674,-0.3248177799515119,1.0701768478865685
numHidden 	5
numGenes 	48
seed 	1586474967912
random 	java.util.Random@76fb509a
popSize 	20
maxEvaluations 	20000
minGene 	-3.0
maxGene 	3.0
tournamentSize 	5
crossoverPoints 	1
mutateRate 	0.4
mutateChange 	1.0
mutateRatio 	0.5
mutateRateSmall 	0.3
mutateRateLarge 	0.7
wepMax 	1.0
wepMin 	0.0
expAccuracy 	6.0
minTravel 	0.0
maxTravel 	3.0
neuralNetworkClass 	class coursework.MultiVerseOptimisation
Training Set Training
Fitness 0.03537948213693598