-2.163050897761134,2.460306495351069,-2.9274202549744337,-0.4884645812731258,-2.7560880821625946,2.8186814987152258,0.41976174586891557,-1.0429595086686247,2.3070984092627485,-5.137002274285965,3.7078964604905535,0.14827128773906825,-2.3638339909565746,-0.6217678605891088,-2.6725094613499416,-1.3578000466061584,2.7060187722246543,1.7519727164875443,3.9336266383541783,0.9562752702693736,-2.0587921029787766,-5.558959130149236,-1.555229666937103,0.8865162217722296,0.41208263224887554,-3.241134608106976,1.753337174325494,-1.8816255475325503,-0.40242598241743255,1.9383281739341047,-1.0113672896188117,1.5027262166691966,-0.7190331930237445,4.786775332865506,3.247834358946918,1.0363296715496741,1.4244639341250034,-0.3103726587334642,-0.24211865766015994,-2.1033299600036344,-0.5083320182628358,1.909962663440484,2.4632731051755927,3.971645840041615,-0.555407855068656,3.1436261866994992,1.9795323588652092,-0.7338779339684616
numHidden 	5
numGenes 	48
seed 	1586474967912
random 	java.util.Random@76fb509a
popSize 	20
maxEvaluations 	20000
minGene 	-3.0
maxGene 	3.0
tournamentSize 	5
crossoverPoints 	1
mutateRate 	0.4
mutateChange 	1.0
mutateRatio 	0.5
mutateRateSmall 	0.3
mutateRateLarge 	0.7
wepMax 	1.0
wepMin 	0.0
expAccuracy 	6.0
minTravel 	0.0
maxTravel 	3.0
neuralNetworkClass 	class coursework.MultiVerseOptimisation
Training Set Training
Fitness 0.050585842151584876