1.452800582525753,3.9522966394998265,0.312029000704335,-0.1413311506591799,-1.3726462873963163,-4.2965936489706,-0.15570937164825852,-2.3267551977057592,-2.2924296184252966,-3.536362566133045,-1.1586197324504566,0.3062137835410566,0.38211884063113044,1.7084298087649743,-3.3018997979890132,-4.034715983853995,2.2544142730422974,-2.8163006117247353,1.2770443301629353,-0.7127723580201123,-2.972644080630041,-4.145314700780872,-1.0000722668214075,-1.533373980803459,1.318828063771485,1.0691091555857064,0.5085461855023669,-0.22410199637001263,2.9400251726659374,1.4533197222635115,-1.1902058158000879,-1.0179004264096507,-1.6788350276706934,0.22429115572998745,-1.9284884699501996,0.8853951821522714,-3.5563442952827726,-3.6459743423894917,-1.5139178261087982,-0.725243069029253,-1.976254496610814,-0.5089510533854915,-2.1945042495113403,0.22390164151169079,2.6350298169290967,1.3201536861701944,-2.3412414992865247,-1.4961347395222568
numHidden 	5
numGenes 	48
seed 	1586474967912
random 	java.util.Random@76fb509a
popSize 	20
maxEvaluations 	20000
minGene 	-3.0
maxGene 	3.0
tournamentSize 	5
crossoverPoints 	1
mutateRate 	0.4
mutateChange 	1.0
mutateRatio 	0.5
mutateRateSmall 	0.3
mutateRateLarge 	0.7
wepMax 	1.0
wepMin 	0.0
expAccuracy 	6.0
minTravel 	0.0
maxTravel 	3.0
neuralNetworkClass 	class coursework.MultiVerseOptimisation
Training Set Training
Fitness 0.01719642598887704