0.7859446484068484,1.3632488700182943,-0.8791181284743779,2.9888951621924744,-3.1696576462869155,-3.655636617145044,0.7932566726074035,-1.005992736032188,2.461294339579995,-1.780727077637815,2.041895966613942,2.6154552253564773,-3.4219028192926366,0.7010646173236266,-1.8046402644508617,-3.3358591611699806,1.375308644111331,1.3764661778313512,-3.2555889993284337,-1.1171677108977516,1.9229828636617645,-2.941674571549851,2.770581042932955,3.3101015975557697,1.8589312228528652,0.5085791167641398,-1.6689631323547243,0.06697990479164062,-1.9836740170641143,-0.5304275754847705,1.4850192572289431,-2.3944280537148024,-1.2616390562248476,-2.2629639623086852,-1.4390466221127511,-1.9623598484545477,-4.17041055485478,0.25984385478563166,-1.4524528644649184,-1.679716443766491,-1.9867142592038403,-0.9929660199795709,2.629782709669805,4.505963011926142,-0.7860523399228132,4.128115909721829,2.4066392217632053,-0.658583315449845
numHidden 	5
numGenes 	48
seed 	1585505121217
random 	java.util.Random@76fb509a
popSize 	100
maxEvaluations 	20000
minGene 	-3.0
maxGene 	3.0
tournamentSize 	5
crossoverPoints 	1
mutateRate 	0.05
mutateChange 	0.5
mutateRatio 	0.5
mutateRateSmall 	0.1
mutateRateLarge 	0.8
wepMax 	1.0
wepMin 	0.2
expAccuracy 	6.0
minTravel 	0.0
maxTravel 	2.0
neuralNetworkClass 	class coursework.ExampleEvolutionaryAlgorithm
Training Set Training
Fitness 0.10043631275872607