-1.380545709913393,-0.7578206597524217,-1.1019501340229731,-0.9010804837409623,1.7891725388394857,3.020022079641035,2.5097757082230174,-1.7378526591931243,1.6617060640753705,1.7257472066429926,-1.8253840564634594,-0.6342829516946236,-1.7911009731993475,-1.3505755351360724,-3.680979369713511,1.2488410561866923,-1.3302103719285783,-4.421305395521976,-1.0292313449462858,0.2791268724370717,-1.052376714424549,0.03275338398666161,-0.024168023625694035,-1.0869053050440258,-1.5967613320640182,-0.8533114233386767,-2.602804750681581,1.4703330402504005,1.3738974034668883,0.5964094028255515,2.527867402877246,-2.867911872593769,2.518378169458667,-1.6898592907466894,-0.8509440620485869,-1.3984320642700032,0.1527982675998425,1.5585399790239283,-3.683881713483917,-0.7107994409281284,-0.9115756989737154,2.346470862167415,1.0596800223304448,2.9175602408191317,0.3852308512387408,2.269701794387708,1.6139190882973793,-0.47533943551792124
numHidden 	5
numGenes 	48
seed 	1585505121217
random 	java.util.Random@76fb509a
popSize 	100
maxEvaluations 	20000
minGene 	-3.0
maxGene 	3.0
tournamentSize 	5
crossoverPoints 	1
mutateRate 	0.05
mutateChange 	0.5
mutateRatio 	0.5
mutateRateSmall 	0.1
mutateRateLarge 	0.8
wepMax 	1.0
wepMin 	0.2
expAccuracy 	6.0
minTravel 	0.0
maxTravel 	2.0
neuralNetworkClass 	class coursework.ExampleEvolutionaryAlgorithm
Training Set Training
Fitness 0.1215321633358424