1.7541828234067252,-2.885234366517604,-4.352371432783309,1.0921083961755773,1.4715894266433298,0.9586161252847241,-1.3832165279561368,-0.8298061052724011,1.7130597518382977,-0.12272678880345556,0.8936045498274012,0.5668848398428925,-1.0865227477487531,2.2928616034292295,-4.6916642419421954,-2.0043477773313723,-0.6036111879948911,-0.2610968627762693,1.1968194406491168,0.5165124187369616,-1.534661571625687,2.0211215196609995,0.7761753859733602,-2.5164879796302486,-2.6223985478499996,-3.7162038073539287,-3.8095386178129425,2.997685138522537,0.8379354955493152,-1.4940487196318117,-0.32112610894162685,-0.665357819517606,-0.4596102701439797,0.2885077034194161,-1.7883257415182898,-0.2585420394423563,2.5827617719941607,-1.3951229337748996,2.5170815946433667,-1.4899256819513322,-3.5533245599952203,0.2068420877631274,1.2047008438774287,-1.356227343112054,1.0577739032224436,0.9277892969187187,0.65807488404718,-2.22828202775354
numHidden 	5
numGenes 	48
seed 	1585505121217
random 	java.util.Random@76fb509a
popSize 	100
maxEvaluations 	20000
minGene 	-3.0
maxGene 	3.0
tournamentSize 	5
crossoverPoints 	1
mutateRate 	0.05
mutateChange 	0.5
mutateRatio 	0.5
mutateRateSmall 	0.1
mutateRateLarge 	0.8
wepMax 	1.0
wepMin 	0.2
expAccuracy 	6.0
minTravel 	0.0
maxTravel 	2.0
neuralNetworkClass 	class coursework.ExampleEvolutionaryAlgorithm
Training Set Training
Fitness 0.109930192052608