-0.31028603905323804,-2.3402751233810877,0.4947875667202628,2.5061191804214094,2.0395435424330977,2.162270675628019,2.4114391626248963,2.245283328168945,0.9902591199510571,1.5542766667453076,5.152814909829031,-1.6613704381414742,0.7443512828639829,-0.6843212125358691,-2.563966396451634,-1.1108667363663844,-0.09084807368789072,0.945427340839351,2.5596097856234508,-2.4757315985313397,-1.2501446124472833,-0.6293689111602472,-0.09017779143441595,-2.033111129754623,-2.1858428999866035,-2.3964760913631924,0.27497079582306894,2.7115656263362773,2.6247568082926698,2.831574038471727,-0.19803143855169658,-2.159716009236657,0.892285951857084,1.3792631230447565,1.670532535675168,0.7732352302691115,-1.8299873668629631,0.33206396127381677,1.020282874477683,1.3438005840533473,1.2825865137392194,2.1527386124427377,1.6418727087388971,-2.1541934607405695,-2.869587910497354,1.459657852009577,0.8241920396618001,-0.04495944798419149
numHidden 	5
numGenes 	48
seed 	1585505121217
random 	java.util.Random@76fb509a
popSize 	100
maxEvaluations 	20000
minGene 	-3.0
maxGene 	3.0
tournamentSize 	5
crossoverPoints 	1
mutateRate 	0.05
mutateChange 	0.5
mutateRatio 	0.5
mutateRateSmall 	0.1
mutateRateLarge 	0.8
wepMax 	1.0
wepMin 	0.2
expAccuracy 	6.0
minTravel 	0.0
maxTravel 	2.0
neuralNetworkClass 	class coursework.ExampleEvolutionaryAlgorithm
Training Set Training
Fitness 0.10552984824827012