-1.4552712942581456,2.4149243982494317,1.5217182599461676,2.1866544295935917,1.5425400005222238,-0.9351802267889147,2.7990046295898052,-3.2735715601140543,2.6758775025063155,1.157364015203585,-3.8799844305330873,0.41932494367022866,1.1091718664290537,1.177329633795254,-4.3993569307824485,-1.3686239856801619,-0.3455096893610705,-1.9073867584708017,3.231488683071616,-1.8991936410080479,1.849727384476826,-2.343610858653611,2.431343381831377,-1.0246465980069794,4.321443203328749,1.4338834140257113,2.2884641851188317,0.8625543358624097,1.9264874874313378,2.356376750662239,-1.3984943263802307,2.035030791108605,2.460287021287236,-0.06592134376320669,-1.1840598178067054,2.6183462771441643,1.4209953484504192,-2.66271326873336,-2.5620589637053124,0.7120579512692959,-1.261379819919351,-0.4283331697354589,-2.105990549563923,1.808163658922176,-1.2043884013574255,1.9052373227083788,0.5213325547530663,-1.5825227869357907
numHidden 	5
numGenes 	48
seed 	1585505121217
random 	java.util.Random@76fb509a
popSize 	100
maxEvaluations 	20000
minGene 	-3.0
maxGene 	3.0
tournamentSize 	5
crossoverPoints 	1
mutateRate 	0.05
mutateChange 	0.5
mutateRatio 	0.5
mutateRateSmall 	0.1
mutateRateLarge 	0.8
wepMax 	1.0
wepMin 	0.2
expAccuracy 	6.0
minTravel 	0.0
maxTravel 	2.0
neuralNetworkClass 	class coursework.ExampleEvolutionaryAlgorithm
Training Set Training
Fitness 0.03657883168819421