0.3176324825234431,-0.5614338429356893,-1.5058102454128426,3.4006939912933953,-2.7309574746849163,2.1815140680495038,2.598691306084498,1.5036664361049814,0.08512559123005747,-1.5383394453088117,1.0844874134935631,0.5990118464204226,1.5479163411320638,1.0603574080836555,0.49148658434946135,-1.9132506164963266,3.346753289434748,1.1489892279564593,0.004943950747154702,-2.5465024702831043,-0.5219533107653467,-0.20352553721912336,-0.9304697115034499,-0.10756850590753864,-0.4445543542790613,-0.31127610011490314,-0.12871044879303106,2.3434186879835153,3.398017925827233,-3.2466447718171163,-1.6724419537794506,1.2550318091908608,-1.081645094551904,-0.4158654872296923,-2.1520289578944007,3.2900559154168683,1.9243098306910085,1.698286120170561,0.19022348363840713,0.5535307150676383,-1.0226256418908464,-1.2640154129762469,-2.767697853075366,-1.6959303613959693,0.3511960360144375,-3.413649518111913,0.616240122761953,0.6473890780093141
numHidden 	5
numGenes 	48
seed 	1585505121217
random 	java.util.Random@76fb509a
popSize 	100
maxEvaluations 	20000
minGene 	-3.0
maxGene 	3.0
tournamentSize 	5
crossoverPoints 	1
mutateRate 	0.05
mutateChange 	0.5
mutateRatio 	0.5
mutateRateSmall 	0.1
mutateRateLarge 	0.8
wepMax 	1.0
wepMin 	0.2
expAccuracy 	6.0
minTravel 	0.0
maxTravel 	2.0
neuralNetworkClass 	class coursework.ExampleEvolutionaryAlgorithm
Training Set Training
Fitness 0.12829917749598074