-0.31429185695050466,-2.3040824287905934,-0.5547747527335813,-2.1942104749444145,1.959994463157349,0.5500991960336874,1.5131943081097328,-0.07268225849845855,3.9638467548150436,2.211827235766668,-1.6564222225303453,-1.8709431047642298,-4.663549258533186,-1.7907403961772264,0.4996962852718698,3.4500845450068276,-1.912747447532415,-2.1494949772509346,2.552113704046823,-0.7164043347857456,0.8906872774827512,1.635894488162879,0.0032085316885799298,-1.9377082702453976,-3.027296370185277,-2.9387391271626164,1.5527902189160931,0.4753273387289494,-0.18775443923882063,0.026596254610246728,-1.2889531215479324,-1.1628892308923966,-0.49430405706664216,3.417802350335524,1.8848197464407024,-1.8417687534383074,0.020953441748553736,1.753886443043971,-0.9670036183006196,-1.6101709643172928,-0.08575048610491187,2.011231967572108,-0.1462623410493027,-2.4896734055900733,1.5929897581967634,-4.778425947563017,-3.985357917908625,2.037465547887627
numHidden 	5
numGenes 	48
seed 	1585505121217
random 	java.util.Random@76fb509a
popSize 	100
maxEvaluations 	20000
minGene 	-3.0
maxGene 	3.0
tournamentSize 	5
crossoverPoints 	1
mutateRate 	0.05
mutateChange 	0.5
mutateRatio 	0.5
mutateRateSmall 	0.1
mutateRateLarge 	0.8
wepMax 	1.0
wepMin 	0.2
expAccuracy 	6.0
minTravel 	0.0
maxTravel 	2.0
neuralNetworkClass 	class coursework.ExampleEvolutionaryAlgorithm
Training Set Training
Fitness 0.03141841717296728