-0.35499391424081495,3.24155899703549,-1.5975183247828069,0.6372697116291306,0.8079851659561497,-3.9896880654920874,1.3064763657983711,-1.219555570987442,-2.01034688389093,-3.1323480372192565,-1.4115412086372812,0.4936094588757456,2.110924442913224,-1.8671401807513424,1.9375023179809636,2.6117730047433776,2.6584632410826092,-0.43840545345348225,0.9752104720286505,-0.11685355188354185,2.83988080753305,-0.42628804443520263,2.6364039869637983,1.5786173700175459,-0.6072829466032075,-3.2080187561653553,2.9914547160858556,1.0364765149080366,1.5763996670346883,-2.3022409314059216,-0.49435175182134383,-2.4958039979179327,-1.2747581504677232,3.085708024763421,-0.5556832872367172,2.893579772956122,-1.392221102852683,-0.16400761681696618,-2.4217875368218014,-2.6679568134417058,0.398254327763512,-1.376027085889587,0.49044302671304685,-0.21863357508020975,-0.2435837054940646,1.4554085235990426,-1.2584061071383017,-1.2900189556647366
numHidden 	5
numGenes 	48
seed 	1585505121217
random 	java.util.Random@76fb509a
popSize 	100
maxEvaluations 	20000
minGene 	-3.0
maxGene 	3.0
tournamentSize 	5
crossoverPoints 	1
mutateRate 	0.05
mutateChange 	0.5
mutateRatio 	0.5
mutateRateSmall 	0.1
mutateRateLarge 	0.8
wepMax 	1.0
wepMin 	0.2
expAccuracy 	6.0
minTravel 	0.0
maxTravel 	2.0
neuralNetworkClass 	class coursework.ExampleEvolutionaryAlgorithm
Training Set Training
Fitness 0.10303011835169372