4.457648913573099,1.9362752329480883,1.6305975854199248,-0.5596656465992538,-1.5991515908245413,-2.3424811936042698,-0.8954210131096749,-1.642516428966828,-0.9492304317708453,-2.1864832913148704,3.3430970816105523,1.108836477138726,1.6490925502394793,-0.2900615013852965,-2.0267798703477347,0.3038212900041426,-1.5256454366132317,2.271027758106807,-2.951879287677114,-3.1734072274329073,-1.3093698122840987,3.3979656045402358,-3.2890135471482216,2.7833313126450623,-3.477053397564542,1.5747918151647013,-0.4025000709006403,1.7366180052584754,-2.5072296799256266,0.5660579512246642,1.2092488153286371,0.9685252542184788,-0.820674614564358,2.454690167839053,1.4415995402561164,-2.1128922249025277,-2.8575761034192864,-5.389669395395902,0.3382366041057412,-2.498475102357231,0.24991199297425304,-2.042275048565192,-0.5292525036130957,2.6390753089091517,-2.802244013350256,-2.868476820593221,1.6052991561892291,-1.7370338303913242
numHidden 	5
numGenes 	48
seed 	1585505121217
random 	java.util.Random@76fb509a
popSize 	100
maxEvaluations 	20000
minGene 	-3.0
maxGene 	3.0
tournamentSize 	5
crossoverPoints 	1
mutateRate 	0.05
mutateChange 	0.5
mutateRatio 	0.5
mutateRateSmall 	0.1
mutateRateLarge 	0.8
wepMax 	1.0
wepMin 	0.2
expAccuracy 	6.0
minTravel 	0.0
maxTravel 	2.0
neuralNetworkClass 	class coursework.ExampleEvolutionaryAlgorithm
Training Set Training
Fitness 0.03772973777224847