-3.5241156186827483,-0.6471906619792103,-0.2395801235691568,-2.3041747438656976,0.12291957097179207,-0.09930147191898575,1.503193271441969,-1.2523391614741948,-2.426105896437939,-1.9703433004112787,-1.8580775256981679,0.49588709281940835,1.4789044314258435,-2.1067202467397035,0.16718337075583278,2.4512795215506653,-1.0647985357203333,-1.4849168038740883,1.3153111449814787,-3.8740746572427254,-3.081583058940148,-1.3299905090580122,1.8424153196474684,1.4892209867280464,1.841394203923791,1.5565787910392395,-0.2175870440667964,-0.6688958937612004,2.5600906393047325,2.2312520034156007,-0.953300749322807,-0.2047660959970523,-0.33218484735565124,0.5146097738861419,0.8039542813930014,3.475439462624137,-1.598379203760989,1.6530392692428215,-2.498798399767999,1.15971552787376,0.016232377610131188,-1.0387533942009857,0.2846206916963361,0.4225664660129822,-2.9929596963845118,0.7250749903882934,2.134264063713906,1.8035329238878708
numHidden 	5
numGenes 	48
seed 	1585505121217
random 	java.util.Random@76fb509a
popSize 	100
maxEvaluations 	20000
minGene 	-3.0
maxGene 	3.0
tournamentSize 	5
crossoverPoints 	1
mutateRate 	0.05
mutateChange 	0.5
mutateRatio 	0.5
mutateRateSmall 	0.1
mutateRateLarge 	0.8
wepMax 	1.0
wepMin 	0.2
expAccuracy 	6.0
minTravel 	0.0
maxTravel 	2.0
neuralNetworkClass 	class coursework.ExampleEvolutionaryAlgorithm
Training Set Training
Fitness 0.126503791126985