-0.5000249414241846,1.4524232440714862,0.11336648493334689,-0.8764686819873719,-1.3308379112691675,-1.2525673262525137,-1.3634042909124635,2.8287243246211364,-2.2994957472468465,1.675999128093978,3.619908230244203,-2.7190554512567258,-1.0700373819251787,-0.4500882060977638,-3.8695639417063474,1.3974296604048666,1.4939664572851683,2.2094577791851258,1.9199435455548084,-3.78738544525409,-1.6616886317372037,1.8939773869214047,-2.561701893761869,-2.8779528685930114,-2.7191280204793338,-0.5080071946011082,3.9364248065146716,-0.11063192163131852,2.1655080057650435,-1.4767986091456364,-0.09700455689049026,0.9233050845742312,1.874994910020222,-2.0514962019057084,2.8727990134211367,-0.1285762982440133,0.6271130440740276,1.760906855092018,3.9158180249220544,1.8006180527925686,-1.8150228952252152,-1.0383933807158723,-1.9753576203005148,-2.7191599494965546,0.6210103952167998,3.6741394534468323,2.9510932680089432,1.6113824388171363
numHidden 	5
numGenes 	48
seed 	1585585340532
random 	java.util.Random@76fb509a
popSize 	80
maxEvaluations 	20000
minGene 	-3.0
maxGene 	3.0
tournamentSize 	5
crossoverPoints 	1
mutateRate 	0.1
mutateChange 	0.5
mutateRatio 	0.5
mutateRateSmall 	0.1
mutateRateLarge 	0.8
wepMax 	1.0
wepMin 	0.2
expAccuracy 	6.0
minTravel 	0.0
maxTravel 	2.0
neuralNetworkClass 	class coursework.ExampleEvolutionaryAlgorithm
Training Set Training
Fitness 0.11105457879505726