-1.9375643847107282,-1.3075910253892713,-3.41050872723795,-0.6854915866620646,1.02607051118666,1.7192836015830508,-0.29379014099993217,-1.4796633982495093,-0.3349730687058976,0.9804666300772178,-3.2722233710764224,-0.823198111829802,2.5796260013636614,-0.8508467843017347,2.065658202325711,1.5822324555914404,-0.6445113425843032,2.415209165290233,-1.5202272341291327,0.60993297850928,0.27152360041856394,-0.7046670948558065,-2.1192062500644653,0.49411352382977913,-2.824896398305375,-1.077255223012752,-2.472897181352514,-1.166638959241154,2.856213413711499,0.7767962987515533,-1.9429863128070533,-1.4064488736724314,2.432254240457337,-0.6882309106480271,0.864752768419633,-0.28024199601637,-0.784144500846824,-0.6995216085147078,-3.0717124839622834,-2.074291194440661,-1.268595549422915,1.0110278266764334,-1.0157919989723403,-2.6241963043635415,2.426864313580185,-0.1747051737852816,1.9194703629383891,-2.691282675101978
numHidden 	5
numGenes 	48
seed 	1585585340532
random 	java.util.Random@76fb509a
popSize 	80
maxEvaluations 	20000
minGene 	-3.0
maxGene 	3.0
tournamentSize 	5
crossoverPoints 	1
mutateRate 	0.1
mutateChange 	0.5
mutateRatio 	0.5
mutateRateSmall 	0.1
mutateRateLarge 	0.8
wepMax 	1.0
wepMin 	0.2
expAccuracy 	6.0
minTravel 	0.0
maxTravel 	2.0
neuralNetworkClass 	class coursework.ExampleEvolutionaryAlgorithm
Training Set Training
Fitness 0.059610472678923165