2.297886832429456,1.2917574538435161,-4.4040977347997545,1.914938795159336,-4.111982296795191,-2.3185066090789244,-1.8745152345126654,-0.0801608488658836,1.6514433527738828,2.363570476653936,-0.23737966122298282,3.420450391742232,-0.4507693521852083,0.9372204744156316,-4.066274907183889,-3.2861070283581277,-2.321642356548529,2.9129804430646127,1.3608455021512942,-3.9889171401057983,-2.800716916692696,1.4244125205738074,-1.336229318655132,1.56445359683108,2.383069921313198,0.4438146532665215,-0.169321993246367,0.5528757842351641,-0.6401714366534459,-0.5631738651275398,0.5905299895485516,-1.7325858533305696,-2.981919219703604,3.960866084369469,-2.026767736203838,-2.7489732673189984,-1.438886648870632,-0.026492551945382026,0.2497222734734592,1.7599215929527205,-1.8514642582578613,2.2073000302573202,-3.5383745360122676,0.4214607369887142,-2.16559521953955,0.3980923781023389,-0.9756965020861454,0.48405694628245755
numHidden 	5
numGenes 	48
seed 	1585585340532
random 	java.util.Random@76fb509a
popSize 	80
maxEvaluations 	20000
minGene 	-3.0
maxGene 	3.0
tournamentSize 	5
crossoverPoints 	1
mutateRate 	0.1
mutateChange 	0.5
mutateRatio 	0.5
mutateRateSmall 	0.1
mutateRateLarge 	0.8
wepMax 	1.0
wepMin 	0.2
expAccuracy 	6.0
minTravel 	0.0
maxTravel 	2.0
neuralNetworkClass 	class coursework.ExampleEvolutionaryAlgorithm
Training Set Training
Fitness 0.004452581932272818