0.10720163586896447,-5.137272701872058,-2.9148641567463516,-1.4837454110930635,-1.0030679320021854,-2.2706494764726015,-2.061921956883552,-2.9712175032886226,2.889639926902446,2.6205680749134848,0.10776371720793998,-5.38073570776622,0.8892553225986104,5.885203567926942,-3.2211272149505072,-3.500268308953899,-1.2644011596252978,2.201686900120154,4.761534099577635,2.1440172178056844,2.7726155215319235,1.7453094706089356,1.2015794505757382,-1.7688932950166434,0.2184993701261897,-1.0324452815408038,0.6043018630147792,2.3450939813860705,-0.3004486416862009,1.3579962830220849,-2.6567621797719294,0.10174891034045164,-2.06429611150444,-1.8349300041422847,7.258224194829955,0.5625542406832063,4.132638646185441,-2.525304960636028,-2.195668394240976,-1.7348193684652866,-3.1790316448449283,1.2555138655915838,-0.060656919615193594,1.85580758701333,-1.3553779090649272,1.6860525449310968,0.36998328473674746,2.0830053328571783
numHidden 	5
numGenes 	48
seed 	1585585340532
random 	java.util.Random@76fb509a
popSize 	80
maxEvaluations 	20000
minGene 	-3.0
maxGene 	3.0
tournamentSize 	5
crossoverPoints 	1
mutateRate 	0.1
mutateChange 	0.5
mutateRatio 	0.5
mutateRateSmall 	0.1
mutateRateLarge 	0.8
wepMax 	1.0
wepMin 	0.2
expAccuracy 	6.0
minTravel 	0.0
maxTravel 	2.0
neuralNetworkClass 	class coursework.ExampleEvolutionaryAlgorithm
Training Set Training
Fitness 0.09702422514921291