-1.0638585096714386,1.355498665483001,3.167930825885975,1.6214671820708388,1.0188717272752665,-2.9996009761478213,-0.44427103442407745,0.1962107848883865,1.2264718553474505,-1.031106933192202,3.2244564959409434,-1.641729047212209,5.763584936765073,3.083984519913061,0.1210301513335148,-3.335337081823005,2.89835198212566,2.6047080116479764,2.021619246088086,0.10063739117686765,-0.06870151757692256,-1.4642653717271088,-0.3277285176523135,0.3801645376020213,1.1111514748909785,1.9058491346020636,-2.946436153124271,-0.13287807563406417,-0.776531145694549,-0.4109048944812477,3.358928767633091,1.4391434933766973,-2.1233232812029588,-0.7799574409172791,3.307931834252603,-0.0030458712231689056,-2.499652493936038,-2.270759787199599,0.749761365236262,0.39036464459303044,-0.251716506562607,0.687021358764909,-1.25571850574722,0.32537748633807784,-2.7763028105007317,2.3317462311398796,1.6744982914294724,0.7069894170006208
numHidden 	5
numGenes 	48
seed 	1585585340532
random 	java.util.Random@76fb509a
popSize 	80
maxEvaluations 	20000
minGene 	-3.0
maxGene 	3.0
tournamentSize 	5
crossoverPoints 	1
mutateRate 	0.1
mutateChange 	0.5
mutateRatio 	0.5
mutateRateSmall 	0.1
mutateRateLarge 	0.8
wepMax 	1.0
wepMin 	0.2
expAccuracy 	6.0
minTravel 	0.0
maxTravel 	2.0
neuralNetworkClass 	class coursework.ExampleEvolutionaryAlgorithm
Training Set Training
Fitness 0.09478742961284209