-1.6577169770138498,1.2799510208505707,2.353324899696827,1.5686038204199164,-2.416255002619194,2.7349789871922026,0.4868295922162984,-2.907861875364345,-2.001284172463892,-0.8601491986770515,3.6356288102387735,0.7442796858496123,3.6397580958150755,1.678084072414725,-0.6838625507163711,1.5751889470567755,2.8515061564167326,-0.3402487852018392,2.055295051019823,-2.6751156230647415,-0.9832438068082363,-2.431089895532414,2.347563399431822,1.0605469207140903,-0.9020816987199414,-1.3415234394151683,2.6562822447076178,1.3579133470843594,-3.826042006669498,1.0236033115457959,0.8848688702044409,-2.1146620093238715,1.092638063039988,-0.047424108117832375,-0.3601800511183191,3.4268422985131615,2.0199838431931836,3.3757219876456848,-4.301844898096665,-1.754301161720576,-3.981498663543506,0.441812698194866,-1.7565479538719575,0.7428376594615944,-1.677211332726647,-1.2773524925670818,-0.4029943973255179,1.8370612808408335
numHidden 	5
numGenes 	48
seed 	1585585340532
random 	java.util.Random@76fb509a
popSize 	80
maxEvaluations 	20000
minGene 	-3.0
maxGene 	3.0
tournamentSize 	5
crossoverPoints 	1
mutateRate 	0.1
mutateChange 	0.5
mutateRatio 	0.5
mutateRateSmall 	0.1
mutateRateLarge 	0.8
wepMax 	1.0
wepMin 	0.2
expAccuracy 	6.0
minTravel 	0.0
maxTravel 	2.0
neuralNetworkClass 	class coursework.ExampleEvolutionaryAlgorithm
Training Set Training
Fitness 0.10300641431292284