1.0310599351379555,-1.4111761472619149,-3.995378826079602,0.5917764169847954,-0.25223281070695913,3.4771748568317644,0.05822234124481929,0.5760130771845189,1.4945475865951643,1.1190423113849572,1.783578721087511,0.4766863161682311,2.0057416609237,-4.826833463059275,-0.9362069302437939,0.3802022585064049,3.76177387173069,-1.4340296355394955,-0.04261754190253386,0.2784707184350914,-0.23479404957815708,-2.4376036538591865,-2.5202639747060687,-1.3877831361805493,0.41873953032983646,-1.7423137562973432,1.2116598506581742,0.5021953560617356,-0.8184722670321731,1.2831516381816837,2.4175936392901525,-3.6458900966847443,2.8753946265423647,0.3402745681256878,0.5766539295484918,1.4148939989089007,-1.453313186075993,1.98720208569834,1.090076127771936,-1.054945499934005,-1.6122066616223343,2.6131021993986066,2.0658961017953725,1.5198665277826864,-0.9535886608068829,-0.24222804162261724,3.19776941414941,2.706184629806346
numHidden 	5
numGenes 	48
seed 	1585585340532
random 	java.util.Random@76fb509a
popSize 	80
maxEvaluations 	20000
minGene 	-3.0
maxGene 	3.0
tournamentSize 	5
crossoverPoints 	1
mutateRate 	0.1
mutateChange 	0.5
mutateRatio 	0.5
mutateRateSmall 	0.1
mutateRateLarge 	0.8
wepMax 	1.0
wepMin 	0.2
expAccuracy 	6.0
minTravel 	0.0
maxTravel 	2.0
neuralNetworkClass 	class coursework.ExampleEvolutionaryAlgorithm
Training Set Training
Fitness 0.10474716734049516