1.3875724098477722,2.834717038172659,-2.425991855487443,2.0676624181862016,0.8513151294272792,4.4690437672568954,-0.17861668098774786,2.9756167406740577,1.7297862700090967,2.3794631129712744,-1.0423698854596015,-2.6878206813291436,-1.8781436607836177,0.5726372913055373,0.6077184448590374,3.0082466599012276,0.996729610002328,-0.8602557118227927,-2.1936867150176385,-1.710647887029646,-1.4813966747943808,2.0984799245939447,-1.441009751401491,3.4395497517174487,-0.07745016964479712,-0.25871627101941996,0.4895538471845331,-0.4690358611678782,2.8897992146338476,1.8925601128220357,0.9581649405097554,-1.643262096643956,2.9780308214679314,-0.2430390673989029,-0.1388480581393312,-2.4468442663710004,-1.292806760859565,3.8536346224346083,-0.13327247865431602,-0.18702553655091858,1.7720609033447605,2.6128982763244766,1.101766481378137,-2.0428923577999463,-1.0782827513180848,-0.6011673646974991,0.8971517733424754,-0.04954769752894439
numHidden 	5
numGenes 	48
seed 	1585585340532
random 	java.util.Random@76fb509a
popSize 	80
maxEvaluations 	20000
minGene 	-3.0
maxGene 	3.0
tournamentSize 	5
crossoverPoints 	1
mutateRate 	0.1
mutateChange 	0.5
mutateRatio 	0.5
mutateRateSmall 	0.1
mutateRateLarge 	0.8
wepMax 	1.0
wepMin 	0.2
expAccuracy 	6.0
minTravel 	0.0
maxTravel 	2.0
neuralNetworkClass 	class coursework.ExampleEvolutionaryAlgorithm
Training Set Training
Fitness 0.03567716714226631