3.3076214615938344,0.8828055373497641,-0.3328300492218006,2.1893814249581753,0.380798885954289,-1.0160844729296197,2.6450546983451737,2.364839603574046,-1.1743373862133,-0.09042656518976133,0.3020204185206241,0.7133815554214138,0.33291737540857813,2.3358346720090406,-3.794682211780872,-0.8286684274076408,1.8221010216156905,0.9542902935279987,-2.00852904337962,-1.9785930650456005,1.6186006364834151,1.3465070295532824,-2.8356185214404905,-1.279627047705799,-2.2188193328072914,-1.5302824678977318,2.0843309257194305,0.7160923332300522,0.16247928179535354,-1.4943481042529039,0.23044972714835898,-3.448242136038797,-1.6857700670825446,0.9005768189482755,-0.4728819691195456,0.850021246410023,-0.6842405843748562,2.4382741577897935,4.460313227463008,1.502152534717026,-1.491387531308081,0.1388712112844055,-2.4170387869367893,-0.9427142010844769,3.461948223093154,1.6650991272999383,3.147762354934877,-1.1162715945788593
numHidden 	5
numGenes 	48
seed 	1585585340532
random 	java.util.Random@76fb509a
popSize 	80
maxEvaluations 	20000
minGene 	-3.0
maxGene 	3.0
tournamentSize 	5
crossoverPoints 	1
mutateRate 	0.1
mutateChange 	0.5
mutateRatio 	0.5
mutateRateSmall 	0.1
mutateRateLarge 	0.8
wepMax 	1.0
wepMin 	0.2
expAccuracy 	6.0
minTravel 	0.0
maxTravel 	2.0
neuralNetworkClass 	class coursework.ExampleEvolutionaryAlgorithm
Training Set Training
Fitness 0.09843806097405317