-0.7527594411971679,-4.927115292903581,-2.829768178609301,1.7301812717863565,1.32141501993181,-0.43168613763131214,-1.5626889345383648,-3.2985846597692294,-5.45929959002477,-3.2569212988370326,-0.5691561315402831,-4.216613309369181,-0.9097633873983124,0.6768603884947426,0.16013848700880295,0.9256596622414976,-2.611108932573332,-1.7574796952250482,-0.8846050429033989,-1.5038495809488635,-1.037886464374414,-1.3259432002996383,1.1040597530975393,-3.1440062775158473,2.289339256079164,-2.712220122516344,1.2676203900878145,-1.8399818389898313,2.2180300593089104,0.1273288686626084,-1.5378656766859304,-1.6117478020821983,0.6739837494844734,2.7585171250954854,3.7242488774505,-2.094831068699947,-1.4768774301034004,1.1056315778360553,-2.870022752951198,-1.7759147323560556,-1.181462881548061,0.44622294095038173,0.5350954763895,-0.21005533443267388,-3.95662349422409,2.8400214900524956,-2.7389360614297686,-2.415864159398546
numHidden 	5
numGenes 	48
seed 	1585585340532
random 	java.util.Random@76fb509a
popSize 	80
maxEvaluations 	20000
minGene 	-3.0
maxGene 	3.0
tournamentSize 	5
crossoverPoints 	1
mutateRate 	0.1
mutateChange 	0.5
mutateRatio 	0.5
mutateRateSmall 	0.1
mutateRateLarge 	0.8
wepMax 	1.0
wepMin 	0.2
expAccuracy 	6.0
minTravel 	0.0
maxTravel 	2.0
neuralNetworkClass 	class coursework.ExampleEvolutionaryAlgorithm
Training Set Training
Fitness 0.09647626917781288