0.6908129855117755,-2.87043098018399,1.4412126816409927,3.7668029566768126,0.2877839355667122,-2.8998918908974183,0.3568001355256962,3.5940592434876635,-3.859244535786658,-1.5456454224203293,0.8576129787438456,-1.1592669220063665,2.420239103731772,2.0717303794193884,-1.6658908794564913,-0.4626289047702019,-0.6265996714245392,0.33165013876438465,-1.7812619313179585,0.8134244547808755,0.7451228347747518,0.48118886904538893,-2.850992461411666,-2.8637546600116908,-2.7970299015223787,0.6535927964913135,-1.348262403495633,-0.4866108638006992,-0.4086002779894149,2.597294434914761,0.32339565483614496,-0.6832230466226576,-1.051012533468222,-2.2983608956146906,2.514940679766772,1.0174770357734886,-0.6727538644773077,-4.224881612950218,2.4509233460956157,1.2116610610913314,-2.912018132774503,-1.8763402811269019,-3.506038651564892,-0.9258530054694152,1.7213614657025946,1.826124784363607,-2.0253024674738604,-0.6806963815778659
numHidden 	5
numGenes 	48
seed 	1585585340532
random 	java.util.Random@76fb509a
popSize 	80
maxEvaluations 	20000
minGene 	-3.0
maxGene 	3.0
tournamentSize 	5
crossoverPoints 	1
mutateRate 	0.1
mutateChange 	0.5
mutateRatio 	0.5
mutateRateSmall 	0.1
mutateRateLarge 	0.8
wepMax 	1.0
wepMin 	0.2
expAccuracy 	6.0
minTravel 	0.0
maxTravel 	2.0
neuralNetworkClass 	class coursework.ExampleEvolutionaryAlgorithm
Training Set Training
Fitness 0.02408443318149876