0.4539969511948403,3.165852699826303,-0.6734411397795659,-3.0798296647131016,1.7776851896379604,-0.12958255477427638,-0.26472098143414025,-3.197199643863053,-1.2292093064746696,-1.451117426694656,1.0609485237924217,5.547535218448962,-3.6833510791291646,0.20130694064351218,2.6535777998864556,-2.0331971008323504,1.0476075334859536,0.17811518132893855,0.8206649927900527,-2.489946244784987,3.3048032843218342,0.08935934348228258,-1.1196842483631144,0.21436790732292188,1.447724977055211,-3.151480160235672,1.3369398152105152,1.6204861686842111,-4.055833249439013,0.10598656829242792,2.3312597286961276,1.4099484712644106,-1.3621385703519366,2.7037430248597385,-0.49465205296084935,-0.7234554995805502,0.6887610810010969,4.339162201458974,-1.907914742886359,-1.1498660671349374,-2.7679527632618326,-2.125102575239442,3.148289107126221,-3.753740779314751,-4.116916617722845,-2.1309294398235723,-1.9104261102708193,-0.20219500775422805
numHidden 	5
numGenes 	48
seed 	1585585340532
random 	java.util.Random@76fb509a
popSize 	80
maxEvaluations 	20000
minGene 	-3.0
maxGene 	3.0
tournamentSize 	5
crossoverPoints 	1
mutateRate 	0.1
mutateChange 	0.5
mutateRatio 	0.5
mutateRateSmall 	0.1
mutateRateLarge 	0.8
wepMax 	1.0
wepMin 	0.2
expAccuracy 	6.0
minTravel 	0.0
maxTravel 	2.0
neuralNetworkClass 	class coursework.ExampleEvolutionaryAlgorithm
Training Set Training
Fitness 0.06456420805819728