-3.410707416073709,-0.6911086580088748,-1.608626047998177,1.5730166562848087,-0.6221295129886715,0.2210261068136079,1.3004922215805097,-1.7188641860368294,0.8705853698640311,-2.5018807624421004,-3.48286068095248,0.42414880456956805,-0.6097252874058665,3.2824565645673562,-0.5123235240035235,2.0818671697959843,1.5090353779372325,-2.6570597633428648,-3.033085151187084,4.176163302049616,0.3891959599296908,-0.48154507063225926,-1.2616253912360862,-2.070326183575138,3.2001529774023423,0.19362784026847812,0.22020510825104544,0.30229293882886554,0.35881655377484734,-3.863774633505102,-6.439353527651473,-1.4888961292381597,0.22588836368633025,0.010242565833053163,0.45477985101607166,3.3591184573582336,0.32248733509189176,0.8075736991097671,-1.3276711126270015,-0.5507536198998988,-3.8176448579841864,0.10055103605440507,-0.30255053515242114,0.3515474319139118,-2.295918197487696,1.0098184415931932,0.4279321299589087,-2.8293305765098182
numHidden 	5
numGenes 	48
seed 	1585585340532
random 	java.util.Random@76fb509a
popSize 	80
maxEvaluations 	20000
minGene 	-3.0
maxGene 	3.0
tournamentSize 	5
crossoverPoints 	1
mutateRate 	0.1
mutateChange 	0.5
mutateRatio 	0.5
mutateRateSmall 	0.1
mutateRateLarge 	0.8
wepMax 	1.0
wepMin 	0.2
expAccuracy 	6.0
minTravel 	0.0
maxTravel 	2.0
neuralNetworkClass 	class coursework.ExampleEvolutionaryAlgorithm
Training Set Training
Fitness 0.004398705237811205