-2.134749714471917,-4.533058802374071,-2.131330980346181,1.1908408790179377,-3.5136982446708838,2.6761130613027446,-4.9134291597108275,3.438340558406167,-3.351610751230613,1.6529351961965915,-5.271656054336372,-3.956884050439714,-3.2191013421366,0.8825779197095056,2.5414905520213456,3.8504427960536307,-4.434086910984462,-3.8088040204393594,0.373113150878375,7.055221935939239,-0.05833434593005185,0.1516394771862936,-3.221976244912021,-0.30049104003047433,-7.5064867801420805,-0.4276800317776753,0.49288533144006863,1.0436890213490895,5.272357694675969,0.375592534407244,-1.7148303059848384,2.0520797637883463,3.3882549712867718,-1.1470114084787628,2.291031587030467,-6.408487294449211,-3.1517954820979783,1.4487834383242018,1.6201964075663342,2.607891295705234,-2.859442971706166,-4.604223720053292,0.8260734914075049,-2.4906303365538807,-1.049099836034519,-1.1614489250881426,-0.5405453112347294,7.261863882726187
numHidden 	5
numGenes 	48
minGene 	-3.0
maxGene 	3.0
tournamentSize 	5
crossoverPoints 	3
popSize 	80
maxEvaluations 	20000
mutateRate 	0.5
mutateChange 	0.9
seed 	1584055333527
random 	java.util.Random@76fb509a
wepMax 	1.0
wepMin 	0.2
expAccuracy 	6.0
minTravel 	0.0
maxTravel 	2.0
neuralNetworkClass 	class coursework.ExampleEvolutionaryAlgorithm
Training Set Training
Fitness 0.005694731704589841