-2.063169142969703,4.584509730929578,0.4920514380747982,-3.1815274756993213,-2.817707476237392,-1.7439643776959024,-0.7614420772035303,2.2362765316195428,3.2716347299026975,3.4107169048737878,1.0909513746029735,2.245724328888189,1.4613253529725632,-2.8879171209056933,-5.208667477326382,-5.680591574175603,-0.5382152332937161,2.392790600374176,0.020767540613521273,-0.6697147857850638,-4.145831086123588,0.7323717529115386,-2.518581543029539,-2.938671214550518,2.05475911646425,2.5241609794344035,4.436726296967056,0.25476562410583037,0.18237958958908407,1.0893369377240334,1.433566330278256,-3.5087882372414145,-1.6146786058104305,2.1065976311030767,2.5138615570977216,-2.8358410025034635,2.9623573073205147,-0.8796126664319416,2.4594584130886914,-4.366048125987642,6.467543566398574,1.4713434354942887,-2.284626138446399,-0.028299320527555117,2.467290233343341,0.8689572202599869,0.25656532200601123,2.1735658729744785
numHidden 	5
numGenes 	48
minGene 	-3.0
maxGene 	3.0
tournamentSize 	5
crossoverPoints 	3
popSize 	80
maxEvaluations 	20000
mutateRate 	0.5
mutateChange 	0.9
seed 	1584055333527
random 	java.util.Random@76fb509a
wepMax 	1.0
wepMin 	0.2
expAccuracy 	6.0
minTravel 	0.0
maxTravel 	2.0
neuralNetworkClass 	class coursework.ExampleEvolutionaryAlgorithm
Training Set Training
Fitness 0.012869996110636162