2.907639214582213,-1.5951439430695593,-4.7736302972002385,-3.8383604536977898,-6.201041125712626,-1.7709362772932487,-3.335055252135883,-2.112126832483502,-4.2249122867943365,2.3620871396310728,1.9070999238155004,0.20730238923587502,0.04134493756780342,-4.243268255974658,-3.3140701708633262,-1.7386949270652987,-0.4375722311917141,-0.4576136302489318,-4.764760083054086,-0.9213947328825718,-0.2700215758017906,0.036320219704901485,-0.932436741051349,1.5038533134173413,-1.9427163023493101,-0.08733785412432823,-1.9368093943375162,-3.428895288775367,1.1454758570350316,-1.5966201353637832,-0.6293700731248533,-3.6811600923031955,-0.787070069014059,-1.4781779637841508,1.6230173422788023,2.156017605027763,-0.17272166925267127,-1.4254363752068193,-2.1302686238042066,3.486563700149255,6.766070051929397,-3.4369205442955324,-1.6439869325253935,8.004014116099503,1.3143908459579507,2.975169331492277,3.04354199271277,1.4898590298237329
numHidden 	5
numGenes 	48
minGene 	-3.0
maxGene 	3.0
tournamentSize 	5
crossoverPoints 	3
popSize 	80
maxEvaluations 	20000
mutateRate 	0.5
mutateChange 	0.9
seed 	1584055333527
random 	java.util.Random@76fb509a
wepMax 	1.0
wepMin 	0.2
expAccuracy 	6.0
minTravel 	0.0
maxTravel 	2.0
neuralNetworkClass 	class coursework.ExampleEvolutionaryAlgorithm
Training Set Training
Fitness 0.09504245110953077