0.2871256767171766,-3.6797496043788516,-0.897314302638653,1.946861342647333,0.5564265490019225,5.705201982668494,0.11580814945458894,-0.7901254713681679,-6.09802825436678,1.330799293262461,5.507807507547276,-5.301887906849881,0.1744865511181653,2.658601901654764,-0.5318789482723498,1.5618233252137967,2.6343057003481367,-7.4321030702814515,0.6632657932486442,-0.728753323180913,0.2652573871165672,0.7557002995383748,-1.5175404032828725,2.044944605162669,-0.46721576904850187,-0.09826898053599095,-0.1526042053704996,0.13455503924970225,-0.04772076942037113,5.461142918620445,5.667927773517407,-2.0125158783662185,-0.4021579516716238,1.1240520803177685,6.073758186006467,-2.334900465148172,-1.0558122906901648,0.8888478187402757,-6.532638111818408,8.605247006565174,-6.185021188193951,-3.0646413464025826,-4.896356870172465,1.7225394760715607,-0.36480615637390035,0.022772105013303737,-0.742110021151399,0.1392493785612144
numHidden 	5
numGenes 	48
minGene 	-3.0
maxGene 	3.0
tournamentSize 	5
crossoverPoints 	3
popSize 	80
maxEvaluations 	20000
mutateRate 	0.5
mutateChange 	0.9
seed 	1584055333527
random 	java.util.Random@76fb509a
wepMax 	1.0
wepMin 	0.2
expAccuracy 	6.0
minTravel 	0.0
maxTravel 	2.0
neuralNetworkClass 	class coursework.ExampleEvolutionaryAlgorithm
Training Set Training
Fitness 0.0054073779703911985