-0.40273711502888654,-7.138261953113139,12.49725885731174,4.7267886731856725,3.0446299725259007,-3.801797986337316,-3.167824635045512,0.18666066767185185,-6.836334296018906,-3.7558001409282187,1.8604040730295015,-13.185572712832885,14.173010327521098,3.1676692846812204,-6.220752445532705,6.4991929479844845,2.5439566695699063,0.9097446570043504,-12.634449361214179,2.805570823484747,-0.8783326636200188,-0.9053608693906066,1.6785831078530808,-0.835112380412248,-3.6300578624252533,-1.8380330862390926,0.46004580015077545,-0.7827002766070326,0.4330349015487367,9.602566856645968,-6.6402639813724385,5.91729742573888,-0.5589566616079717,0.42401842270210244,13.53258227914483,-1.4822482208478442,18.827070273093963,0.7381903807413539,3.623244847375529,-0.1127896540435569,-4.478460656897559,-14.416711291122878,-8.294642186527776,-5.019548292423135,-2.231119419779702,6.622847004645413,9.065382628540195,7.792855576296644
numHidden 	5
numGenes 	48
minGene 	-3.0
maxGene 	3.0
tournamentSize 	5
crossoverPoints 	2
popSize 	50
maxEvaluations 	20000
mutateRate 	0.3
mutateChange 	1.6
seed 	1584111063210
random 	java.util.Random@76fb509a
wepMax 	1.0
wepMin 	0.2
expAccuracy 	12.0
minTravel 	0.0
maxTravel 	2.0
neuralNetworkClass 	class coursework.ExampleEvolutionaryAlgorithm
Training Set Training
Fitness 0.007811550644421685