-7.934263932618103,-1.0917843173854935,2.5580204429040108,-0.2911429616438226,7.1407707497192074,14.495687855838375,-6.439432266462328,5.418935583116337,-3.1566921320359405,-11.19045461005625,-15.265852375252992,0.9892753529420721,-2.066400786011226,1.8370584885355026,-14.315688231070576,6.08007398685352,-16.15221137802015,1.5405410728455329,6.520352195997901,11.690181720498645,0.7617208715197399,-1.9471802928415118,3.219631737130672,-5.1705451025528735,2.823498758321072,-0.35546669119512764,0.42699198030614216,4.776531807798266,13.37400155955949,-4.433170107116135,-14.63315382808371,7.376780020194374,0.6416740228188238,1.8701066652893554,-1.4892802024065297,-6.166515116312514,-4.95031543502725,-4.078665735503035,-0.008910318238354087,-4.446491856139012,-0.947693085370255,-2.422315102063249,-2.789986777846838,-3.9945161064121772,-4.332898109170829,-0.6499259691761035,1.514972024508392,-0.7640049466282925
numHidden 	5
numGenes 	48
minGene 	-3.0
maxGene 	3.0
tournamentSize 	5
crossoverPoints 	2
popSize 	50
maxEvaluations 	20000
mutateRate 	0.3
mutateChange 	1.6
seed 	1584111063210
random 	java.util.Random@76fb509a
wepMax 	1.0
wepMin 	0.2
expAccuracy 	12.0
minTravel 	0.0
maxTravel 	2.0
neuralNetworkClass 	class coursework.ExampleEvolutionaryAlgorithm
Training Set Training
Fitness 0.007477084944454701