0.21856646799991822,-3.6366264882119705,-7.857388350129416,-8.329000587992805,-1.9882765478506208,7.535233590710466,3.3234182302726114,-1.612739187887454,6.181207388302763,7.596331051535511,2.322713074521779,-0.9365526626693321,-9.476916457084734,-5.888389890404601,0.7140315323451903,5.571426863328233,-0.16935894226404788,-14.959146647705502,-6.875432725414824,-4.9121309951694005,0.5337086214853136,10.146028177298659,6.637631576150662,-7.871911236938638,5.359074265845915,-3.2519544210871647,-2.1283451452414557,-7.747215754370065,0.34329629845812104,6.9625800952923695,1.143917454225119,6.067348179587128,1.4368820668424291,-0.44060051032005526,10.015609401110336,-3.7678400427729843,-1.2826511888793863,-6.59781350077564,-18.00184889151954,-9.3612370912157,4.7252683424444974,0.12807818019925998,3.2972624566430273,3.4918393413843725,-1.279292610618586,-0.13319834845355621,-0.6051465323674012,-3.8780904767310838
numHidden 	5
numGenes 	48
minGene 	-3.0
maxGene 	3.0
tournamentSize 	5
crossoverPoints 	3
popSize 	50
maxEvaluations 	20000
mutateRate 	0.5
mutateChange 	0.9
seed 	1584063298011
random 	java.util.Random@76fb509a
wepMax 	1.0
wepMin 	0.2
expAccuracy 	4.0
minTravel 	0.0
maxTravel 	3.0
neuralNetworkClass 	class coursework.ExampleEvolutionaryAlgorithm
Training Set Training
Fitness 0.029267877798491885