-4.58945894923111,-3.563154286818368,0.4212986317330681,6.958443573822906,-2.318926547914495,19.590389109119805,-1.9863891445123625,0.28787328456162103,4.898322153949454,-7.679503777620653,-1.7048702051345634,-0.5088059038267619,-10.043827891730352,5.422921922212371,-7.4422091966102,8.97336522217939,1.8058286380848165,-1.8062140654200198,7.168357973193315,-4.982251962004677,-15.19211009366725,-2.8103920324434486,6.6890492855763695,-5.56364085344325,8.04254690538803,-0.25682891772806704,0.9204829912919181,-0.7531772531121336,0.20310769043422403,4.042431697804612,-10.915815385732175,-0.3404108856062305,20.445096243684695,-0.7292758662720965,4.760437633565848,0.005437377674216471,0.38891156010470146,-1.524291104368675,-2.1812217200841557,6.100969968893212,-12.995067296441368,-0.43039601851071946,5.693665733074661,-2.704209974144939,-4.665195339730889,-5.620082717501956,0.4768431229514668,8.39593753990572
numHidden 	5
numGenes 	48
minGene 	-3.0
maxGene 	3.0
tournamentSize 	5
crossoverPoints 	3
popSize 	50
maxEvaluations 	20000
mutateRate 	0.5
mutateChange 	0.9
seed 	1584063298011
random 	java.util.Random@76fb509a
wepMax 	1.0
wepMin 	0.2
expAccuracy 	4.0
minTravel 	0.0
maxTravel 	3.0
neuralNetworkClass 	class coursework.ExampleEvolutionaryAlgorithm
Training Set Training
Fitness 0.03239291877804045