2.6720470786459236,-2.606284210392165,8.501756870274251,10.687543703044737,1.3719667543568779,-7.8957058501478254,14.54499115532457,0.6316788824524355,0.7735889464445678,15.677135632481601,2.8882194897054196,-3.121161985613464,2.8924820353637344,4.422790894705813,-0.8497980042904167,3.16485408179659,2.7006986425310284,5.649401704259359,-7.42968603391382,6.3140682591748565,-2.851984733718215,-4.911591112397818,9.461856840694868,-6.504712651270466,-5.298499258280964,8.303492119874896,-2.096000880153495,-2.343565377171915,1.4323374541089509,-0.1393903583610534,-3.7188651200578793,4.141617369321274,7.710768209560882,-0.8478578688220519,5.620809912950701,10.36020097125978,8.620202785009369,-2.617010358084716,-2.306979594703315,-3.4747377625422846,-6.0803972516183435,-1.5487250322291288,-0.7883472812670167,0.6301858543706977,9.368664755460822,3.687559606848777,2.7045005936351627,0.6309870980676751
numHidden 	5
numGenes 	48
seed 	1585774757035
random 	java.util.Random@76fb509a
popSize 	80
maxEvaluations 	20000
minGene 	-3.0
maxGene 	3.0
tournamentSize 	5
crossoverPoints 	2
mutateRate 	0.4
mutateChange 	1.0
mutateRatio 	0.5
mutateRateSmall 	0.1
mutateRateLarge 	0.8
wepMax 	1.0
wepMin 	0.2
expAccuracy 	6.0
minTravel 	0.0
maxTravel 	2.0
neuralNetworkClass 	class coursework.ExampleEvolutionaryAlgorithm
Training Set Training
Fitness 0.02466858866746635