-0.1810637941330535,-3.80531202219933,7.7110767769732576,4.048155273039809,0.9370888305888148,-2.27318503737947,3.5787361423866937,6.569603494852418,5.6447538205257946,-4.08370804198107,-0.16295590201475996,-6.336129784479469,1.9880576712662998,2.845325335460357,-2.003830451882965,5.675344068308917,4.921360298010925,3.121956690932527,2.5308853139807477,-4.988498045584269,3.955032846543649,-0.17044672828423124,-0.10355382615147812,-8.915574873392199,-0.07849780798541683,-0.33690614728738844,-0.6436902044568296,-1.1888478099252877,-0.9608074759309781,-3.0432202729985898,2.190974062166661,11.790481292648947,4.717659746376966,-9.006952698529302,2.839628328996767,6.428136326174984,5.748389943324953,-1.8938974895143028,3.446236478793441,2.8740025997617007,-0.3355948821450303,3.653648964998972,-0.8609066723636429,-1.335560401455293,-5.872013201303234,1.9285245434266614,0.1678162683276767,3.429471813037067
numHidden 	5
numGenes 	48
seed 	1585774757035
random 	java.util.Random@76fb509a
popSize 	80
maxEvaluations 	20000
minGene 	-3.0
maxGene 	3.0
tournamentSize 	5
crossoverPoints 	2
mutateRate 	0.4
mutateChange 	1.0
mutateRatio 	0.5
mutateRateSmall 	0.1
mutateRateLarge 	0.8
wepMax 	1.0
wepMin 	0.2
expAccuracy 	6.0
minTravel 	0.0
maxTravel 	2.0
neuralNetworkClass 	class coursework.ExampleEvolutionaryAlgorithm
Training Set Training
Fitness 0.015553873138520292