4.718152946692822,1.463359288951315,-5.765212277954031,-1.657817713344044,2.410775849877114,-12.032954187878852,9.77298152779225,1.9794589256570934,-3.8051444972873734,-1.3841531570504237,7.477193657251805,7.948791942149922,-3.5466679634273293,2.3019154981201293,0.1826546012167194,-8.052881333261176,9.62100752311957,8.834706830598098,11.125154398363144,1.6188315039248486,-0.42937674341769316,0.11371511938094159,4.20217643977502,-0.004637680729857152,-11.633967627827092,-0.2004813594567043,-0.6902620633010415,-0.19675575089728614,-0.11587471912858671,-1.2772726325421355,6.706350642038123,0.6034277815173414,-5.645161396465572,7.491074706128232,-1.0779700923388278,7.416420547540167,-2.9633155422246893,3.8984297446931,3.5881783548026793,-1.2844114486610785,-2.6982471917779454,5.855902343850354,-5.062523667454215,2.623436618213647,3.7744734355022755,-1.480732006587397,-2.351038922166013,4.579539245708834
numHidden 	5
numGenes 	48
seed 	1585774757035
random 	java.util.Random@76fb509a
popSize 	80
maxEvaluations 	20000
minGene 	-3.0
maxGene 	3.0
tournamentSize 	5
crossoverPoints 	2
mutateRate 	0.4
mutateChange 	1.0
mutateRatio 	0.5
mutateRateSmall 	0.1
mutateRateLarge 	0.8
wepMax 	1.0
wepMin 	0.2
expAccuracy 	6.0
minTravel 	0.0
maxTravel 	2.0
neuralNetworkClass 	class coursework.ExampleEvolutionaryAlgorithm
Training Set Training
Fitness 0.007577366351545981