0.42065012412724245,-3.9201894486176165,-0.3362483976527737,5.367581551544796,-2.3242528274510477,-1.2215671322755393,1.7125849617629427,13.63634500463236,1.5343975807875072,3.8837564875820165,-7.6286330612713815,-3.8360357051019838,0.04326516495972621,1.2533120021201798,-1.247628898511067,-0.8992610093235229,2.042987074738832,2.4213508707529083,-1.6412156342145137,-2.8785404679551103,-3.2620889126737014,5.32642081172054,-9.828387366382247,6.158800878235647,3.960281969484144,-5.686637634473369,2.6329238316566093,-1.031464353760997,-2.7731348008885255,-3.375426007406385,0.7775377185783539,0.2106104336898751,-3.9739862517907873,0.5643737682279415,8.147008255762987,-4.502974272502589,-3.613775322737232,-2.6750757231426814,5.622302721792964,6.526635713415969,0.27349317338653734,-1.8403929457073511,3.2679744555572157,8.9462109535263,-1.5515771342735087,3.7067116944404406,-3.911218808727491,0.8642164270020283
numHidden 	5
numGenes 	48
seed 	1585774757035
random 	java.util.Random@76fb509a
popSize 	80
maxEvaluations 	20000
minGene 	-3.0
maxGene 	3.0
tournamentSize 	5
crossoverPoints 	2
mutateRate 	0.4
mutateChange 	1.0
mutateRatio 	0.5
mutateRateSmall 	0.1
mutateRateLarge 	0.8
wepMax 	1.0
wepMin 	0.2
expAccuracy 	6.0
minTravel 	0.0
maxTravel 	2.0
neuralNetworkClass 	class coursework.ExampleEvolutionaryAlgorithm
Training Set Training
Fitness 0.05165186564070473