0.9657527412060121,2.5163839731107576,-1.6706508411957393,-2.2568645128573066,3.3767775791829595,-0.7663679435937308,3.809408050394858,-2.542756643666266,-0.34952304151900965,-7.456906532630053,-4.026741212699425,0.8926701361083429,-8.239612184091891,0.35974759486970503,1.7664759830547623,4.134365092238399,-3.590259462750732,-0.6207793394789857,-5.194618181169259,-4.521228576276766,-3.500255522986203,0.7652861899851481,1.400838593812674,-2.5346694810772417,0.46326607398621006,-2.7024536147234453,-2.775599352283721,-0.11068458641084815,-0.35996900500429224,-0.17732332877938495,3.051218212977487,4.74199649008539,4.165073713691907,0.6557117605655396,-0.9183782587921079,4.157628064351738,-4.446689798020361,5.008467602638386,-6.1268231473247985,-3.9014973045726626,3.8936149486428597,-0.781147737892628,1.8098739261131984,-6.244243968270716,-8.734955456403428,1.8974663235682503,3.969771982604866,5.074527806817331
numHidden 	5
numGenes 	48
seed 	1586464038296
random 	java.util.Random@76fb509a
popSize 	20
maxEvaluations 	20000
minGene 	-3.0
maxGene 	3.0
tournamentSize 	5
crossoverPoints 	1
mutateRate 	0.4
mutateChange 	1.0
mutateRatio 	0.5
mutateRateSmall 	0.3
mutateRateLarge 	0.7
wepMax 	1.0
wepMin 	0.4
expAccuracy 	6.0
minTravel 	0.0
maxTravel 	3.0
neuralNetworkClass 	class coursework.MultiVerseOptimisation
Training Set Training
Fitness 0.0051981985950003565