4.404700099301936,6.659370598298327,2.7067354304926767,-1.816667586544329,4.868388929025532,7.541516922177674,0.05019279700747419,-3.477659190387601,2.7367511466186483,-0.7156483429230913,0.20713521707334467,3.703389200986525,-0.6478388826311794,1.7009287652052012,-2.223121266730652,6.246205141257751,1.4385987830123417,-4.7806319964446455,-0.7268544731329776,3.1842472594425986,4.04435258828551,2.4703404458877865,6.140906440008349,8.58564679524893,-4.261188226605583,-1.3905736355412288,-0.05640780560674007,-0.2776632418274443,0.08396169136081497,-3.7227111630383845,-6.3267525564715195,3.2612043018072083,4.870423021475014,2.759754615883662,-8.826779461273796,1.849817952992756,-0.6212570999084757,-2.263029016926936,-4.676146847704106,4.525950523415354,1.1971755855898516,1.3935280037833757,0.23387800976194117,-2.2278106875977146,1.136163209239093,-7.30050568968212,1.3232647578762484,3.6715301331182326
numHidden 	5
numGenes 	48
seed 	1586464038296
random 	java.util.Random@76fb509a
popSize 	20
maxEvaluations 	20000
minGene 	-3.0
maxGene 	3.0
tournamentSize 	5
crossoverPoints 	1
mutateRate 	0.4
mutateChange 	1.0
mutateRatio 	0.5
mutateRateSmall 	0.3
mutateRateLarge 	0.7
wepMax 	1.0
wepMin 	0.4
expAccuracy 	6.0
minTravel 	0.0
maxTravel 	3.0
neuralNetworkClass 	class coursework.MultiVerseOptimisation
Training Set Training
Fitness 0.012321441960945206