3.178561406826471,3.91634793204176,1.219816477879119,-1.1704032846137937,-0.8102474363412864,-2.2947174228646436,-0.8802495517619741,-3.519130745971727,-1.3335092239771922,-1.7839304533615874,3.6689127013355978,2.542456680531158,0.19878912809766847,-3.4821996957670893,0.6163360404272844,3.0717453478645287,4.117523253325019,-7.546191472553277,1.9062137212847485,3.528587439062132,-5.084774947281697,1.594893152737911,-1.710227581242395,5.943452475922965,-1.7647667018193776,5.643657997617996,-0.8499821912219433,-0.42084232141687467,-1.2696924456088932,4.032267603194506,-1.9012229987585634,-3.529942001494033,-0.9252958730418145,3.7271557455331266,0.5381037181781259,0.36706049344521624,-1.7251310627588283,1.0917800808641223,-8.886662796936283,-1.9906702082145353,-1.6652027710580934,0.5906966328252617,-2.9460664828786696,2.927041935257464,-2.8129136700427044,4.727824829626567,0.22453835599044727,-0.6790685391268976
numHidden 	5
numGenes 	48
seed 	1586464038296
random 	java.util.Random@76fb509a
popSize 	20
maxEvaluations 	20000
minGene 	-3.0
maxGene 	3.0
tournamentSize 	5
crossoverPoints 	1
mutateRate 	0.4
mutateChange 	1.0
mutateRatio 	0.5
mutateRateSmall 	0.3
mutateRateLarge 	0.7
wepMax 	1.0
wepMin 	0.4
expAccuracy 	6.0
minTravel 	0.0
maxTravel 	3.0
neuralNetworkClass 	class coursework.MultiVerseOptimisation
Training Set Training
Fitness 0.01428820446339503