5.674005381865577,-1.6462872668258872,-0.04396438676242763,-4.106905970431843,-2.0127519571393417,5.466262947288637,3.108470819520521,10.29151327173038,5.062009445896934,-7.1984700296590045,2.08639032690058,-0.2948565902322672,-1.4449432146291055,-0.45102336695603684,-0.16845279728255247,1.155154153271035,-0.7156072139126355,7.022206662140214,-2.2394990174415192,1.2013934914696107,-2.262941588155905,0.9994874586823336,-3.5410948002715608,1.2904137084687104,0.4168033427988203,-0.0935514183639576,-6.2228627648726444,-0.048769390773817575,3.760244853445641,2.336701595355286,4.431292633679756,-4.214727741600593,3.1937838086252857,1.594169376000583,3.6387198821492435,-1.1985889147731328,-1.2732382199958665,-1.5211245008868868,4.971871387994191,3.6311331790296117,-2.3930777733549897,0.622055064351388,-0.9341647850855832,2.606690068213943,-0.7641524173418937,-0.5745180779688133,3.3901926528237505,-0.7711878845051806
numHidden 	5
numGenes 	48
seed 	1586464038296
random 	java.util.Random@76fb509a
popSize 	20
maxEvaluations 	20000
minGene 	-3.0
maxGene 	3.0
tournamentSize 	5
crossoverPoints 	1
mutateRate 	0.4
mutateChange 	1.0
mutateRatio 	0.5
mutateRateSmall 	0.3
mutateRateLarge 	0.7
wepMax 	1.0
wepMin 	0.4
expAccuracy 	6.0
minTravel 	0.0
maxTravel 	3.0
neuralNetworkClass 	class coursework.MultiVerseOptimisation
Training Set Training
Fitness 0.01969084133414986