0.6499143906859635,1.4528538089236744,-1.5008696435434432,1.7345167815385263,7.924623397405504,-2.927092853865865,2.037693043118039,3.6787472652348554,-0.00410996995543069,1.17902435034893,-0.039223123871868264,4.069956145606186,0.7544525121869067,4.314067120767961,5.185763890517566,-3.5608453929062382,4.661986875302747,3.7522183702468697,-1.8944064726264227,-0.7956932912483109,-1.530956225204768,-3.2607109567371824,-3.219325711249577,-0.05925256842684469,-3.199798408227532,0.7197867352263753,1.2390740468399064,1.2854360596148928,0.2103092823825323,1.255923384856038,-1.4980244942539995,-0.2572801126652779,-5.679714423274187,-1.8262662432435186,0.5786046600937288,3.5382008891425842,0.14227703945223166,1.1979409580412679,1.4921151232279684,2.536763250126831,-3.4259240946732485,0.5682590998600948,4.406021322994039,-3.78754934767947,-0.127246553971926,-2.358917608877019,2.0294631137907735,-1.061461255371297
numHidden 	5
numGenes 	48
seed 	1586464038296
random 	java.util.Random@76fb509a
popSize 	20
maxEvaluations 	20000
minGene 	-3.0
maxGene 	3.0
tournamentSize 	5
crossoverPoints 	1
mutateRate 	0.4
mutateChange 	1.0
mutateRatio 	0.5
mutateRateSmall 	0.3
mutateRateLarge 	0.7
wepMax 	1.0
wepMin 	0.4
expAccuracy 	6.0
minTravel 	0.0
maxTravel 	3.0
neuralNetworkClass 	class coursework.MultiVerseOptimisation
Training Set Training
Fitness 0.008305714486494134