0.7081612797567375,-6.184177860333073,-5.831359153987256,2.5869121434081936,0.8801104315730425,-1.2003182994885029,-0.21734593098249153,-2.1611672734521634,4.110118381244648,-7.173775665250092,0.46311430005261395,-3.3353631525930663,2.6598111627690706,-1.6714994526950535,-4.399578397871214,2.1117499956894883,-0.6946677218651492,-5.511930441501397,1.5633969108398291,-8.695536884567101,-3.4167895872594793,-0.16200363798413153,1.0993224166938693,0.16480446188240624,-0.704162503619489,-1.529790653996039,0.36829238374228607,2.819604963588972,-5.109102275432939,0.26291107723529117,-3.0047970617374,2.8984059489199456,-1.6071580766165199,-3.2115236739957007,5.640983299236191,0.26322232559523967,-0.20763459040941465,1.8926262131971068,-1.572757928245433,4.342341058861627,0.16799307284236933,1.6092810067870147,-4.111627414524947,2.845938967431598,-4.983819840024901,3.035688967119422,-1.2827792561823417,2.131735925647809
numHidden 	5
numGenes 	48
seed 	1586464038296
random 	java.util.Random@76fb509a
popSize 	20
maxEvaluations 	20000
minGene 	-3.0
maxGene 	3.0
tournamentSize 	5
crossoverPoints 	1
mutateRate 	0.4
mutateChange 	1.0
mutateRatio 	0.5
mutateRateSmall 	0.3
mutateRateLarge 	0.7
wepMax 	1.0
wepMin 	0.4
expAccuracy 	6.0
minTravel 	0.0
maxTravel 	3.0
neuralNetworkClass 	class coursework.MultiVerseOptimisation
Training Set Training
Fitness 0.007775893168443112