5.031241964951164,-2.381445082782274,0.7566914111163081,2.473867874089228,-0.12984547897450602,-4.027335480287907,3.8300631104746063,-3.7781733761956504,-0.48731559074114206,-5.7400375855917485,-0.1778809507649171,0.6757656342970396,-4.980920099866247,2.876301747370115,-0.5215663819093235,3.005754413656085,0.9108286510956152,-0.3742812378328367,-1.8863313649697113,-4.563207736998497,1.5978171873470084,-9.762276772311639,-2.181553490032283,-1.972055865254748,2.190158347259367,-1.8302047289907992,1.1801328600263905,-4.11984079894324,0.9808149448852332,1.309955458780749,-2.000480300748577,-0.2226698288068994,-4.150880731062515,0.9870576219935948,0.5923945928518353,1.8757324053708835,-3.93106882175169,2.542377297017628,-0.3465143598309423,-3.180045034320834,-3.1591004917969085,-4.145128335346985,-0.12147288144331087,0.8050006890045615,-5.226741070945933,2.8534010638380556,3.869749569816924,-1.3949271389791085
numHidden 	5
numGenes 	48
seed 	1586464038296
random 	java.util.Random@76fb509a
popSize 	20
maxEvaluations 	20000
minGene 	-3.0
maxGene 	3.0
tournamentSize 	5
crossoverPoints 	1
mutateRate 	0.4
mutateChange 	1.0
mutateRatio 	0.5
mutateRateSmall 	0.3
mutateRateLarge 	0.7
wepMax 	1.0
wepMin 	0.4
expAccuracy 	6.0
minTravel 	0.0
maxTravel 	3.0
neuralNetworkClass 	class coursework.MultiVerseOptimisation
Training Set Training
Fitness 0.09748203133129574