-2.1498718242153796,2.367253777073398,-0.8846465351372298,2.3166989104068847,-2.5913205438602867,-4.2667549430842175,-2.2261735301083942,-9.708919551191313,-4.068578319935292,-1.6770199821988976,-2.5441538432892568,0.14063857630494597,0.6863957735483149,5.8321721633036745,-5.472099682653082,-2.0633431450531794,-4.938627402918616,-2.691373035817016,1.8494468248954994,-2.6676406786601192,-0.09795935787453099,2.6920335394919115,8.486450093376474,3.121689607900324,-0.46567596420554946,7.347518242496763,-0.6674993578548677,-0.8493671597155268,0.5095154465597813,0.8599290567345362,0.2602447125470296,-3.362805628163843,-0.5010318863073004,0.9286809629279562,-0.6488920760613942,-4.436012806648782,-0.3116634478185436,2.046056960091029,-2.4121306616725184,2.657411703194741,0.8983356238571736,-1.2343411244193694,0.7507108152033548,5.323246666474309,-6.991906320874236,-1.4070622074420374,0.3311904204147476,5.052710936465757
numHidden 	5
numGenes 	48
seed 	1586464038296
random 	java.util.Random@76fb509a
popSize 	20
maxEvaluations 	20000
minGene 	-3.0
maxGene 	3.0
tournamentSize 	5
crossoverPoints 	1
mutateRate 	0.4
mutateChange 	1.0
mutateRatio 	0.5
mutateRateSmall 	0.3
mutateRateLarge 	0.7
wepMax 	1.0
wepMin 	0.4
expAccuracy 	6.0
minTravel 	0.0
maxTravel 	3.0
neuralNetworkClass 	class coursework.MultiVerseOptimisation
Training Set Training
Fitness 0.03452122707291571