-0.04394342600140038,7.571451854034659,4.155331915897748,-1.9385159519116393,-9.603528845686132,-1.3137834714748948,1.6834535318633002,-7.590334040864929,0.8271557941576019,-3.195277254499714,0.4789018502958024,-3.613538298006725,1.558451655018791,-3.087610782601142,-3.104481110296834,-1.5043373940832103,5.086519400426104,-5.982199031330162,4.355141580113905,0.9000111224814384,-1.888157671040169,1.90323886698518,3.6208703659365855,-0.9882178683796428,3.4316823664431797,1.4272258862561686,3.400285032066601,0.2793393878757196,1.9174913176649124,-0.3952202402431474,-2.4474948220770822,-2.9128527279545007,-0.9083732812693108,-1.1641966177802816,0.03657145139368367,-0.8045063414883616,5.161687996940355,-0.8305027486156802,-7.90427151640681,-5.400168882460896,0.9596981337758059,0.3492678432600485,-2.5637514866988496,5.453598044779013,-2.825917097144709,5.707263361525221,3.1934156526556157,1.1467700772928717
numHidden 	5
numGenes 	48
seed 	1586464038296
random 	java.util.Random@76fb509a
popSize 	20
maxEvaluations 	20000
minGene 	-3.0
maxGene 	3.0
tournamentSize 	5
crossoverPoints 	1
mutateRate 	0.4
mutateChange 	1.0
mutateRatio 	0.5
mutateRateSmall 	0.3
mutateRateLarge 	0.7
wepMax 	1.0
wepMin 	0.4
expAccuracy 	6.0
minTravel 	0.0
maxTravel 	3.0
neuralNetworkClass 	class coursework.MultiVerseOptimisation
Training Set Training
Fitness 0.021389387179834365