-4.7744767800406525,-1.6007706612177108,-1.4908738467934743,0.04005093917205797,-0.5088139246666714,2.582533141897449,-5.365881575156296,1.210976501382031,4.871627986570854,0.08456189587636795,-5.0009434702695215,-0.18928828263398037,-1.3714728992203693,-3.794676972422151,0.5487714296743222,0.4728351892352532,-8.048361442362888,7.59178661328026,-1.5901425087967571,3.7436449412217323,-2.816054367326886,1.6841627263735222,2.3240183088774655,1.1816708936161762,0.854730296370689,-0.4437277262773147,0.3956107248178744,-4.583720883429064,5.486440884233645,3.4475015996215435,-4.331212879849613,-2.7594466931714137,2.9532542130373236,-1.8528558374040602,-1.9509395328158017,-3.7875078280579846,-3.060489493894168,-2.93732990290329,1.9257686097961553,-5.198383660879276,2.0321331561799676,4.5797572001304285,0.6196201470793872,2.540156869676193,-2.620703978291705,0.6675127537617142,0.9959543166838587,0.15936712084278795
numHidden 	5
numGenes 	48
seed 	1586464038296
random 	java.util.Random@76fb509a
popSize 	20
maxEvaluations 	20000
minGene 	-3.0
maxGene 	3.0
tournamentSize 	5
crossoverPoints 	1
mutateRate 	0.4
mutateChange 	1.0
mutateRatio 	0.5
mutateRateSmall 	0.3
mutateRateLarge 	0.7
wepMax 	1.0
wepMin 	0.4
expAccuracy 	6.0
minTravel 	0.0
maxTravel 	3.0
neuralNetworkClass 	class coursework.MultiVerseOptimisation
Training Set Training
Fitness 0.10353777762295667