5.525357321274555,-1.616130028615918,1.067989051675507,-0.6267843793421058,2.7581536913990368,0.17404252742464998,0.2495198142309173,0.2595736314204648,-4.5182579297271355,-1.362768296928729,5.0421137880953495,5.586935150379999,-1.9824542571279107,0.5532926282806585,1.3055536058771267,-5.18571617072713,5.165362461425457,-0.04929266574130112,-0.4201298273298181,0.3348914229319879,-2.3122339601502593,3.4290313775740358,1.9514393662729272,2.9412241380634208,3.9840536548275147,0.14500332231731372,-0.8424203559049419,-5.043286990892898,-0.1759347506844578,1.8036714809409735,4.255730814651351,-6.71622067525073,-0.9124882421077275,5.633962925481916,-1.110950669781149,1.859727687356137,-1.7895475472324098,1.7250177967679987,1.9705825944674618,-1.4910013565088498,1.8041847586457191,-2.7284034594248587,-0.9428625145622958,-0.889571535965214,1.9146139429978075,1.8356937571425973,0.6911607919698239,0.9343262330758167
numHidden 	5
numGenes 	48
seed 	1586464038296
random 	java.util.Random@76fb509a
popSize 	20
maxEvaluations 	20000
minGene 	-3.0
maxGene 	3.0
tournamentSize 	5
crossoverPoints 	1
mutateRate 	0.4
mutateChange 	1.0
mutateRatio 	0.5
mutateRateSmall 	0.3
mutateRateLarge 	0.7
wepMax 	1.0
wepMin 	0.4
expAccuracy 	6.0
minTravel 	0.0
maxTravel 	3.0
neuralNetworkClass 	class coursework.MultiVerseOptimisation
Training Set Training
Fitness 0.004431779926743559