-2.208563241612007,0.23487083590816,7.999009687551142,-7.019959922365921,0.0454184543760051,3.675207161971515,-4.648118717231667,6.31640956691751,1.5095296656942792,6.858283407437961,-3.017935306570616,-0.09337703721013516,-1.2511235526625986,0.9511252836767758,3.539998838616438,3.717647086537587,-1.1604331004346073,0.5556726984176733,2.204084219340412,-0.9548279075400251,-2.200370849404762,-2.853734933411044,-3.098674142333905,1.8431317757944128,-8.982822924543743,0.20042531278244266,-5.135417662810373,-0.39122800130234686,0.7060221138231711,-0.14131955853965728,-9.514075721095848,0.6911076021481861,5.10586420287496,2.352180444556376,4.897581389557111,-0.3187560908184032,2.5675565545380934,0.3544392661661174,2.5334818890212403,0.96089899141027,2.047041478139022,-2.027239742458367,2.2720053223249175,-5.000662132633578,8.038351156763019,4.718552412755058,1.6918913353340668,2.4029482018905033
numHidden 	5
numGenes 	48
seed 	1586464038296
random 	java.util.Random@76fb509a
popSize 	20
maxEvaluations 	20000
minGene 	-3.0
maxGene 	3.0
tournamentSize 	5
crossoverPoints 	1
mutateRate 	0.4
mutateChange 	1.0
mutateRatio 	0.5
mutateRateSmall 	0.3
mutateRateLarge 	0.7
wepMax 	1.0
wepMin 	0.4
expAccuracy 	6.0
minTravel 	0.0
maxTravel 	3.0
neuralNetworkClass 	class coursework.MultiVerseOptimisation
Training Set Training
Fitness 0.02126563605493643