3.724991160302853,-1.2531209395242144,-6.388847191912306,-0.2767335047279833,-4.580703165032771,4.679023647892438,-3.3628679386170006,4.114181179251325,-1.8842955714779361,6.3914148039053815,2.526397936173919,-1.0401697188805739,-5.2683089893615955,-0.4506147906512359,-0.6437866455259567,5.631203097892915,5.620511418199339,1.3562918525967602,4.086366129368225,-2.4579355205966777,1.056339032143789,-4.456536327143566,-0.6935805772598278,-3.801969266403111,-2.0568235947775406,0.24028855377075287,-0.6565661627973274,-0.09756430029256746,-3.623339513988257,-2.588560997385204,1.7932343833052606,-3.4879401072252714,5.636304353975391,1.201822276384328,0.884707300048309,0.2115201235605244,-2.1827663720862347,0.39551621214991517,3.0770059544383486,3.9320661613607113,-1.226685514499152,-1.5744320449145965,-0.9560802537908342,-1.5819555253229707,2.252023801012672,2.8338486098246305,-0.7543960115009831,-1.2723852800351738
numHidden 	5
numGenes 	48
seed 	1585659117874
random 	java.util.Random@76fb509a
popSize 	80
maxEvaluations 	20000
minGene 	-3.0
maxGene 	3.0
tournamentSize 	5
crossoverPoints 	1
mutateRate 	0.4
mutateChange 	0.7
mutateRatio 	0.5
mutateRateSmall 	0.1
mutateRateLarge 	0.8
wepMax 	1.0
wepMin 	0.2
expAccuracy 	6.0
minTravel 	0.0
maxTravel 	2.0
neuralNetworkClass 	class coursework.ExampleEvolutionaryAlgorithm
Training Set Training
Fitness 0.014564351529211856