-4.5458279609370145,-2.6849807780317727,-0.7096736560967638,5.008877288451096,-2.9045692488043287,2.1993834272200843,2.772963782389187,3.469373220631418,5.365883404899158,-8.451287320052312,-3.180019570423509,0.6531554797641843,-4.230331052876593,1.1682477277133239,0.24396733532357429,-2.1737715422546424,1.5874317026600686,-4.153978361280324,-0.23150599746672818,-9.727533814882944,-1.741457910973016,-2.2394472371382914,-1.298110548413268,-4.0664334619799245,-0.890773003058164,-0.024535652325764934,-0.5558859006664019,1.043405637864018,0.98706599421359,1.0312719748293895,-6.258014999118241,2.344457438642044,4.744705112315632,-2.5307995196482675,1.786615608038166,3.5889758805875545,-0.48518713233881305,0.012462160077937545,3.944863667448672,-1.4274166542031115,-2.9523490432867874,2.118070288946707,-2.9337211205181317,-2.0243570752213067,-3.4052551721180864,1.7837446901424,3.6129023068954504,-1.5969707899865997
numHidden 	5
numGenes 	48
seed 	1585659117874
random 	java.util.Random@76fb509a
popSize 	80
maxEvaluations 	20000
minGene 	-3.0
maxGene 	3.0
tournamentSize 	5
crossoverPoints 	1
mutateRate 	0.4
mutateChange 	0.7
mutateRatio 	0.5
mutateRateSmall 	0.1
mutateRateLarge 	0.8
wepMax 	1.0
wepMin 	0.2
expAccuracy 	6.0
minTravel 	0.0
maxTravel 	2.0
neuralNetworkClass 	class coursework.ExampleEvolutionaryAlgorithm
Training Set Training
Fitness 0.015556973216920957