-2.2264979435726753,6.27001792364743,2.5342175208085775,1.5439471488122138,-0.7192042206327953,5.169753152658736,-2.771712602598959,5.18025023524269,4.937176905343576,9.188108135740942,-1.4458385510747986,1.352741355247222,7.367515630109047,-3.224991844400317,1.3033816332082389,9.67964446093961,1.508934775532927,1.9776445278281494,2.396332119638217,0.40686100169364803,0.974647099995321,2.9647243226717634,-0.41913158994608124,-3.7866303129689918,0.34148956150379894,-0.3319011657392241,-11.815595205952157,0.31784744466171055,-3.9951003722131286,5.768339521629089,-5.440301765452769,4.619513566499125,4.453300203125202,0.2569371418989057,-3.631064141729431,5.214419185346034,2.7038773757003245,-5.492271999258319,1.5607983927169864,2.6968367470025445,-1.3373642708688298,2.179530868862021,0.216940985101308,-3.169523821872403,0.09692067892491285,1.0705380432251155,-3.770938595260229,7.4767847014052355
numHidden 	5
numGenes 	48
seed 	1585659117874
random 	java.util.Random@76fb509a
popSize 	80
maxEvaluations 	20000
minGene 	-3.0
maxGene 	3.0
tournamentSize 	5
crossoverPoints 	1
mutateRate 	0.4
mutateChange 	0.7
mutateRatio 	0.5
mutateRateSmall 	0.1
mutateRateLarge 	0.8
wepMax 	1.0
wepMin 	0.2
expAccuracy 	6.0
minTravel 	0.0
maxTravel 	2.0
neuralNetworkClass 	class coursework.ExampleEvolutionaryAlgorithm
Training Set Training
Fitness 0.006676111463926696