1.7309467844012991,-2.6371148369855675,-5.757363248541603,-4.523797609058699,0.36986274996541235,-2.7459575227151536,0.10535816213793603,0.6999603078320065,-7.804136446845975,-5.554892212406908,1.7592332519399216,-4.607314281420609,-6.463631654102,2.5918043632691568,0.9313921532790217,0.48413729438949615,-5.143409165339629,-2.9984594510179923,5.196431007445613,-4.893658074579925,2.97841823482361,7.909744548366593,-0.4646607405441827,-2.3901279884012543,0.5124256283412139,-0.8323243337021222,-1.1016913368337515,9.190757475208596,-1.0001849741140352,1.9339666444003438,4.732621018980313,3.2738132949545635,-3.152693765711926,-0.9632919718241282,4.114748959872476,-6.715336628020472,7.955917293875762,3.828168556215597,3.307609306902246,-1.3449576638761542,-0.4249995658386785,-1.2845574420695145,-2.7398544286054314,-4.16505016685634,-5.382234383478033,-4.243487224620863,-2.1605869098145725,3.0236071220324083
numHidden 	5
numGenes 	48
seed 	1585659117874
random 	java.util.Random@76fb509a
popSize 	80
maxEvaluations 	20000
minGene 	-3.0
maxGene 	3.0
tournamentSize 	5
crossoverPoints 	1
mutateRate 	0.4
mutateChange 	0.7
mutateRatio 	0.5
mutateRateSmall 	0.1
mutateRateLarge 	0.8
wepMax 	1.0
wepMin 	0.2
expAccuracy 	6.0
minTravel 	0.0
maxTravel 	2.0
neuralNetworkClass 	class coursework.ExampleEvolutionaryAlgorithm
Training Set Training
Fitness 0.05176691581046644