5.5115070457957085,2.8969861199107427,0.11961647240606288,-1.9793765491734707,5.5667106596752225,-3.6226869966692874,0.09081156946314883,6.643393850349037,3.8420453482248424,1.9798194292196556,3.5647844008184153,2.657054384041679,-3.971909820239036,-1.6881365705023754,6.954853441019142,-0.3985921581657861,6.638769858902293,3.0474081131544226,-3.1213358672117275,-0.9686158777825968,2.2438741766329153,2.5748766160445005,-2.1736733240372796,-4.835258435643501,-0.9722865584360798,0.1370235264482722,-0.13126414195457214,-0.619661844545295,2.105381266965445,-0.5033078784585612,4.627074547638514,-3.431476358279533,-2.3555425655610236,5.5985118042631665,-2.079569757444986,5.055176532705992,-1.4543963650670595,-0.3169839215470638,7.029533479965988,-4.960857086514771,-1.5897001668338635,3.2243128200646085,2.71260065528359,-2.664443688584119,0.14103539068639592,2.691445763232383,0.8224892826615036,1.0226697665868028
numHidden 	5
numGenes 	48
seed 	1585659117874
random 	java.util.Random@76fb509a
popSize 	80
maxEvaluations 	20000
minGene 	-3.0
maxGene 	3.0
tournamentSize 	5
crossoverPoints 	1
mutateRate 	0.4
mutateChange 	0.7
mutateRatio 	0.5
mutateRateSmall 	0.1
mutateRateLarge 	0.8
wepMax 	1.0
wepMin 	0.2
expAccuracy 	6.0
minTravel 	0.0
maxTravel 	2.0
neuralNetworkClass 	class coursework.ExampleEvolutionaryAlgorithm
Training Set Training
Fitness 0.009768114281637942