-4.952585663142605,-1.1710703176281396,1.9308998685011878,2.895671905129092,0.8438546163022049,5.347453729872758,-5.63754844538848,-0.5917690817662284,4.761698291012639,5.456843129239563,-5.329673960931243,-2.6508323680427885,3.929897848033061,-1.1324516286623039,3.105706953243474,6.294528982212463,-1.5630738797495642,-4.691691494366957,4.087203424934427,8.54180677170496,1.4474451882927115,-3.646050474418897,-0.836618946188683,-0.27483348961931764,0.1977344250456463,0.10512660132735352,2.6385717814106675,-0.4127437984342588,6.791280839529636,-0.13370121572666727,-5.604778132206395,1.2721519043074572,4.5952015479922235,1.8630175320025124,2.4592404147226468,-1.4192033720941286,4.9267455274468155,-4.232016099081741,-3.831856877002915,-1.8557964607177448,-3.425277265915609,1.4543269865248132,-1.4693019708546573,-5.063627899106622,9.039850571811527,2.8717068441657467,-1.3093250468130229,-3.0054889178518644
numHidden 	5
numGenes 	48
seed 	1585659117874
random 	java.util.Random@76fb509a
popSize 	80
maxEvaluations 	20000
minGene 	-3.0
maxGene 	3.0
tournamentSize 	5
crossoverPoints 	1
mutateRate 	0.4
mutateChange 	0.7
mutateRatio 	0.5
mutateRateSmall 	0.1
mutateRateLarge 	0.8
wepMax 	1.0
wepMin 	0.2
expAccuracy 	6.0
minTravel 	0.0
maxTravel 	2.0
neuralNetworkClass 	class coursework.ExampleEvolutionaryAlgorithm
Training Set Training
Fitness 0.008839719830872471