4.2511897450312555,2.8997925995570872,-6.29912153705686,5.247304144349346,-0.1507129124946167,5.521734277879584,2.4450146952119107,1.591413195804509,-6.399320978988456,0.6322528877633147,2.783312165511317,1.923203894242496,-1.7610992044083862,2.193702221847193,0.012697585038260684,-3.9846084970090896,5.219644849866434,1.1813733692947441,-4.249541201508534,-1.6529382471602745,0.24455011266329918,2.146646804840023,2.8597564395132,1.3196091380456079,-7.160654649402405,-0.20783973395890132,-0.425453736630266,-3.097774574619641,-1.1325199294667756,5.749909771842219,2.071661094980838,-4.1631891484652295,-1.430131846963483,3.160808838019779,-5.536373398524475,3.6139474439935597,-2.7399753443607215,4.539315793360655,2.65910447092555,3.0818196061486782,-3.078652219711543,-2.245500404083253,-5.273693718833196,-0.13253748856842895,8.860439275410902,3.9551658438756094,0.8786991857587974,-7.191918246632783
numHidden 	5
numGenes 	48
seed 	1585659117874
random 	java.util.Random@76fb509a
popSize 	80
maxEvaluations 	20000
minGene 	-3.0
maxGene 	3.0
tournamentSize 	5
crossoverPoints 	1
mutateRate 	0.4
mutateChange 	0.7
mutateRatio 	0.5
mutateRateSmall 	0.1
mutateRateLarge 	0.8
wepMax 	1.0
wepMin 	0.2
expAccuracy 	6.0
minTravel 	0.0
maxTravel 	2.0
neuralNetworkClass 	class coursework.ExampleEvolutionaryAlgorithm
Training Set Training
Fitness 0.017114164566406624