3.0120747705693303,2.0429196612068417,4.430180911390231,2.2052353440739876,-0.20136887683438484,-0.8135697734112677,-0.8352657992586853,-0.4442433950894626,-1.6142539543419252,5.597334337616514,1.4631146483911883,0.19494065784773423,-2.396150724447736,8.521458880567039,-1.0277392666213776,2.237680698049643,-3.7686736301239137,1.3988855829198314,1.6011772271683822,3.8505062795070364,1.0504408450978733,3.6141670609490255,3.2758600238816253,2.890587369538622,-2.2540403537063924,-0.5518523776724401,-4.720535198349938,1.8994589805772024,4.305661638251829,-0.16956843366730487,5.125111762054559,-3.453655230854915,-1.9129166932811856,0.9862817531683553,-4.317390049535006,0.22858876528489952,-1.3473761382236915,2.631613167065272,-4.19552259179444,3.533590661735723,-2.205623057122423,-0.9241048428913726,1.1614677733175047,3.0659627808861156,4.414934649535025,2.177740937239581,-1.7911529913222668,4.1401080321813595
numHidden 	5
numGenes 	48
seed 	1586524602589
random 	java.util.Random@76fb509a
popSize 	20
maxEvaluations 	20000
minGene 	-3.0
maxGene 	3.0
tournamentSize 	5
crossoverPoints 	1
mutateRate 	0.4
mutateChange 	1.0
mutateRatio 	0.5
mutateRateSmall 	0.3
mutateRateLarge 	0.7
wepMax 	1.0
wepMin 	0.0
expAccuracy 	6.0
minTravel 	0.0
maxTravel 	13.0
neuralNetworkClass 	class coursework.MultiVerseOptimisation
Training Set Training
Fitness 0.030601599539212522