-11.314475783974162,-1.34922729329702,-4.966038115960335,0.42125986958651546,-3.6426961693215896,5.795532201088562,5.525574941353422,-3.24243001837717,7.755897970352684,0.5803361651909095,-7.090180163425691,1.413077316265267,-4.188730707063615,-1.9793626158506517,2.2055407369010287,-3.3016106779378434,7.778204549653442,0.09619357900760718,7.509654677589598,-2.8507457312328675,2.7588256219721385,-1.2738706563962232,-6.166200968803731,7.301581507452924,8.322052050650207,-1.6789249829293291,-0.22370876782974092,0.7045479370274841,-2.4062131356274326,4.988601618807777,-5.458121098382012,5.686665196138624,0.9512267223940097,-5.403538176758541,-2.8783452450549367,2.088535585422814,-1.4157181985842966,10.175706810446679,0.8653407020742583,-0.5572970935620553,-2.6668541313460583,1.3248175585749633,-5.167908611684447,5.0108632971616265,4.257030140865656,0.003890157151664726,-0.8778274019015058,-2.1984086436966312
numHidden 	5
numGenes 	48
seed 	1586524602589
random 	java.util.Random@76fb509a
popSize 	20
maxEvaluations 	20000
minGene 	-3.0
maxGene 	3.0
tournamentSize 	5
crossoverPoints 	1
mutateRate 	0.4
mutateChange 	1.0
mutateRatio 	0.5
mutateRateSmall 	0.3
mutateRateLarge 	0.7
wepMax 	1.0
wepMin 	0.0
expAccuracy 	6.0
minTravel 	0.0
maxTravel 	13.0
neuralNetworkClass 	class coursework.MultiVerseOptimisation
Training Set Training
Fitness 0.0073671082038749966