-5.817788845835458,-3.432307578468762,-3.1700980118314455,4.146650406440423,-1.8115089435375975,7.262881164545516,4.856798957731094,-2.200261940492527,7.105077251102804,-0.244491653720467,-1.7615768436392079,-6.268471986549742,-7.792078579112166,-3.3183635511555982,-2.4521869373818554,4.573793843216119,8.871180276872863,-0.9306450786828963,2.4414974454521765,-4.324338967487822,5.115040457271187,0.5575179296227123,-0.28865607980523766,-1.0351101491769679,-6.7148496069593,2.463195678283098,0.6480201149273822,0.26347911710596744,-4.370361528635261,-9.024174987908085,-2.898468303481386,4.121663257220336,-4.029236567807123,-4.964429707860861,0.4178226191259981,8.77588496038265,-5.282931854692646,7.049982840516983,-4.58685936637332,0.04591363207668458,3.029214393360547,0.5395933162935551,-2.9989849425249964,-0.6371698862973257,0.4277823940642988,4.193962776689959,-5.7518986758499855,0.19946525399789322
numHidden 	5
numGenes 	48
seed 	1586524602589
random 	java.util.Random@76fb509a
popSize 	20
maxEvaluations 	20000
minGene 	-3.0
maxGene 	3.0
tournamentSize 	5
crossoverPoints 	1
mutateRate 	0.4
mutateChange 	1.0
mutateRatio 	0.5
mutateRateSmall 	0.3
mutateRateLarge 	0.7
wepMax 	1.0
wepMin 	0.0
expAccuracy 	6.0
minTravel 	0.0
maxTravel 	13.0
neuralNetworkClass 	class coursework.MultiVerseOptimisation
Training Set Training
Fitness 0.005785632006271693