0.3073808951709757,-3.2524983666368077,-1.146965343917024,3.5747569287378482,3.364940112837954,-1.8180802236831761,-3.289720453505821,3.607154074694798,2.4952069947129414,-10.155160762794306,-2.143226429960868,-5.987427895983154,5.010174562552388,4.514557436302658,3.2203812993543424,-0.14657030031116508,-0.046269911173360115,-2.7678558079461175,1.2284290703633685,-9.386570770085605,4.181170427083334,-8.028538300038115,-7.201384710917762,-0.8716418785007829,0.7537609653659831,-0.8480622258154998,-1.7542351880953584,-3.3844111561461196,0.6142709170703866,-0.3110332815094638,2.464507242595505,1.8303214522961584,2.8830545064991426,0.8466598591998252,-1.0395425934471088,-0.6761258182916623,1.44061332627138,2.6551706706539004,4.081685736544401,7.365049263108882,-6.352641573543159,5.950480928182135,0.034399634183428236,-6.695263464259511,-6.252881744630465,-1.858024677958671,1.4413245356411115,-0.522494972917577
numHidden 	5
numGenes 	48
seed 	1586524602589
random 	java.util.Random@76fb509a
popSize 	20
maxEvaluations 	20000
minGene 	-3.0
maxGene 	3.0
tournamentSize 	5
crossoverPoints 	1
mutateRate 	0.4
mutateChange 	1.0
mutateRatio 	0.5
mutateRateSmall 	0.3
mutateRateLarge 	0.7
wepMax 	1.0
wepMin 	0.0
expAccuracy 	6.0
minTravel 	0.0
maxTravel 	13.0
neuralNetworkClass 	class coursework.MultiVerseOptimisation
Training Set Training
Fitness 0.008119873861049575