7.871363796277882,-4.07818082253499,6.274082515543133,-1.5245133722663482,-3.9552502735687165,0.8672530519863374,-0.5004511630933727,-4.899606054900595,4.079024541700841,0.7924812857761707,8.260882185026322,8.859557632211859,-0.27095874746228643,-3.645812684622733,-1.0243145430945144,9.71001494186243,2.1230816625658746,4.028551052340017,5.291289404803394,-1.0171480183163986,4.869258676872373,2.7955085483532263,5.582252920771465,-0.41896396363517446,-6.985689912751461,-0.18211609640365048,-3.0142145537390874,3.3432959383365093,-0.4492414294537737,-3.1603044224017873,3.2171095325500563,-9.305194731281,5.504320733687154,6.586458324478937,-1.1479247597974684,-2.5860131988749586,0.029793215660773847,-0.8071538273826215,-0.9956908871386342,-10.424857426814627,3.282947409026312,7.289758790502828,5.081290620565969,-2.251387053681298,-3.8060089450053174,-1.7519356920676887,-0.836395381776438,-3.6450204818404885
numHidden 	5
numGenes 	48
seed 	1586524602589
random 	java.util.Random@76fb509a
popSize 	20
maxEvaluations 	20000
minGene 	-3.0
maxGene 	3.0
tournamentSize 	5
crossoverPoints 	1
mutateRate 	0.4
mutateChange 	1.0
mutateRatio 	0.5
mutateRateSmall 	0.3
mutateRateLarge 	0.7
wepMax 	1.0
wepMin 	0.0
expAccuracy 	6.0
minTravel 	0.0
maxTravel 	13.0
neuralNetworkClass 	class coursework.MultiVerseOptimisation
Training Set Training
Fitness 0.011361678411525515