2.2620512259576055,-6.617792991956194,2.9663035673190645,-5.234486347588401,6.343014077837331,2.794037151395033,-0.30136044871315304,-1.9434078758444373,4.529723712837458,9.32079895803697,-1.6712180084571622,1.5096693769294485,1.0540686211721497,-2.5506991199820717,5.503887070536041,0.2559085375581214,-0.8183402649073745,-8.551615516698396,3.404611175068078,2.114661895163106,-3.430030506341825,-0.5170548614512722,-2.250169558667583,0.21023337404884657,-1.3334651658342798,-1.9993232328075268,2.704429886211239,0.7158705899999398,-0.3789390335936819,-0.798400195512247,3.9900866599569835,-2.70812365919592,-3.8622005123096423,0.6009923311319476,-0.034301465020743376,1.6103033671338076,2.003145077164612,-7.92730994312368,-3.2122942255669464,-6.43093492353193,-1.0016638360028502,0.6203697008665732,4.640401206821908,-5.271286289702743,5.500805128967895,3.270884029022731,-4.624454932185087,-0.42126724057255616
numHidden 	5
numGenes 	48
seed 	1586524602589
random 	java.util.Random@76fb509a
popSize 	20
maxEvaluations 	20000
minGene 	-3.0
maxGene 	3.0
tournamentSize 	5
crossoverPoints 	1
mutateRate 	0.4
mutateChange 	1.0
mutateRatio 	0.5
mutateRateSmall 	0.3
mutateRateLarge 	0.7
wepMax 	1.0
wepMin 	0.0
expAccuracy 	6.0
minTravel 	0.0
maxTravel 	13.0
neuralNetworkClass 	class coursework.MultiVerseOptimisation
Training Set Training
Fitness 0.008078962591912368