0.810324820875162,-2.342269535162328,1.574118489114143,4.458368518689297,-0.5675799669527657,3.9244251770608356,2.572097505924102,-2.454130873492829,2.8211675971848313,-2.8681351446162267,-3.057941571431381,-4.587545423437526,-0.1424948979206613,2.148613428430434,1.6239428758149972,2.348198358802308,5.272192791153823,1.2704505867332654,6.044816286316687,-0.6508433337988783,0.5368648395378466,0.6956047409550847,0.9809748727567213,0.7905496085194794,-0.34421293608471226,-3.9260424492854664,-0.09148720653864217,-0.8631356550484598,-0.31304119539941666,4.0620889499733135,3.7790823789631673,1.1483585719389084,4.937960247391564,-10.796091113815002,4.747807301293424,0.9702948111230989,2.150792654479241,3.9718145944478906,-2.983687765741342,0.4450174814312494,-5.041249074337956,9.586528980342987,4.600666312343496,1.3614726979571092,2.494597516841672,0.6375402251710344,1.4172953481995927,2.2325124098126214
numHidden 	5
numGenes 	48
seed 	1586524602589
random 	java.util.Random@76fb509a
popSize 	20
maxEvaluations 	20000
minGene 	-3.0
maxGene 	3.0
tournamentSize 	5
crossoverPoints 	1
mutateRate 	0.4
mutateChange 	1.0
mutateRatio 	0.5
mutateRateSmall 	0.3
mutateRateLarge 	0.7
wepMax 	1.0
wepMin 	0.0
expAccuracy 	6.0
minTravel 	0.0
maxTravel 	13.0
neuralNetworkClass 	class coursework.MultiVerseOptimisation
Training Set Training
Fitness 0.007250109327413435