1.1988759145463757,-4.124218928075191,3.482076400242115,5.603530648995083,2.771750339618377,1.934267337599222,10.19261310148352,-0.7355616238547987,0.23899994379473552,1.1614433710378798,0.9861563695113877,-2.7796214069203944,-0.7132571586024835,3.7015126230607804,0.14480097865078012,-3.0745734064353587,6.944280415951182,3.399275088950647,0.02785059962794408,9.611068936456366,-3.003868516774585,-0.7214757751109705,0.8147092160770515,1.2382590257081503,2.824918495118033,-0.6264936184687947,-0.19899769330998746,-2.908727706078715,-0.03240352954527818,1.0040015954960206,3.7472655811461153,-7.89647304117173,3.3718981892604467,-3.65148997946114,3.7089222949380134,3.7062296737251055,1.9206541378907103,2.362729334622564,1.025257533022695,0.8304301245933171,-6.812630856544492,5.472863336200214,3.0876099585697228,-2.5543445911837113,6.281848918838487,0.9969634073273773,-0.28875195249110636,-2.2035915752656092
numHidden 	5
numGenes 	48
seed 	1586524602589
random 	java.util.Random@76fb509a
popSize 	20
maxEvaluations 	20000
minGene 	-3.0
maxGene 	3.0
tournamentSize 	5
crossoverPoints 	1
mutateRate 	0.4
mutateChange 	1.0
mutateRatio 	0.5
mutateRateSmall 	0.3
mutateRateLarge 	0.7
wepMax 	1.0
wepMin 	0.0
expAccuracy 	6.0
minTravel 	0.0
maxTravel 	13.0
neuralNetworkClass 	class coursework.MultiVerseOptimisation
Training Set Training
Fitness 0.007133908098387671