-0.002873088933053394,6.767186088290485,5.136655658457003,6.365199809423709,-0.9676113634507406,-3.9702854948668174,4.400553576740641,-0.9674482656022758,2.659373833451956,0.04056928278306916,-2.5763037108605147,1.0999830991942776,0.8488892932411348,-0.5649349251437432,1.896895547561754,-7.917752221808548,2.1597283595206234,-1.8420913955532365,4.232445136940704,-0.1273899814723215,1.146736365677387,-3.6146982493200204,0.10740862696644578,2.3131010382755375,0.25203833533119263,6.216145977756811,0.1865368405244646,-0.2955650659031005,3.3422414514455783,-2.6012502934438775,1.9328267635960097,-0.5551446295871916,-4.014629892802826,1.1545210229157812,-3.86727197207432,2.8696312882312403,2.5636229843285063,0.2831407182854606,-9.468514455312562,-3.550094699784417,-1.0341647079318212,0.2922858512352677,-1.5333427517466791,-0.5116238605337089,1.6402184495874077,0.7089607002343573,1.9572184746425834,2.139761987357252
numHidden 	5
numGenes 	48
seed 	1586524602589
random 	java.util.Random@76fb509a
popSize 	20
maxEvaluations 	20000
minGene 	-3.0
maxGene 	3.0
tournamentSize 	5
crossoverPoints 	1
mutateRate 	0.4
mutateChange 	1.0
mutateRatio 	0.5
mutateRateSmall 	0.3
mutateRateLarge 	0.7
wepMax 	1.0
wepMin 	0.0
expAccuracy 	6.0
minTravel 	0.0
maxTravel 	13.0
neuralNetworkClass 	class coursework.MultiVerseOptimisation
Training Set Training
Fitness 0.04740219975298949