2.8603414917964125,-8.63448893956354,4.1066618672596125,1.100862870917846,-5.071178932575261,0.23498462365606218,2.842747282965958,-2.408837454000723,-2.27926926921776,-0.9131344463688759,-1.3569318459387876,-8.151898856808465,2.5901667575817116,4.823236504353086,-1.1748217383970037,-4.529880682359987,-6.039814187621961,-1.1888777455676325,-2.152703608386791,4.21672035533927,2.6045037376633577,-1.552031296866243,-3.056321174178475,1.279311421209951,9.40856180670396,0.6941946656578706,-1.7040414828793993,1.7601877859371298,2.4313141746231763,3.172124934898497,1.4203623145636675,2.558154908429924,-1.534400374542606,-7.8611755266624215,2.175213560542971,-1.7924067043360143,1.5563892947983298,-2.2465838427680205,-3.9633977730624883,-0.7328777246007978,-2.466553076626014,-1.917708328249681,-3.6338782341309597,-0.2910488240589462,-0.3358564692294668,-5.185445465583521,-0.08991947341371301,5.017802793454436
numHidden 	5
numGenes 	48
seed 	1586524602589
random 	java.util.Random@76fb509a
popSize 	20
maxEvaluations 	20000
minGene 	-3.0
maxGene 	3.0
tournamentSize 	5
crossoverPoints 	1
mutateRate 	0.4
mutateChange 	1.0
mutateRatio 	0.5
mutateRateSmall 	0.3
mutateRateLarge 	0.7
wepMax 	1.0
wepMin 	0.0
expAccuracy 	6.0
minTravel 	0.0
maxTravel 	13.0
neuralNetworkClass 	class coursework.MultiVerseOptimisation
Training Set Training
Fitness 0.01410830813316396