-2.2446591596633136,14.310585323880632,-0.20497907865748016,-2.805297793856455,-5.6498281748583485,6.908607245019481,-1.1031552085781537,-3.5222890037867067,5.482803969934779,-1.7098329762153235,0.3669055981909537,3.822986543309451,1.4161243988729861,-1.3586849339117606,1.2616392764140334,1.713986545377021,5.7163470154784894,-6.528234489222058,4.018049940726347,-11.80320250339967,-4.19661825940126,-1.0901008972344415,8.069271275206724,1.1598860030290634,-2.8750042955382287,3.4311249378817203,0.12321654267423467,4.7474985375634,-1.0942611505538677,-0.23761089358092094,1.2035801223086147,-13.756932286262284,1.301737035995542,8.887600177904691,-3.408592626994779,0.6382277668086004,-0.9126283063760665,-5.774746609685825,8.763273587941057,1.9708425420220037,-1.4659627279645946,5.703800803512073,1.1528013888770685,-4.98275187148552,-1.857776048906172,4.540416763616964,1.677899585507962,-6.22076545080391
numHidden 	5
numGenes 	48
seed 	1586524602589
random 	java.util.Random@76fb509a
popSize 	20
maxEvaluations 	20000
minGene 	-3.0
maxGene 	3.0
tournamentSize 	5
crossoverPoints 	1
mutateRate 	0.4
mutateChange 	1.0
mutateRatio 	0.5
mutateRateSmall 	0.3
mutateRateLarge 	0.7
wepMax 	1.0
wepMin 	0.0
expAccuracy 	6.0
minTravel 	0.0
maxTravel 	13.0
neuralNetworkClass 	class coursework.MultiVerseOptimisation
Training Set Training
Fitness 0.017252229399517493