-3.9944266394986876,5.09334084025226,-3.989906865363403,3.7002343901541006,-4.733921537627621,7.199001046998423,0.3399560178556692,0.3647808594161892,-2.3121444389289314,0.29743260142397454,-4.2832411247610835,2.8989463164596887,-0.5220650271254083,5.042546281385901,-6.200797663161641,3.7315088204941467,5.069935782978043,-2.5119955506381744,7.498613888330243,3.4093770915815984,-2.2176949405146074,0.5606275370325058,-7.586140705969954,3.8668537318874328,1.5769893165668905,0.033643348689454816,0.8359008354860638,-0.16322501109319837,0.11352320945781572,0.023468968857009467,-11.456628746437985,-2.1764409658018824,5.723444917638527,0.8162912684958358,-3.544429800808854,1.579401381306804,-0.8372576121094675,6.867623564505469,1.2084443625400163,4.158192546723896,3.887910135344675,2.4618846800370027,4.922180846930891,12.224324081875533,0.8179914666597212,-3.6321013079865767,2.096339953202475,-1.8774789678135801
numHidden 	5
numGenes 	48
seed 	1586524602589
random 	java.util.Random@76fb509a
popSize 	20
maxEvaluations 	20000
minGene 	-3.0
maxGene 	3.0
tournamentSize 	5
crossoverPoints 	1
mutateRate 	0.4
mutateChange 	1.0
mutateRatio 	0.5
mutateRateSmall 	0.3
mutateRateLarge 	0.7
wepMax 	1.0
wepMin 	0.0
expAccuracy 	6.0
minTravel 	0.0
maxTravel 	13.0
neuralNetworkClass 	class coursework.MultiVerseOptimisation
Training Set Training
Fitness 0.0063941215164073865