7.009160428922373,0.8981586517419812,10.48936030574569,-4.394824509423102,3.6434429845883063,-5.726349498501683,1.534231445306051,-2.86754071941736,-0.4051263967869026,1.4685125424521257,-1.023990970164764,4.020943865421756,5.548812330321094,0.8476586800959743,-5.51539419282728,-10.306436873115208,-2.274696626847735,-2.9572545996093362,4.397452743483837,5.131285745898224,-3.007724048515442,-0.435039096769191,-0.8568592101455853,-1.4502134932782949,-1.2976773206186374,-0.31073714047796464,-0.21240758305417906,0.42151917303839864,5.624225948802744,-0.6404355480137628,2.0885218050509926,-2.7156688587302202,-7.349154229308605,-0.8236762578144516,-4.769565753678245,3.664251597003688,8.719115381361147,-2.5662214170824598,1.9672620045492657,1.0656179134972783,-0.6243162035520844,5.127550306255314,-6.3404678059059805,3.1596463994586816,7.258214019631684,-6.9885911476147395,0.6778956925382851,-4.615260417225887
numHidden 	5
numGenes 	48
seed 	1586524602589
random 	java.util.Random@76fb509a
popSize 	20
maxEvaluations 	20000
minGene 	-3.0
maxGene 	3.0
tournamentSize 	5
crossoverPoints 	1
mutateRate 	0.4
mutateChange 	1.0
mutateRatio 	0.5
mutateRateSmall 	0.3
mutateRateLarge 	0.7
wepMax 	1.0
wepMin 	0.0
expAccuracy 	6.0
minTravel 	0.0
maxTravel 	13.0
neuralNetworkClass 	class coursework.MultiVerseOptimisation
Training Set Training
Fitness 0.005513675189502917