5.818044962663313,-3.778347696029003,2.216390948871927,-1.7343198026849718,-8.464736174558515,-1.2082712333829675,-9.186515562062795,2.550215477402229,-0.5691095863809267,-5.515457992047323,-5.024318223047244,1.5722596226483039,3.4694358417173006,-1.6205986255641973,-4.3462636214174575,-0.9442936764436819,-4.318639102758965,-4.894930366706436,1.337092039157591,-6.189231878175549,-15.605890826476923,-0.1120147068228782,-3.5019174793394248,0.37571017031682397,-1.3479094012190445,-6.582852881908386,-0.0028192593165590907,-6.831464630489182,-2.040308012250791,0.7087395747502201,-3.8223544397044518,-0.09763560134860866,2.8388255843291677,3.685315188685397,3.715776199900132,-6.381755371973314,4.910980831754999,4.668683917467707,-1.3169710267828123,-3.109384661483054,-6.359448816582456,-1.0810428454516747,-6.628183367754723,5.476691542194452,1.6787362989642993,0.9431411194876711,-3.2422394890807253,-1.8646140687753152
numHidden 	5
numGenes 	48
seed 	1586524602589
random 	java.util.Random@76fb509a
popSize 	20
maxEvaluations 	20000
minGene 	-3.0
maxGene 	3.0
tournamentSize 	5
crossoverPoints 	1
mutateRate 	0.4
mutateChange 	1.0
mutateRatio 	0.5
mutateRateSmall 	0.3
mutateRateLarge 	0.7
wepMax 	1.0
wepMin 	0.0
expAccuracy 	6.0
minTravel 	0.0
maxTravel 	13.0
neuralNetworkClass 	class coursework.MultiVerseOptimisation
Training Set Training
Fitness 0.010102136735366767