-0.5738891129213469,1.9779041944080606,-3.182710075831187,-1.9252085487059432,4.482521395322004,-2.6294247105464255,-2.7032473551336613,2.2055229159983116,4.135195850866665,2.424494096792761,0.42949997004606505,-2.2723531689246186,-0.9569587399887539,-5.009123643908884,2.026875408282557,-0.6240474839446045,-3.7997366652665137,1.146480113437002,0.5362955334853926,2.934454380815239,-2.0329206018913366,-2.190747307978017,-1.8333781889842498,-1.4725972538650314,1.106475472859746,-2.8758115979926546,4.65133562540167,-7.048485455260971,-0.8806012273652394,-0.5909718500338833,2.8646313388356286,3.9422551015250047,-0.668014785389528,1.0608032226584887,-0.988201451884739,-3.090278796611862,-0.18661127602758373,-1.6166403481313876,-2.4335130722268707,-4.8939283151325,-1.8542421538475613,3.065331358384839,6.254679845216149,-3.7809991409973676,-0.5206053920811541,0.44357297641812915,0.540803083236366,1.8052511628962906
numHidden 	5
numGenes 	48
seed 	1586524602589
random 	java.util.Random@76fb509a
popSize 	20
maxEvaluations 	20000
minGene 	-3.0
maxGene 	3.0
tournamentSize 	5
crossoverPoints 	1
mutateRate 	0.4
mutateChange 	1.0
mutateRatio 	0.5
mutateRateSmall 	0.3
mutateRateLarge 	0.7
wepMax 	1.0
wepMin 	0.0
expAccuracy 	6.0
minTravel 	0.0
maxTravel 	13.0
neuralNetworkClass 	class coursework.MultiVerseOptimisation
Training Set Training
Fitness 0.012115419686677145