3.131680692214516,1.108643654587457,11.425396399277473,-2.1423804730859564,5.572923597826964,-0.5629066679428228,6.159547364564566,-1.631520411542708,-4.630035353526092,-0.7533832308192785,5.608396326324204,2.707734482510349,0.20217395168119492,4.916064526436537,11.157810888962615,0.4077965591815577,14.843023237211638,1.1425369136720043,-6.5869548853556035,7.443144815370608,-3.2019565914635435,1.2678461722544043,-4.813891791002482,5.222096393194448,1.1676492612107452,5.230470140573456,-0.468436812442,-2.154350589941409,7.678006549786767,0.33889408115709757,0.5631568466248064,1.592502138777918,-0.7111454207550301,0.49476071485340706,-2.2350044195725522,6.647364711406902,2.901629569507979,0.061213585733928697,-3.4002093121952672,-0.9947871489064558,-2.7559482369258634,-0.864885621195652,10.53956515552955,-14.147911965201743,6.083956063784319,-2.4348460908215697,6.471529224333828,-2.7040899119876856
numHidden 	5
numGenes 	48
seed 	1586551437139
random 	java.util.Random@76fb509a
popSize 	20
maxEvaluations 	20000
minGene 	-3.0
maxGene 	3.0
tournamentSize 	5
crossoverPoints 	1
mutateRate 	0.4
mutateChange 	1.0
mutateRatio 	0.5
mutateRateSmall 	0.3
mutateRateLarge 	0.7
wepMax 	1.0
wepMin 	0.0
expAccuracy 	7.0
minTravel 	5.0
maxTravel 	20.0
neuralNetworkClass 	class coursework.MultiVerseOptimisation
Training Set Training
Fitness 0.0051808611729425745