-1.3052698272379224,-0.30622632275649453,-0.33299643889245056,1.0463613443973785,-1.67858580348584,1.681637039802643,-3.5882625563879116,3.8129627217020565,8.472992184796007,1.5245234007868134,-1.536711890796905,-0.3162335991590271,1.5442492423948677,-0.95832183512406,3.0330352960325526,1.4596392564071397,-2.730200384138802,7.564185979989062,3.6761568189773204,-2.8531310001916266,0.20901229871908694,4.590868953934057,-2.168635320186479,0.13251630046433513,-1.1165027081733276,-0.46174392875321063,2.0919551347520016,-4.642331220731455,-0.5041232911463684,1.163058141565006,-1.8772784734419208,-1.8202201717747004,2.063483128984365,1.9276664377719577,2.8985211519623113,1.2933151295074325,0.39325380499559176,0.5346669219347827,1.9306922573285288,4.1265916140120815,-8.99099663393984,2.743612605833821,-0.05366964914421432,-4.476204497374694,-1.1520254332905169,-1.994610025219145,-0.5064685780206756,2.5743220032653498
numHidden 	5
numGenes 	48
seed 	1586551437139
random 	java.util.Random@76fb509a
popSize 	20
maxEvaluations 	20000
minGene 	-3.0
maxGene 	3.0
tournamentSize 	5
crossoverPoints 	1
mutateRate 	0.4
mutateChange 	1.0
mutateRatio 	0.5
mutateRateSmall 	0.3
mutateRateLarge 	0.7
wepMax 	1.0
wepMin 	0.0
expAccuracy 	7.0
minTravel 	5.0
maxTravel 	20.0
neuralNetworkClass 	class coursework.MultiVerseOptimisation
Training Set Training
Fitness 0.018212454923836295