5.210922741396687,-4.671211375299803,1.0262239030085867,2.1844948368668704,-7.284095110604795,3.604299472268629,-6.773566670963944,-6.183659255765732,5.012259473966308,1.584552729289524,3.363220322087358,-3.630021308926677,2.2258810395461768,0.45502378536227994,-14.292762159072486,0.8340582228186781,-5.052764894920765,4.658806660690643,-6.1483675278676255,4.581245854721772,-5.9651044596283125,-0.3896507375531981,-2.4539244368952615,1.4349562086043695,-1.642411538019253,7.049351609055787,-0.4991902213001001,-5.0017618714743,-9.59887224905319,-0.582543985936729,1.6861206793271177,1.8101718721981606,-1.1750151089559688,-5.246618405174602,7.076477129806654,-1.4442954506131669,8.893134703076436,3.384771069254515,-4.553106929782134,-2.00374935741797,-2.575479294569998,2.200579775637513,-1.7979314335174184,2.5137963225623574,5.351124384729103,1.386822656602479,2.8109409176253246,0.24384086680365735
numHidden 	5
numGenes 	48
seed 	1586551437139
random 	java.util.Random@76fb509a
popSize 	20
maxEvaluations 	20000
minGene 	-3.0
maxGene 	3.0
tournamentSize 	5
crossoverPoints 	1
mutateRate 	0.4
mutateChange 	1.0
mutateRatio 	0.5
mutateRateSmall 	0.3
mutateRateLarge 	0.7
wepMax 	1.0
wepMin 	0.0
expAccuracy 	7.0
minTravel 	5.0
maxTravel 	20.0
neuralNetworkClass 	class coursework.MultiVerseOptimisation
Training Set Training
Fitness 0.012186420982753361