-2.5270522656955645,4.422386718677066,-0.712657726418563,-8.453654606094315,3.0294663884458286,2.985161739670158,2.88459769059814,-13.143523437794912,1.7580072441181034,14.673414336742761,-5.252074196455187,3.712920635744958,6.8776156428433195,-6.380682680592216,-7.644216563537459,0.28103797123656715,12.88425121126149,-6.198285538715593,5.506761589376948,5.972703537258674,-0.24496092151143467,2.1508203922397833,5.456903449020772,-0.44351001213103075,3.5076366447992227,0.33687443750215595,0.09064705552059142,-1.9487288798660136,-0.5197335016760305,-0.6570679106822981,-4.590608988631113,5.7118597665320205,-1.5312819665679607,8.406982031029626,-5.735625027923451,8.131143683918156,3.6030392990557,-0.4867083841243409,-4.982002692452605,-1.1894171506033726,5.131023950905687,6.105969637883556,-3.1227362321708205,0.7933512903928639,-0.07180165248972095,-1.1660290802157323,1.8420380213885585,-3.6361811157061212
numHidden 	5
numGenes 	48
seed 	1586551437139
random 	java.util.Random@76fb509a
popSize 	20
maxEvaluations 	20000
minGene 	-3.0
maxGene 	3.0
tournamentSize 	5
crossoverPoints 	1
mutateRate 	0.4
mutateChange 	1.0
mutateRatio 	0.5
mutateRateSmall 	0.3
mutateRateLarge 	0.7
wepMax 	1.0
wepMin 	0.0
expAccuracy 	7.0
minTravel 	5.0
maxTravel 	20.0
neuralNetworkClass 	class coursework.MultiVerseOptimisation
Training Set Training
Fitness 0.005996559234703106