-10.868713368400744,-0.1906818378240333,7.550138803786471,2.1613060129988786,1.3625463497790455,-7.304142055220905,-14.48663224389134,19.930258721029467,-6.767651862286413,-9.614785211881712,-8.475044456193364,2.1065494828323237,8.08235866584385,8.15457963867499,-8.894045742182174,-7.430689763601218,-17.279647708076556,3.9390550092749406,-13.796242731744526,5.969886638652021,-0.00707861042407875,-1.3736757758891223,2.0018179412842403,-1.6511584425861894,3.6112951707926593,-0.21741501043439232,-0.010395304359227957,3.4348609174654006,2.1260692761801834,17.20364915556466,-12.641658243833687,2.5974721957686953,-3.740992353526645,4.484608075486297,-1.0929123226044017,-7.683304734805044,5.491841772341421,0.913225332452805,-2.5576687934340017,-3.885045593839065,-12.450584758501378,-6.637903590427083,0.2071186615208409,-5.865808010468269,-0.34363625687780164,-4.550094576888181,17.199089376917524,5.675298446695893
numHidden 	5
numGenes 	48
seed 	1586551437139
random 	java.util.Random@76fb509a
popSize 	20
maxEvaluations 	20000
minGene 	-3.0
maxGene 	3.0
tournamentSize 	5
crossoverPoints 	1
mutateRate 	0.4
mutateChange 	1.0
mutateRatio 	0.5
mutateRateSmall 	0.3
mutateRateLarge 	0.7
wepMax 	1.0
wepMin 	0.0
expAccuracy 	7.0
minTravel 	5.0
maxTravel 	20.0
neuralNetworkClass 	class coursework.MultiVerseOptimisation
Training Set Training
Fitness 0.005290474460309917