8.718531585898207,-6.190797295190649,-1.745047314602212,-5.268346563043888,-3.6157127959887254,-2.5439939354573644,2.522855982734833,-5.5306204489908515,6.497137076433725,9.180167678285253,8.122148974047963,-1.4854080196682224,-4.328097163224908,-6.281468810125285,3.5216811083382553,3.4810146916154654,-13.495594359637229,-1.3962141889568367,-8.539986100761077,8.835418899858096,2.536560461987803,-7.0910579128847235,-3.9298631749644657,-0.6097300454291177,2.540403712464554,0.0282798079767382,1.9698922051680812,-0.7317502173731804,4.884916801752218,1.2717556977965898,4.795021058709121,-14.856980421849649,0.41809233586438355,-8.763151144817952,0.7780487903119645,3.1361572459824862,-9.090860472679692,-3.5659855795883684,3.0517963898446347,-5.694697171227669,1.4624547140170299,-7.658613605362919,2.6071873577442473,-3.732431692580401,15.074608081176905,0.28199968488737664,1.8948488117929532,-6.856817997290861
numHidden 	5
numGenes 	48
seed 	1586551437139
random 	java.util.Random@76fb509a
popSize 	20
maxEvaluations 	20000
minGene 	-3.0
maxGene 	3.0
tournamentSize 	5
crossoverPoints 	1
mutateRate 	0.4
mutateChange 	1.0
mutateRatio 	0.5
mutateRateSmall 	0.3
mutateRateLarge 	0.7
wepMax 	1.0
wepMin 	0.0
expAccuracy 	7.0
minTravel 	5.0
maxTravel 	20.0
neuralNetworkClass 	class coursework.MultiVerseOptimisation
Training Set Training
Fitness 0.007743006899019557