10.891122096775273,-1.1947289609180158,8.267585518845625,7.383314933817353,8.470999314824923,-3.53723371364288,-6.0299123440120725,11.577165394110994,6.3049783780843915,2.226798719515603,12.110222352934164,-0.5329688262905299,7.1364186915513566,-0.9954089905343009,0.1797058982503798,-7.94205674966247,12.095135269300703,20.969740351412653,-5.932300875605212,-1.4699344172710676,-2.2489898367773984,6.106327143495009,0.9580859109757057,-8.374473171726887,2.3182721909196613,0.4865063848502036,5.191022474652028,-0.14422096481940017,-1.1465531506801339,-16.493980685182446,18.33937058979242,-1.4508766292791493,-5.775447316771068,-6.044627569518282,3.619967455912562,-0.2149164199118428,-0.7343317386112433,-17.286697032585508,12.018403820878051,-4.695837869982148,-2.821087995377674,-2.7410160925501224,3.667023977617723,2.822821941915368,8.239586144554416,-0.32332278032207834,-0.698554101267099,5.375966119299534
numHidden 	5
numGenes 	48
seed 	1586551437139
random 	java.util.Random@76fb509a
popSize 	20
maxEvaluations 	20000
minGene 	-3.0
maxGene 	3.0
tournamentSize 	5
crossoverPoints 	1
mutateRate 	0.4
mutateChange 	1.0
mutateRatio 	0.5
mutateRateSmall 	0.3
mutateRateLarge 	0.7
wepMax 	1.0
wepMin 	0.0
expAccuracy 	7.0
minTravel 	5.0
maxTravel 	20.0
neuralNetworkClass 	class coursework.MultiVerseOptimisation
Training Set Training
Fitness 0.009141982757457388