-6.027003024766053,10.235481003833195,4.529047013991046,0.0054687937143218434,6.779991643766425,4.695116764903731,3.157045017831828,-2.9002382653380847,-6.886685436625275,8.977192715622731,-7.8119820784946015,-1.4127473652473752,6.829424232840395,7.784877177738336,7.475426842560459,6.554741365835088,2.924495454100377,-5.795897020210798,0.8085064435567164,6.718318000690355,-6.425057439181182,2.7792121490446062,-4.034361857073263,5.395211195042321,1.3286063803902564,2.8424171584282383,5.274857200695325,1.9020760292351329,0.26451586062997046,-1.7711994881873132,-1.1859416273540064,5.290488115464363,-0.1210471677908791,-1.8053697025034277,-0.7166657527271069,0.9942587204916826,5.509887429805776,-10.852982499290773,2.0551234202424014,13.71036804083188,3.9716625336852145,-4.3941122659339635,1.609342749855847,-11.661375521993511,7.762119954117821,-5.140500921758989,-6.8393712054096385,5.259437898140298
numHidden 	5
numGenes 	48
seed 	1586551437139
random 	java.util.Random@76fb509a
popSize 	20
maxEvaluations 	20000
minGene 	-3.0
maxGene 	3.0
tournamentSize 	5
crossoverPoints 	1
mutateRate 	0.4
mutateChange 	1.0
mutateRatio 	0.5
mutateRateSmall 	0.3
mutateRateLarge 	0.7
wepMax 	1.0
wepMin 	0.0
expAccuracy 	7.0
minTravel 	5.0
maxTravel 	20.0
neuralNetworkClass 	class coursework.MultiVerseOptimisation
Training Set Training
Fitness 0.006478496878577458