1.0496479908500413,-9.360599477077505,-6.8213612575249005,3.131892605463382,7.180099184373097,11.42840818378893,7.436362053842251,-5.356969089621853,-1.36240666631973,19.04667991472779,-3.342604031610696,-8.483256611819346,-8.708908145631334,0.7926200049824688,-15.529078071016052,9.207515461907942,-8.194444188812751,-6.289672851273208,-2.983677172685347,-2.0501799365624667,1.5664327382513146,-6.918366199797771,-2.301136766295564,12.964163079182464,1.473640859403016,-0.11040817231615006,-0.4528415832418067,0.38164517924976976,4.343348447796875,-0.33969407729532275,3.611472326192848,5.417953985486157,10.317034276888979,-0.7734662631803968,3.258148431809045,7.519582851621924,-3.0462862855718624,7.323103446811232,-3.182487778445376,-7.915258491864478,-0.35580144391483437,5.449657135076711,-3.459949439051036,3.0815278516590285,-3.8649124526202008,6.907150233967125,0.14758264787245853,-2.524131196132811
numHidden 	5
numGenes 	48
seed 	1586551437139
random 	java.util.Random@76fb509a
popSize 	20
maxEvaluations 	20000
minGene 	-3.0
maxGene 	3.0
tournamentSize 	5
crossoverPoints 	1
mutateRate 	0.4
mutateChange 	1.0
mutateRatio 	0.5
mutateRateSmall 	0.3
mutateRateLarge 	0.7
wepMax 	1.0
wepMin 	0.0
expAccuracy 	7.0
minTravel 	5.0
maxTravel 	20.0
neuralNetworkClass 	class coursework.MultiVerseOptimisation
Training Set Training
Fitness 0.0041248684444937615