3.9946767480679894,5.071956319456874,-13.30729118075132,1.0178021288298846,-0.6811100405990161,-8.364744762876922,-10.946134295745681,-3.7773860717850276,-7.788817078255293,1.61541988975418,6.962037765608579,-1.0552956909773104,-5.017904670820491,0.39506235871757994,4.500517058376632,-8.53964127981084,1.7422076014216406,-2.6836666219473644,-16.35832923537548,0.5432423950155955,11.085020923485366,-1.0677147134402796,2.29605375902205,-1.6937064599606413,4.575224338190885,-6.577433428343668,-6.645993598876771,-0.5182491970819343,-0.5710464485050271,5.546371128586337,10.550115949868475,1.2346491380939504,1.994104558409071,1.7533100583189247,-0.6156108139931513,0.3126674287013882,-14.325417726133283,9.615340635637311,-0.22556625822196374,8.08423690098657,-2.818470073514021,-11.7449703838798,4.193691571982131,-0.7316032880539929,-0.7154628445994214,7.831967446999975,0.048228506452298064,-5.1628132514684255
numHidden 	5
numGenes 	48
seed 	1586551437139
random 	java.util.Random@76fb509a
popSize 	20
maxEvaluations 	20000
minGene 	-3.0
maxGene 	3.0
tournamentSize 	5
crossoverPoints 	1
mutateRate 	0.4
mutateChange 	1.0
mutateRatio 	0.5
mutateRateSmall 	0.3
mutateRateLarge 	0.7
wepMax 	1.0
wepMin 	0.0
expAccuracy 	7.0
minTravel 	5.0
maxTravel 	20.0
neuralNetworkClass 	class coursework.MultiVerseOptimisation
Training Set Training
Fitness 0.009167218779385079