-6.260104694449405,1.3506423549131703,-6.395595967700835,0.9135715249930214,-0.6859300991352434,-7.099305425070229,0.7208296121109199,0.2229121594826522,-6.8514379095877205,-4.225791949467648,6.65605317442759,0.34512663568330887,-11.811198452276258,-1.1123822374003811,10.296780057568654,-2.763406499442251,-2.317161157606289,1.7542755629211806,-12.876590224208712,-4.799269886238861,-3.36742875647339,0.6531758080833999,-2.6185384725985985,-1.711799853427763,-6.870463044093119,-11.705900112819295,-3.1906762645492317,0.03482655707202189,0.4804597434865953,6.631628800904735,-3.21677443054989,-2.758803377458855,-3.1131965290313786,7.606912259407423,-1.5920705416744252,-4.7479686234275995,-4.177697670245775,7.941261954008376,1.175179215223681,3.5144313567164276,1.513722610522116,-6.690786198019223,1.8355152528931495,-6.420158259738576,-1.5418376845340516,1.3127580616297019,0.019308963839191246,-4.535762274887264
numHidden 	5
numGenes 	48
seed 	1586551437139
random 	java.util.Random@76fb509a
popSize 	20
maxEvaluations 	20000
minGene 	-3.0
maxGene 	3.0
tournamentSize 	5
crossoverPoints 	1
mutateRate 	0.4
mutateChange 	1.0
mutateRatio 	0.5
mutateRateSmall 	0.3
mutateRateLarge 	0.7
wepMax 	1.0
wepMin 	0.0
expAccuracy 	7.0
minTravel 	5.0
maxTravel 	20.0
neuralNetworkClass 	class coursework.MultiVerseOptimisation
Training Set Training
Fitness 0.008263873376738352