-0.31621023229002054,4.679978291859623,0.681370126050379,2.5918325098279693,-0.2697410541629199,-2.0595006869600434,-1.7003174175340117,3.198793723007181,1.6983184800835116,-1.734879017407327,0.12822883497499404,-2.018162000517711,2.1699689067466825,1.1498954868897824,-0.9606829856375774,-1.1019805454896516,-4.950589435513623,-6.158690820478008,-0.8265297898864664,-1.0229385300188916,1.5423144577629362,-3.204342468198349,-2.511520332910099,0.8398825697581267,-0.9352930250799194,0.24389115551283716,-1.0781705461553752,4.370389737404924,1.6191687129530163,-3.748141303510954,-1.0178928041748396,-3.765345026936522,-2.0129011949645363,-0.255375153906284,-0.39153989412307755,-0.0973480064892128,-0.3828838344140214,1.825385110114919,-2.3190294472344988,1.943383254628805,1.266695220606458,1.2162921689005255,-0.6416469553455183,1.44574433452875,-2.433679313978093,2.3452337727274424,1.7623336052691165,-1.5533721773686324
numHidden 	5
numGenes 	48
seed 	1586386291969
random 	java.util.Random@76fb509a
popSize 	50
maxEvaluations 	20000
minGene 	-3.0
maxGene 	3.0
tournamentSize 	5
crossoverPoints 	1
mutateRate 	0.4
mutateChange 	1.0
mutateRatio 	0.5
mutateRateSmall 	0.3
mutateRateLarge 	0.7
wepMax 	1.0
wepMin 	0.2
expAccuracy 	6.0
minTravel 	0.0
maxTravel 	3.0
neuralNetworkClass 	class coursework.MultiVerseOptimisation
Training Set Training
Fitness 0.11594371991496626