-3.8198327690684426,2.711929479791597,2.1101616136313583,-2.4367450560606048,0.32720524601869166,2.1673570820282233,1.433811339172934,-2.3361043197114983,-3.398631279058972,-0.533593893982283,-2.9838953437043,-1.8702774881741717,-0.2427924170726005,-3.873644139528254,2.4159980950676463,3.637781512724403,-0.79112484645942,-0.987572646981115,-3.5373076128157845,2.1506560175724707,1.7895320015890444,-3.2134152835960483,-0.02977433408464395,1.413398181777602,-3.330175051714125,-0.4311148714079148,-0.6814251363005412,-3.7725132021144403,1.2191108855050579,-2.005451728697796,0.1261496408985752,2.706231075904281,1.7809798697480446,0.3656869479402347,-0.5199872320226127,2.1010863133853763,1.2938107111704908,3.165514312823106,-1.8656759990731553,1.9009839132441013,4.024719859213082,-1.3722035322882373,-2.6296776933587234,2.058244952276529,-0.1900800488420492,1.1182884066181993,2.3079952541222655,-0.7150163098527309
numHidden 	5
numGenes 	48
seed 	1586386291969
random 	java.util.Random@76fb509a
popSize 	50
maxEvaluations 	20000
minGene 	-3.0
maxGene 	3.0
tournamentSize 	5
crossoverPoints 	1
mutateRate 	0.4
mutateChange 	1.0
mutateRatio 	0.5
mutateRateSmall 	0.3
mutateRateLarge 	0.7
wepMax 	1.0
wepMin 	0.2
expAccuracy 	6.0
minTravel 	0.0
maxTravel 	3.0
neuralNetworkClass 	class coursework.MultiVerseOptimisation
Training Set Training
Fitness 0.09487056518750708