1.2511744133216833,5.876929933691028,-0.7283796157473248,-2.9227489993406213,0.06708067227092136,1.0828654050372486,2.4603182000204815,2.181204046020813,1.7782075247850124,-1.551681033842459,2.1761985718438237,0.17743252415900246,0.5435119014257158,-3.262579610996301,-0.5125676955499746,1.1998542838821145,0.18735124376198212,2.469350549023077,1.8300204701878355,-2.6967486877335585,0.3043610098334486,-1.8888071753260678,-2.963312956934442,0.43966861998972784,-0.10410303014611408,0.16484993634502623,-0.2935021066243161,2.2498394499836842,-0.4110584669759078,1.7088004072326184,-1.3774079833424986,-2.412747502028694,5.531279022075944,1.3305052590433837,-1.5773483979036682,1.9064726898605462,0.09785579181851696,-5.461490765650486,2.7658132513289386,-2.17136543004764,-1.1775279360030777,3.0895899975417507,-1.2527282973468583,1.9135174275902158,-0.7658504931988296,1.2851900256717896,-0.4790545287309565,-1.3661835864848177
numHidden 	5
numGenes 	48
seed 	1586386291969
random 	java.util.Random@76fb509a
popSize 	50
maxEvaluations 	20000
minGene 	-3.0
maxGene 	3.0
tournamentSize 	5
crossoverPoints 	1
mutateRate 	0.4
mutateChange 	1.0
mutateRatio 	0.5
mutateRateSmall 	0.3
mutateRateLarge 	0.7
wepMax 	1.0
wepMin 	0.2
expAccuracy 	6.0
minTravel 	0.0
maxTravel 	3.0
neuralNetworkClass 	class coursework.MultiVerseOptimisation
Training Set Training
Fitness 0.018750895351955763