1.4907436631171744,3.089638738749745,-1.391844452384636,1.9301711329137992,-0.3013210345487614,3.3812164021415696,-1.716228388420779,3.629845635341381,-2.5127864351087927,1.6064163823063073,2.2215312465924053,1.5356591074005774,2.4118277322624437,-1.2235180348735986,-1.8928039423831955,-0.24912862993474794,-2.308257250641294,2.9938105786886346,-3.854909216787736,0.6701995581448683,-1.2208920532487362,0.6043850149308261,-1.5987272382039,0.08686837500284951,-2.964476976113854,-2.592659905730149,-1.5151217894296587,4.05581264195313,-3.3552429210137675,-0.8070313074648476,-5.281466962528973,-0.45430486740768095,2.5152100673922066,-0.901562843446658,-6.073387512737754,-1.2991981540887,-2.9845064365364373,2.23346994026916,0.3910807328557183,-2.6399865312789816,-2.486318501646413,-2.419564019371375,-1.0682841495358242,2.5536688440374227,3.1264882352592456,4.09310096152269,-0.2255744258142138,0.5968156425346779
numHidden 	5
numGenes 	48
seed 	1586386291969
random 	java.util.Random@76fb509a
popSize 	50
maxEvaluations 	20000
minGene 	-3.0
maxGene 	3.0
tournamentSize 	5
crossoverPoints 	1
mutateRate 	0.4
mutateChange 	1.0
mutateRatio 	0.5
mutateRateSmall 	0.3
mutateRateLarge 	0.7
wepMax 	1.0
wepMin 	0.2
expAccuracy 	6.0
minTravel 	0.0
maxTravel 	3.0
neuralNetworkClass 	class coursework.MultiVerseOptimisation
Training Set Training
Fitness 0.10199981939493151