-0.9199189766431818,-1.877984206052557,-2.8328445892234524,0.6840101919203022,1.0383640257481292,4.465490181745158,-1.8988155979733887,0.8261038208840168,0.5279373334489291,-4.246404961268313,-2.5383192534767285,0.7028767801206658,-3.963528637562973,4.868983788765927,-0.35768835062977633,0.41301669361049664,0.5346234209302675,-0.3223804978421318,0.07439180294826886,-2.862969042530627,-0.8102624402470443,3.4774752780408122,-1.7147311931940996,2.61803621791077,1.8297726673879966,1.8026910461173837,3.7452445561463925,-0.1321506736720366,-3.098070250468178,1.3840442163439952,-0.42032649252491155,-2.4972745628043183,-0.3859471280267988,0.8294305669733152,0.27790829488848434,-0.37601143504255774,-3.4088119550452225,-2.267904777536032,1.2579462127260188,-1.1714082317840906,-2.376872412336664,-0.15682882399066872,-2.259286803289316,-0.41781355307430595,-2.981685311178744,-0.0879153497300641,1.5336252516044355,2.702127592414709
numHidden 	5
numGenes 	48
seed 	1586386291969
random 	java.util.Random@76fb509a
popSize 	50
maxEvaluations 	20000
minGene 	-3.0
maxGene 	3.0
tournamentSize 	5
crossoverPoints 	1
mutateRate 	0.4
mutateChange 	1.0
mutateRatio 	0.5
mutateRateSmall 	0.3
mutateRateLarge 	0.7
wepMax 	1.0
wepMin 	0.2
expAccuracy 	6.0
minTravel 	0.0
maxTravel 	3.0
neuralNetworkClass 	class coursework.MultiVerseOptimisation
Training Set Training
Fitness 0.08666379203228516