-1.2117007319752349,-2.3373935303097815,0.17535307607933825,0.12459561255210963,5.374842342548234,3.5950893350900928,2.982206621613058,-1.1712458011276938,0.118351831474818,0.4359903776049453,0.07815643463994093,-1.1265049736202055,-2.3093701616484923,0.9302866272226535,0.8222067605648242,3.8135776564273933,-1.184048636482815,0.44787679656553997,-0.43973977339842363,-0.547916634261177,-1.0033681694354415,1.2798125219609569,0.9568029457301616,0.41177626583779847,-1.3802013448072303,0.2326975023861263,-1.8710489850090386,0.2620344375864006,1.5323762481986432,0.265376915570532,0.2800490877634576,0.12879176330777614,4.759589887103853,0.5130466502432821,3.1890981971184287,0.6853915127416427,-0.5475196361257452,2.2469972262534816,-3.9864750309292285,2.657053621679254,-0.15267978815054364,-2.1387858723671593,2.818446807808089,-1.186033710185388,0.7788210030765729,-2.1780953200560167,1.845037553901062,1.7770548033857336
numHidden 	5
numGenes 	48
seed 	1586386291969
random 	java.util.Random@76fb509a
popSize 	50
maxEvaluations 	20000
minGene 	-3.0
maxGene 	3.0
tournamentSize 	5
crossoverPoints 	1
mutateRate 	0.4
mutateChange 	1.0
mutateRatio 	0.5
mutateRateSmall 	0.3
mutateRateLarge 	0.7
wepMax 	1.0
wepMin 	0.2
expAccuracy 	6.0
minTravel 	0.0
maxTravel 	3.0
neuralNetworkClass 	class coursework.MultiVerseOptimisation
Training Set Training
Fitness 0.02585093926884346