3.83968670160508,0.3658715763310313,-0.8362912454476978,1.0369281502216596,-2.467615184952699,1.452755955938336,-0.7186435051809118,-4.416416035873396,0.45203482345037,4.571436448248056,3.7237471212815207,-3.264961206349899,-0.8193673800598557,-5.380971636874808,2.22939482067953,-3.000629987272779,-0.3516991827019498,-3.004652173441984,-2.273031980399239,1.1058599812741194,-1.4028898411419515,1.032139346242858,1.3335076138946436,-0.651229481226423,-2.9773867906040747,-0.6904587748868056,-2.1916575036514825,0.17718248064655714,-3.4364048568533967,1.6351534973590195E-4,1.9343170427723995,-3.100285799479391,-0.5312853616013339,1.0117562294385247,-2.2632986993963753,-2.5852571611579456,-2.049184132321489,-0.22650789709287808,-3.082277101347439,-0.11726739720708129,4.03064602364437,1.2663790730468694,-0.33653201679310296,-0.7372222803299768,1.8659900475572115,1.754411850534884,0.9081028919570727,-1.781110956150594
numHidden 	5
numGenes 	48
seed 	1586386291969
random 	java.util.Random@76fb509a
popSize 	50
maxEvaluations 	20000
minGene 	-3.0
maxGene 	3.0
tournamentSize 	5
crossoverPoints 	1
mutateRate 	0.4
mutateChange 	1.0
mutateRatio 	0.5
mutateRateSmall 	0.3
mutateRateLarge 	0.7
wepMax 	1.0
wepMin 	0.2
expAccuracy 	6.0
minTravel 	0.0
maxTravel 	3.0
neuralNetworkClass 	class coursework.MultiVerseOptimisation
Training Set Training
Fitness 0.022409433579052722