-0.2704994864940484,-3.2827352722429257,2.7504856446804977,0.7861961623295141,0.9124461559719934,-0.5437362175207678,2.9846810685801493,-0.3482620666722284,5.992510108265292,-1.6845384575458922,1.2364810026880073,-3.359439679767048,0.2789337552426622,0.491034806004134,2.361728303024522,3.4275557359893796,1.8580932250043516,3.4580916339740355,2.9990014958332747,0.638644120152725,1.0488057276144804,-2.1358554153696585,2.459305306845731,-2.840215389722811,-1.1676460221008307,-1.5421146773720118,-0.13497332312903412,5.560711196958225,-0.15501511240544993,0.3473698020839087,1.9158385809840641,2.0977874513644266,0.4942227795806782,-3.989438258289344,2.1744105929186985,0.3028077381167528,-0.6482429120089498,3.591866060444888,1.9757078732185658,-1.9104853970407663,-3.6953592589829434,6.1265472612661025,-3.104574876265599,-1.7582693088497812,3.111826039501335,1.583186925610408,-1.520521352760307,-1.6273925689199997
numHidden 	5
numGenes 	48
seed 	1586386291969
random 	java.util.Random@76fb509a
popSize 	50
maxEvaluations 	20000
minGene 	-3.0
maxGene 	3.0
tournamentSize 	5
crossoverPoints 	1
mutateRate 	0.4
mutateChange 	1.0
mutateRatio 	0.5
mutateRateSmall 	0.3
mutateRateLarge 	0.7
wepMax 	1.0
wepMin 	0.2
expAccuracy 	6.0
minTravel 	0.0
maxTravel 	3.0
neuralNetworkClass 	class coursework.MultiVerseOptimisation
Training Set Training
Fitness 0.017642555959610222