-0.046838785789949884,3.4605915795802975,-1.2869902893333742,-3.5635068386391,2.031094092566898,0.5999210699053676,-4.1691736097797,-2.529421835500506,-2.41581276637337,-0.9506943970278768,-2.1316489309454782,3.308083393205242,-3.8288697804218526,-0.5672841139819941,-1.0022190457925575,-0.7534690690357245,-2.27060903295029,0.07606666564545769,-2.118586870387382,4.135814439095855,-0.3028942828206641,0.546875031696063,0.22829811996641644,-2.7803632586677933,0.5531172944927237,-0.10982634756741744,0.6169471142255112,0.055247900833465445,4.893095797285865,0.08657781020981771,-2.2189497256489985,1.4902914908153275,-0.7132562507326402,-0.5523236584591117,-0.5170928366579983,-3.1203991959313098,-2.6703350751822277,4.091572819581394,-0.21680735390737943,0.6353690954916813,-1.117783166643812,1.2780960757003068,1.001501365696198,-0.05134625234078984,3.201750816713013,-0.769530425173165,-0.5555384485982205,-0.04706016667416782
numHidden 	5
numGenes 	48
seed 	1586386291969
random 	java.util.Random@76fb509a
popSize 	50
maxEvaluations 	20000
minGene 	-3.0
maxGene 	3.0
tournamentSize 	5
crossoverPoints 	1
mutateRate 	0.4
mutateChange 	1.0
mutateRatio 	0.5
mutateRateSmall 	0.3
mutateRateLarge 	0.7
wepMax 	1.0
wepMin 	0.2
expAccuracy 	6.0
minTravel 	0.0
maxTravel 	3.0
neuralNetworkClass 	class coursework.MultiVerseOptimisation
Training Set Training
Fitness 0.004134481269700088