-2.5406788689671163,-2.3542982718875956,1.1331876321561833,-1.386300892324583,-3.2209557876081125,-5.866583492283542,-2.0183560459834475,-3.8439205824951936,-1.1251275140772063,1.773223556142461,-3.2359289898769448,-2.3017068360999873,1.4961035256819324,4.026519727499284,-6.422419677882908,0.511225377083417,0.7499331239464249,-3.868147283378213,2.1960042446361356,0.3700527538712488,3.648062526432686,0.5992084466084511,1.3419436962787534,0.1832683614189585,-1.8357385237037909,0.19346687813666585,-2.070542679555166,-0.03963220996677289,2.4307670612120966,-0.04449254375778896,-1.2834752022913467,2.6904443555405066,-0.6825270031511238,0.5225393517419501,-1.9559764573846636,-2.58451090011805,0.9011165909537625,-0.13894555886472434,-4.82059826246502,-1.1940733177455343,-1.8253711486549626,0.3560044177900624,-2.914993575600913,-0.842007822431057,2.933040844177035,1.6809929620562525,-0.8663523992114189,-2.7844441613809034
numHidden 	5
numGenes 	48
seed 	1586386291969
random 	java.util.Random@76fb509a
popSize 	50
maxEvaluations 	20000
minGene 	-3.0
maxGene 	3.0
tournamentSize 	5
crossoverPoints 	1
mutateRate 	0.4
mutateChange 	1.0
mutateRatio 	0.5
mutateRateSmall 	0.3
mutateRateLarge 	0.7
wepMax 	1.0
wepMin 	0.2
expAccuracy 	6.0
minTravel 	0.0
maxTravel 	3.0
neuralNetworkClass 	class coursework.MultiVerseOptimisation
Training Set Training
Fitness 0.0059031474121532465