11.04920260603085,0.20224542990085298,0.27276145233994914,8.892817336040828,-8.556154643926666,1.970210108628767,-9.074816023945516,-15.052031666842423,0.057731439843179466,5.569774007762719,4.712210450138324,2.543042874821107,0.3046508708125071,-0.27117566345398314,-13.029656638082225,2.1670823646029955,1.4696325565158306,-13.759824578569932,14.657303600435414,3.0797356149498216,-1.4208386119896732,0.5091734797069211,5.160850366844837,-0.4692999807014369,-6.3597134339270305,2.5823464177818116,-10.879751091796514,3.8180788306672584,-10.318215815263695,-0.7729848795841827,14.13046423215716,2.3678432791859683,-4.084269806638953,-5.167989380680464,-0.9605210047918481,0.09424280337356308,-0.6944842422849312,-4.285283907025514,-11.609609000216736,7.886540008005927,-14.063098275594562,-8.109536850481748,-10.893899740280439,-2.5831060696353703,6.585017859527841,-7.985288254482887,15.301959136021491,3.1813739843597415
numHidden 	5
numGenes 	48
minGene 	-3.0
maxGene 	3.0
tournamentSize 	5
crossoverPoints 	3
popSize 	10
maxEvaluations 	20000
mutateRate 	0.5
mutateChange 	0.9
seed 	1584056587980
random 	java.util.Random@76fb509a
wepMax 	1.0
wepMin 	0.2
expAccuracy 	6.0
minTravel 	0.0
maxTravel 	2.0
neuralNetworkClass 	class coursework.ExampleEvolutionaryAlgorithm
Training Set Training
Fitness 0.10317500399205204