-3.5610161338188773,-2.8779958963372705,4.680553395172169,-3.6078990970044584,-1.0892523553984588,5.571471159183123,0.766932976878798,-3.269191945911606,-5.016781279379178,-3.178308462120871,-5.545582655795949,-5.623636354987287,3.392598890618758,-2.2892543445671736,0.5402650152166633,5.138641284800494,-3.7758641827075348,-10.826779124776229,-3.732855568534373,-0.08555586819614924,1.0450139710402446,-0.4488241503870738,-3.7310848251448006,5.3481478980659505,4.796178780216388,-0.7107721658882991,0.39526757351295383,8.619154198636878,-4.7356250107715585,-2.90950871460043,-3.622662354535083,5.57394884794351,4.411790733449712,-2.510428722443037,1.9198772770152022,-4.992171388152804,0.752535265559223,1.1965150577959376,1.1255555721029182,1.250946708961285,0.7341588580533149,-3.4108820635356487,-1.7488667456091898,0.09798699351346318,-1.5562814897252186,-3.0966292593678375,0.6196811803932971,-2.0541433951454486
numHidden 	5
numGenes 	48
seed 	1586093889511
random 	java.util.Random@76fb509a
popSize 	80
maxEvaluations 	20000
minGene 	-3.0
maxGene 	3.0
tournamentSize 	5
crossoverPoints 	1
mutateRate 	0.7
mutateChange 	0.8
mutateRatio 	0.5
mutateRateSmall 	0.3
mutateRateLarge 	0.7
wepMax 	1.0
wepMin 	0.2
expAccuracy 	6.0
minTravel 	0.0
maxTravel 	2.0
neuralNetworkClass 	class coursework.QueenBeeEA
Training Set Training
Fitness 0.010313253412941556