2.9465952200061,-3.4257973603860465,-1.9316384168083347,-5.374267987698705,3.685617596645299,3.59534413621149,-2.632674138289585,-1.910773330719733,-5.737100848292328,-3.7438633946932995,1.8719470950232322,0.698852931023398,-2.542550417293512,-7.522261054742724,3.1940921237340687,4.579966320058797,2.8979972729622157,-1.0652983154147768,-0.47119941344535077,-8.475379143143487,-6.227684625135472,3.6864916787164796,-0.30113734191088715,-4.110100619120856,0.8052779796498126,1.177293560652687,-1.90052932096881,5.380033947702133,0.6986642418773441,-0.6070182257923844,1.14822114059416,-1.0685639385991403,2.8684423166119837,-2.6256902333535335,4.299080340687883,-2.3444128889671534,-0.5280100047758416,-1.1464624727912538,-1.721981702952599,0.05292480199814009,1.0557313145785447,-4.991026659419376,7.125154899867796,-4.824983426091926,-7.374374954368069,1.4045789550811738,2.0153297878729797,-4.308838535515096
numHidden 	5
numGenes 	48
seed 	1586093889511
random 	java.util.Random@76fb509a
popSize 	80
maxEvaluations 	20000
minGene 	-3.0
maxGene 	3.0
tournamentSize 	5
crossoverPoints 	1
mutateRate 	0.7
mutateChange 	0.8
mutateRatio 	0.5
mutateRateSmall 	0.3
mutateRateLarge 	0.7
wepMax 	1.0
wepMin 	0.2
expAccuracy 	6.0
minTravel 	0.0
maxTravel 	2.0
neuralNetworkClass 	class coursework.QueenBeeEA
Training Set Training
Fitness 0.005962585108202319