5.44284789908613,-3.3858746057875777,-4.35763400673974,-6.652193916835033,4.397763510607965,4.115675761401308,2.2819489451329176,3.429411879460945,-0.753274159374854,2.1075032419793045,-3.0457681455339056,-2.3562632457033263,-3.250847071619627,-0.1909659611219945,2.8149843905950114,-6.823576024616976,7.26370014634593,-2.102675999735274,0.11397469425884932,0.9536542658200493,4.483305498211226,1.353155693308002,6.895953441076856,-5.09714817531691,-1.4656414203549495,7.31536318879611,-0.5669884081022483,-3.57334201386504,1.5737175426730043,0.6785736859490217,0.11382940188234092,0.4220647734906202,2.73074852509985,-0.47582187037934087,2.4002090013218,6.880178594747586,-2.796634003363951,1.8070180406267278,1.4930953836061096,-4.323703624946893,2.818129952123723,-0.5687324148852828,1.2487163849419172,-5.671362165347258,1.980995522283666,-3.6484771662886546,2.6368174030753995,0.7479287615651824
numHidden 	5
numGenes 	48
seed 	1586093889511
random 	java.util.Random@76fb509a
popSize 	80
maxEvaluations 	20000
minGene 	-3.0
maxGene 	3.0
tournamentSize 	5
crossoverPoints 	1
mutateRate 	0.7
mutateChange 	0.8
mutateRatio 	0.5
mutateRateSmall 	0.3
mutateRateLarge 	0.7
wepMax 	1.0
wepMin 	0.2
expAccuracy 	6.0
minTravel 	0.0
maxTravel 	2.0
neuralNetworkClass 	class coursework.QueenBeeEA
Training Set Training
Fitness 0.010522248310199352