5.783171994249259,0.891591456119587,-2.9376997265902984,1.859929092916979,-2.9987776987482517,2.1368458802151835,3.413029943782832,-4.834668450118559,0.36725754550709566,8.506499421707318,9.773834391075027,6.1605001518265174,2.007982947940431,0.41703897367999865,3.606413958716005,10.453597723879017,3.0967647148226654,-7.465657053215925,2.1888470910556284,5.034861298585621,3.8751860639522775,-3.1823046680103584,-0.5789421409099886,7.330888478797379,-0.2084583789611465,-0.35811269813238344,4.134478389202995,0.679503005862014,2.8669587811442483,-1.122157074216005,3.713344626143358,-5.280346870887575,-2.564390905108929,4.973455031415029,-0.7129221564487085,4.052059748531175,-3.097091370289455,0.1473658200212411,-6.646989054688028,-3.96833370132922,-1.6914585284368446,3.1253566133043638,1.216672734856823,-1.7510974464305116,4.141161946202011,1.871115995654039,-0.36955467420786214,-1.611468842994552
numHidden 	5
numGenes 	48
seed 	1586093889511
random 	java.util.Random@76fb509a
popSize 	80
maxEvaluations 	20000
minGene 	-3.0
maxGene 	3.0
tournamentSize 	5
crossoverPoints 	1
mutateRate 	0.7
mutateChange 	0.8
mutateRatio 	0.5
mutateRateSmall 	0.3
mutateRateLarge 	0.7
wepMax 	1.0
wepMin 	0.2
expAccuracy 	6.0
minTravel 	0.0
maxTravel 	2.0
neuralNetworkClass 	class coursework.QueenBeeEA
Training Set Training
Fitness 0.009563597314605874