-3.3712568757977417,-9.460927099879763,1.360206167572933,3.778355184686024,-2.3059730604534474,-0.897518335506049,-3.417779218346138,-8.283040122332922,3.005401980668908,-1.2776407292198273,-0.47477246224359737,-3.6048730071215953,-0.07549301630678484,2.217042197426676,-3.2424342870076988,-0.8066861510050489,2.3774496436044767,-3.921629913418329,-0.7293279381986371,0.01563246174884214,-2.0255558577439032,4.906411279203024,7.616505604563824,-5.977789103996725,7.452651695321002,-4.909638802988855,-0.47012313739571354,-0.2400791887042808,4.290522797246744,1.6569068581668998,-3.560795994654625,-4.9357338880387225,-3.037877855762323,-6.108187205627242,7.571399093329473,-1.1213801927291995,10.600643330284997,-1.9407394529175155,-5.369229073378043,0.12613847501586117,-0.15441959954457185,-0.5785828735104865,-3.7104179949199523,-5.058674230191415,0.729115200396782,0.8968520624323557,1.9277733375071564,-3.1489938998632123
numHidden 	5
numGenes 	48
seed 	1586093889511
random 	java.util.Random@76fb509a
popSize 	80
maxEvaluations 	20000
minGene 	-3.0
maxGene 	3.0
tournamentSize 	5
crossoverPoints 	1
mutateRate 	0.7
mutateChange 	0.8
mutateRatio 	0.5
mutateRateSmall 	0.3
mutateRateLarge 	0.7
wepMax 	1.0
wepMin 	0.2
expAccuracy 	6.0
minTravel 	0.0
maxTravel 	2.0
neuralNetworkClass 	class coursework.QueenBeeEA
Training Set Training
Fitness 0.05116567759799613