-3.8715069033798724,-0.2769685749434967,-2.0186551131494195,3.335238655924602,2.452001029675797,3.637003630210052,-2.1753686112999837,2.1271729379105526,-4.733082866439028,7.145505609189819,-3.0328729660680818,0.12143418915568294,-1.597668155654486,1.715323415963015,6.2258716896440305,5.881309681831864,4.6776377581045,2.4456501651499334,-4.058473539387051,1.5082617392645907,2.017355313399289,4.301453786335494,-5.274837014376176,-0.9388250077485738,-0.8275748390659774,-0.41641936434152704,0.9123695254505226,-0.8267005986432459,-0.10394768019318978,-0.02188355052020885,0.13271655846923713,8.70530164733243,3.5514819742406045,0.503690144079791,0.5006760836256148,-2.432236339468867,-0.9041164440529088,-0.010916601677971594,4.669629968150054,1.0307924383383904,-3.010222535160783,-3.8887151401208984,1.3105886949674355,-1.6310455606585312,6.735056298662026,-0.9060324827585076,-2.9950993610826346,4.936714822109671
numHidden 	5
numGenes 	48
seed 	1586093889511
random 	java.util.Random@76fb509a
popSize 	80
maxEvaluations 	20000
minGene 	-3.0
maxGene 	3.0
tournamentSize 	5
crossoverPoints 	1
mutateRate 	0.7
mutateChange 	0.8
mutateRatio 	0.5
mutateRateSmall 	0.3
mutateRateLarge 	0.7
wepMax 	1.0
wepMin 	0.2
expAccuracy 	6.0
minTravel 	0.0
maxTravel 	2.0
neuralNetworkClass 	class coursework.QueenBeeEA
Training Set Training
Fitness 0.00888725228055237