1.393901865037625,-3.370472107646684,-5.801509215354627,-3.36471979808441,9.912928526319812,2.398254790968056,-5.638536092946102,-6.903274331378603,3.6004141193406882,-1.3544146684877771,-1.9829288775613392,-1.5957240641556283,0.7171068988962497,1.148968666454162,3.792314520217344,2.7999140419474404,-6.907515451887301,-0.051931555987736244,-0.6345586650332062,1.0285143632196658,-3.6186868885574786,-0.38072966816928644,-3.1368965265700277,-1.544721410698348,-1.5259034451897258,-4.629565742999493,-0.24875189747448734,3.6092212552483547,-6.817745433360302,0.5791287164646461,-1.5078951929991857,2.577357396034151,-0.7129544526432896,0.35187616321753756,8.863687124363162,-6.743885039223293,-1.3720982349095185,0.9296996779235398,-1.0449912664765804,1.7466489938842267,2.8741790848941715,3.699952659927881,3.575534022295992,-0.2700339126180553,-1.4545864450180017,0.686847820792313,0.49400273282040486,2.090869178238111
numHidden 	5
numGenes 	48
seed 	1586093889511
random 	java.util.Random@76fb509a
popSize 	80
maxEvaluations 	20000
minGene 	-3.0
maxGene 	3.0
tournamentSize 	5
crossoverPoints 	1
mutateRate 	0.7
mutateChange 	0.8
mutateRatio 	0.5
mutateRateSmall 	0.3
mutateRateLarge 	0.7
wepMax 	1.0
wepMin 	0.2
expAccuracy 	6.0
minTravel 	0.0
maxTravel 	2.0
neuralNetworkClass 	class coursework.QueenBeeEA
Training Set Training
Fitness 0.01616427954534939