-1.735028712982806,1.1348767411302112,-2.414979767695984,-2.638557317711241,1.275748040778911,-1.9881087102541821,0.5464678027660073,3.1951423709282496,-2.98703135229764,0.0997779768528213,-0.6267017871923586,-1.4803220370113785,-2.2982303930448227,1.512916525787242,1.9404617947486011,-1.059462601543581,-1.665200640568246,-0.45969782940814774,-2.8672412178486595,-0.8713638267052541,1.9923329254063136,-3.127348325012897,0.20932732431493628,2.307917970392806,-0.07865371075803207,0.9649233606034899,2.7045966040305203,-1.5322125364572643,0.5965944434138528,-0.08135898781943851,-1.7969628501323296,2.427387886263424,-2.973716242417167,0.8965491364808269,-0.5748043739276509,0.02201953959854075,-1.1913095218933383,2.4933960948589053,0.7967601388194439,-0.4508390448604622,2.6304227171972885,0.001252580319138552,0.5634535010344526,-1.234421893187002,-0.8480676340341118,1.6347528770970339,1.6378791252527947,1.8563967301710127
numHidden 	5
numGenes 	48
seed 	1585496434941
random 	java.util.Random@76fb509a
popSize 	20
maxEvaluations 	20000
minGene 	-3.0
maxGene 	3.0
tournamentSize 	5
crossoverPoints 	1
mutateRate 	0.05
mutateChange 	0.5
mutateRatio 	0.5
mutateRateSmall 	0.1
mutateRateLarge 	0.8
wepMax 	1.0
wepMin 	0.2
expAccuracy 	6.0
minTravel 	0.0
maxTravel 	2.0
neuralNetworkClass 	class coursework.ExampleEvolutionaryAlgorithm
Training Set Training
Fitness 0.08837348683422784