-1.667784767733182,1.4133322033808637,1.9317139145156847,0.3376299380621157,1.24781828820152,-0.6369499630868125,-1.289072582593184,-1.5570944631237635,3.059791025518262,4.599885286299183,-0.41259434695155317,1.7114366654097317,-1.6838903320510243,1.6738057036446756,4.8540537592656365,1.9932601992546557,-1.7393153289238428,-0.5398337497354877,2.2758806921232058,0.5177227487526794,-2.6232250264837473,1.4825330885968735,1.5427098521768077,2.992782231330029,1.6505305189429755,1.8793283857276677,-0.9983187391743589,1.3469998219508632,-2.894859825804987,1.5330320648373368,-1.894238312981816,-1.8641093192898133,1.8494200249291985,2.665957148400455,-2.42609995990587,-0.29069548141585644,-0.6855698122502791,-0.46699932414456136,2.320874677801724,-2.4199910182857414,-2.5915933177360313,2.152374947645286,0.045236135182846304,-0.5359281812690906,-2.6847537658471805,2.102207510530521,1.22595704350391,1.3471595726259071
numHidden 	5
numGenes 	48
seed 	1585496434941
random 	java.util.Random@76fb509a
popSize 	20
maxEvaluations 	20000
minGene 	-3.0
maxGene 	3.0
tournamentSize 	5
crossoverPoints 	1
mutateRate 	0.05
mutateChange 	0.5
mutateRatio 	0.5
mutateRateSmall 	0.1
mutateRateLarge 	0.8
wepMax 	1.0
wepMin 	0.2
expAccuracy 	6.0
minTravel 	0.0
maxTravel 	2.0
neuralNetworkClass 	class coursework.ExampleEvolutionaryAlgorithm
Training Set Training
Fitness 0.09438214652993454