1.304547265753043,-4.236364336353187,-1.3341773768328817,-0.5864100413592912,0.1953329927791585,-0.4291984349913518,-0.4372455235939636,2.3629193210117156,-0.44283673437473814,-0.650459486901072,1.2792929889594458,-4.752674812752634,-0.46538982291209097,0.054133165121503346,2.2417185472726864,3.4392580722684807,1.204897450157393,0.09836321567805673,-2.734930958144262,2.291041703775079,-4.645927628233887,0.48457159860637855,-2.989470252820345,-3.795750205022973,1.4933123041392804,2.048513825749117,-0.3841210918117488,0.8923886869234519,1.5305569659670804,-2.748692837806366,-1.5311011272219273,-2.3538526202390564,1.789054552367717,1.2302761364474262,3.3338965254285395,-0.3649076039510466,-0.35160394529086325,-1.2196250604777652,3.469210908128522,-0.308209737696596,2.855096100492598,-1.323960004427558,-1.5111775933872567,-1.8760499118100302,-1.491238846256725,0.4366827030111331,-0.4760906880870639,-2.112709826555473
numHidden 	5
numGenes 	48
seed 	1585496434941
random 	java.util.Random@76fb509a
popSize 	20
maxEvaluations 	20000
minGene 	-3.0
maxGene 	3.0
tournamentSize 	5
crossoverPoints 	1
mutateRate 	0.05
mutateChange 	0.5
mutateRatio 	0.5
mutateRateSmall 	0.1
mutateRateLarge 	0.8
wepMax 	1.0
wepMin 	0.2
expAccuracy 	6.0
minTravel 	0.0
maxTravel 	2.0
neuralNetworkClass 	class coursework.ExampleEvolutionaryAlgorithm
Training Set Training
Fitness 0.07236203854344578