-1.8799009871128023,-1.4107634688195771,-0.02997914868371465,1.3351990077418474,-1.024893336959133,0.5075029251123735,-0.5971009564070777,-2.7670942145880613,-1.51837688904551,3.936681658520481,-0.6611637667922743,0.5329482951902031,-5.17765003337489,0.9377097947193596,0.4188482517019949,-0.9978883815858817,-3.899059541953656,2.7866706142057307,0.9348141211584853,-0.6006111924745667,-0.49782405821043607,0.47004942390563853,2.8095101223447276,0.3917322045846814,2.896346806156042,-1.0154708182796073,0.1774340580638496,2.5752198169267,-1.6295576119697872,6.583599512019952,-2.276170949054287,-0.40160068856286846,1.5652396627539007,-1.7558873298415496,0.17955111421666325,-1.3908153741434726,-1.218634940292577,1.4442758083550586,-1.2028417608981943,-1.841209097020605,-0.41111505619713107,-2.1495669816304774,-1.2511642291773586,-1.7042017705173214,0.6339714064056778,0.7033456439471784,-0.3104974215879235,0.37054941983205136
numHidden 	5
numGenes 	48
seed 	1585496434941
random 	java.util.Random@76fb509a
popSize 	20
maxEvaluations 	20000
minGene 	-3.0
maxGene 	3.0
tournamentSize 	5
crossoverPoints 	1
mutateRate 	0.05
mutateChange 	0.5
mutateRatio 	0.5
mutateRateSmall 	0.1
mutateRateLarge 	0.8
wepMax 	1.0
wepMin 	0.2
expAccuracy 	6.0
minTravel 	0.0
maxTravel 	2.0
neuralNetworkClass 	class coursework.ExampleEvolutionaryAlgorithm
Training Set Training
Fitness 0.06839440354848773