2.187936179813965,2.5827881626972093,-2.4564858082633934,-2.2821820323674165,-4.26369446261834,0.465379820184078,-0.9410423306928761,3.131267568240937,0.6962556132069633,-0.1689353435351606,-1.3433699401616297,-2.1465362105066266,-1.0569059313872948,-2.086352377684042,4.552715597658308,-0.7330147976969563,2.527575084966421,3.343473361268634,2.1043082294579882,1.9233311288690365,2.3499627283526983,-0.8480190246034993,-2.426071500756856,1.1051156247107956,2.532807719661063,5.347210906397359,1.9796855971312213,-0.366012004434797,1.1525336721629333,1.7140104909143314,5.268329830173288,-2.3213888023361307,1.128596943022771,2.5532328548719025,-0.09414164376537837,0.3463308851930411,-3.3548366705888935,0.9617923312298622,1.7663002709423408,4.212067363961199,1.1408370100008645,-2.7763683190110964,-1.4446075311411741,0.3323665626513552,-2.582987427806483,6.381719631542187,2.038832277348879,-0.579547792397805
numHidden 	5
numGenes 	48
seed 	1585496434941
random 	java.util.Random@76fb509a
popSize 	20
maxEvaluations 	20000
minGene 	-3.0
maxGene 	3.0
tournamentSize 	5
crossoverPoints 	1
mutateRate 	0.05
mutateChange 	0.5
mutateRatio 	0.5
mutateRateSmall 	0.1
mutateRateLarge 	0.8
wepMax 	1.0
wepMin 	0.2
expAccuracy 	6.0
minTravel 	0.0
maxTravel 	2.0
neuralNetworkClass 	class coursework.ExampleEvolutionaryAlgorithm
Training Set Training
Fitness 0.25480134096884566