6.334697828524977,-0.028478157725809083,-0.3343850271276274,-2.214803861376507,-0.44830574304925896,-1.7181691669363581,3.0191083232252556,2.0263421784493154,1.90516913461094,0.4682069454820299,2.2645128148699154,3.020732070376406,1.376353628308859,3.553147539892045,2.488940158007887,1.0892141737885828,-1.5118493899343184,0.39906569272279224,0.5974754840816008,-0.700249841468626,1.3248113850586032,3.77213412173033,-0.42035450842696864,-0.2710305554065435,1.198194348064538,3.0462241762281277,-1.8665036802527575,-1.2437550961600505,1.4856900455593038,-0.1003359693935586,0.6518608662217602,-0.9103070091922938,0.5457596846744206,1.8477733194499004,-0.9499995519708175,-1.9425151105276823,-0.31461223246100944,-1.8681375568927865,2.075919352555169,3.719336796867953,-0.09038367634650912,1.850624918943871,-0.4057447682026143,1.5620384671691303,-1.373319909932027,2.2725798921153118,2.8717640244056337,1.051103366615691
numHidden 	5
numGenes 	48
seed 	1585496434941
random 	java.util.Random@76fb509a
popSize 	20
maxEvaluations 	20000
minGene 	-3.0
maxGene 	3.0
tournamentSize 	5
crossoverPoints 	1
mutateRate 	0.05
mutateChange 	0.5
mutateRatio 	0.5
mutateRateSmall 	0.1
mutateRateLarge 	0.8
wepMax 	1.0
wepMin 	0.2
expAccuracy 	6.0
minTravel 	0.0
maxTravel 	2.0
neuralNetworkClass 	class coursework.ExampleEvolutionaryAlgorithm
Training Set Training
Fitness 0.12028240728489524