-0.03002319037776413,0.760184687863716,1.001217626242585,-1.7227200134645022,-1.8579004050549317,0.6982913862850415,-1.2071723793551472,-2.367065034224196,-1.0369771166121984,1.3431788917956937,2.1805550745031486,3.3219757232595946,-4.2381898749410265,0.238924227715688,3.735152037645726,-0.5517173492762888,1.7498760925659482,-0.8533336369007722,-0.6542485437306675,0.1138637152228883,3.292763537425193,-0.8994289146475989,2.534033721232926,1.7432177875217079,0.885884952895212,1.8365747085727353,0.7938221626965696,0.6822536225147999,-1.1010921927108392,1.2019899532333245,0.8164961345915112,1.5490001067339172,0.8431546161231349,1.902688308542949,-4.14378913022406,-1.8307013970202277,0.11581584907063114,-0.044771249818964964,-2.2224123246496608,1.7959016629708868,-1.475619243033873,-2.5797128378742364,3.2718969778824345,-2.637860567643679,-1.5681981610817413,3.3902282293609662,2.3586175600839816,-0.7384535598305457
numHidden 	5
numGenes 	48
seed 	1585496434941
random 	java.util.Random@76fb509a
popSize 	20
maxEvaluations 	20000
minGene 	-3.0
maxGene 	3.0
tournamentSize 	5
crossoverPoints 	1
mutateRate 	0.05
mutateChange 	0.5
mutateRatio 	0.5
mutateRateSmall 	0.1
mutateRateLarge 	0.8
wepMax 	1.0
wepMin 	0.2
expAccuracy 	6.0
minTravel 	0.0
maxTravel 	2.0
neuralNetworkClass 	class coursework.ExampleEvolutionaryAlgorithm
Training Set Training
Fitness 0.09654948642440135