1.059767379749104,-2.133396276032696,-0.9258320762831258,0.19344533800752473,0.8084832889387563,2.5861822477529843,-1.3359302678458977,-0.9333523406770823,1.7884049296645657,-2.8071822539863884,-0.3817190552164731,-2.188832336920938,-0.41625584465480925,0.5167869142944173,-2.195522149184635,-2.721523517699613,1.3048710005793591,-0.11494382821887417,0.8154797496334361,-1.2548988648572648,-1.1996637609816718,1.0442373689360256,2.5201303445996004,-3.177556164889679,2.906275055405372,0.03204203879320744,-1.9358220928606062,-1.600169055420133,-1.9621002585529306,1.7008314974631435,-1.173048450554482,-0.7105889323578802,3.6357747816223984,-2.4507719996194433,-2.4131226350869364,3.291709254031697,-0.9091999113947913,0.4267168080331132,-2.3167384052557045,1.7904494077183788,0.5682245951102973,2.6550243088474144,2.248431946199445,2.4408788847863327,-1.480307812832243,-1.2448233924504135,-2.3230991235257727,2.303587671995836
numHidden 	5
numGenes 	48
seed 	1585496434941
random 	java.util.Random@76fb509a
popSize 	20
maxEvaluations 	20000
minGene 	-3.0
maxGene 	3.0
tournamentSize 	5
crossoverPoints 	1
mutateRate 	0.05
mutateChange 	0.5
mutateRatio 	0.5
mutateRateSmall 	0.1
mutateRateLarge 	0.8
wepMax 	1.0
wepMin 	0.2
expAccuracy 	6.0
minTravel 	0.0
maxTravel 	2.0
neuralNetworkClass 	class coursework.ExampleEvolutionaryAlgorithm
Training Set Training
Fitness 0.11182549119526931