-5.102155417004449,-1.8646021842187297,-0.7066769904757297,-5.477091823499836,0.7098525642469888,-2.136596940509212,0.41461194508736243,-4.270540173717668,0.6416264360635191,-3.2692884571239906,0.5535237826381572,-4.226664163367335,-0.22500314829473655,-6.23781011201795,1.5088225351742945,1.4982216033624827,0.37553547142778054,1.927567888210448,-0.6912862090269041,-2.5888100034705452,0.9998769580563982,-0.9776029276850329,-4.528234672866333,-2.207809032491009,-1.5888100674299697,2.0258536115254993,3.1763915315521354,3.494122479947533,-1.1086695202185917,-4.387042370054497,-0.048256407769907916,1.2903531186445574,5.515043809638404,-1.4713308978402828,0.26689793845434284,-1.812882235681656,0.30900725375409266,-1.939386221111997,-2.028593029928427,-1.8837482818858158,-3.986575688110288,-0.6860072968010229,1.0539480231889335,-3.6407232959235465,2.3963065957507355,1.3965242433478764,5.636977630870215,-2.573100825569078
numHidden 	5
numGenes 	48
seed 	1585496434941
random 	java.util.Random@76fb509a
popSize 	20
maxEvaluations 	20000
minGene 	-3.0
maxGene 	3.0
tournamentSize 	5
crossoverPoints 	1
mutateRate 	0.05
mutateChange 	0.5
mutateRatio 	0.5
mutateRateSmall 	0.1
mutateRateLarge 	0.8
wepMax 	1.0
wepMin 	0.2
expAccuracy 	6.0
minTravel 	0.0
maxTravel 	2.0
neuralNetworkClass 	class coursework.ExampleEvolutionaryAlgorithm
Training Set Training
Fitness 0.20828284507849243