-2.360609765188382,3.9796088701275325,-2.8418552215145176,6.010523157082442,-4.544197585752923,-6.531980952885873,2.324879320236106,4.692355036626351,1.536707802032545,7.503176442272693,-3.893774526529432,-3.841590905316009,0.8186748986513779,10.825585362417666,-5.966202895289802,-6.704639578399066,-5.5027973314127845,2.138054875124997,-1.7574558965931288,6.891337507286898,-1.4839499263565026,-6.7482171357733165,0.37349500298231453,0.25505131435100203,0.521853111016565,0.5990764994800895,-5.165725033061478,1.43556032568768,-0.527640332309562,-0.33261341640635056,-0.16237783958016871,3.1115992440187474,-9.177694834984429,1.4814964361050587,-2.4402459289067213,3.0433612859771078,-1.0522952470999325,-5.323251811164468,3.318332012405264,4.365881502420905,-8.615712873009986,1.192237269570393,-3.197751350853782,0.880169791705729,5.275700313992286,2.957163891416494,-3.621450984888024,3.9032610727402846
numHidden 	5
numGenes 	48
seed 	1585693715778
random 	java.util.Random@76fb509a
popSize 	80
maxEvaluations 	20000
minGene 	-3.0
maxGene 	3.0
tournamentSize 	5
crossoverPoints 	1
mutateRate 	0.4
mutateChange 	1.0
mutateRatio 	0.5
mutateRateSmall 	0.1
mutateRateLarge 	0.8
wepMax 	1.0
wepMin 	0.2
expAccuracy 	6.0
minTravel 	0.0
maxTravel 	2.0
neuralNetworkClass 	class coursework.ExampleEvolutionaryAlgorithm
Training Set Training
Fitness 0.01183517227432993