-0.3462657729983656,-0.5928242332147038,-3.041053264691077,9.783795559645434,-2.30003211476148,-3.013529445088234,-9.169718799338495,5.673693379232159,-2.026291865803831,-1.2862840471751968,-6.133203688359531,-3.220877874366461,-7.942399909706255,3.556491000637717,4.3214512857731275,1.6522021854273206,-12.377580888138564,8.766495589262172,3.235180125326014,-1.0011563254437963,-1.1190601237536484,-0.696728548959408,0.4366163172227404,-5.414791345077142,5.065296125944086,0.699512447640803,0.3262046379759953,-0.3885805017386801,2.8117168634493863,3.4802711144575253,-1.3901736829955529,6.982988386996093,-0.5086839223062771,-2.105129727526588,3.9397652995417842,-7.656755330158395,-4.4013112474934255,9.142893897454623,7.4205081868281155,0.8225197365497028,-4.75670679814041,1.972949722532733,2.627590851683176,3.041563160836273,-0.32585938599387987,-5.500356678295715,0.5087803212738713,2.3868788994667476
numHidden 	5
numGenes 	48
seed 	1585693715778
random 	java.util.Random@76fb509a
popSize 	80
maxEvaluations 	20000
minGene 	-3.0
maxGene 	3.0
tournamentSize 	5
crossoverPoints 	1
mutateRate 	0.4
mutateChange 	1.0
mutateRatio 	0.5
mutateRateSmall 	0.1
mutateRateLarge 	0.8
wepMax 	1.0
wepMin 	0.2
expAccuracy 	6.0
minTravel 	0.0
maxTravel 	2.0
neuralNetworkClass 	class coursework.ExampleEvolutionaryAlgorithm
Training Set Training
Fitness 0.009499674102748842