-2.100794225857163,-6.49016688799136,-2.589320388154464,-7.925887772722929,2.9881565298203903,0.6581830019979975,10.019153661864605,-6.732758701123431,-3.4713379648063256,-12.620930514262623,-1.7470964668974922,-6.224050405571768,9.740035195878814,-8.92491350156947,-2.3138420388314764,-8.8784693571803,-5.727334578670089,-8.841897303796616,2.152936669293524,-13.11525054314841,2.219591662253963,5.3658516539972485,9.517166283888063,0.19976884871984968,-1.0453278549190763,7.775768507555922,1.966840882519124,3.337130637979212,-0.311890270885935,0.06453158311581397,3.239686134608947,3.0740797971028764,-3.3778625857112807,-5.295199916613574,2.053512048515895,-0.290046563032758,5.089359137960978,-2.231948624816525,-2.2067150329132907,-3.7607236731233646,9.97573389863672,-2.6985245532878936,5.059107304390074,-5.159052905890052,-14.47249368407966,-3.6372085610819056,-0.3963480712013414,1.0349060709891185
numHidden 	5
numGenes 	48
seed 	1585693715778
random 	java.util.Random@76fb509a
popSize 	80
maxEvaluations 	20000
minGene 	-3.0
maxGene 	3.0
tournamentSize 	5
crossoverPoints 	1
mutateRate 	0.4
mutateChange 	1.0
mutateRatio 	0.5
mutateRateSmall 	0.1
mutateRateLarge 	0.8
wepMax 	1.0
wepMin 	0.2
expAccuracy 	6.0
minTravel 	0.0
maxTravel 	2.0
neuralNetworkClass 	class coursework.ExampleEvolutionaryAlgorithm
Training Set Training
Fitness 0.010000980975692655