1.8856656667024048,2.0047488761742525,1.630762394548543,-4.12760232285092,4.606446282700392,-6.854198693866649,-7.640785946589255,4.626256031130503,0.5029835590353473,2.3768729146922807,2.9823093777519176,-1.9028480931414742,0.9013575448832807,1.995225492264443,6.062640516516073,-4.990460020270288,1.9618475771956536,-1.2454759308992784,-4.20954948694191,4.6821088780581155,-0.38209068896386444,5.395496215340472,-1.579881203861147,-1.4034958680435095,0.009430929075228356,1.2578665295462432,1.5282628473477482,1.3092326619126613,-3.982129912841441,0.20516720182440684,-2.42085697451329,-3.206907017313066,-4.055208629535858,3.0965926862633255,0.5441502893346035,-6.5037328735265465,-1.8810868829467715,-2.3083231876415846,6.989988001284201,3.47275474834537,-1.374250474494981,-2.729800007311657,7.257314368705581,-9.411764296804229,1.0579788051543257,3.489971855028079,2.576218347735681,-0.6105630164574452
numHidden 	5
numGenes 	48
seed 	1585693715778
random 	java.util.Random@76fb509a
popSize 	80
maxEvaluations 	20000
minGene 	-3.0
maxGene 	3.0
tournamentSize 	5
crossoverPoints 	1
mutateRate 	0.4
mutateChange 	1.0
mutateRatio 	0.5
mutateRateSmall 	0.1
mutateRateLarge 	0.8
wepMax 	1.0
wepMin 	0.2
expAccuracy 	6.0
minTravel 	0.0
maxTravel 	2.0
neuralNetworkClass 	class coursework.ExampleEvolutionaryAlgorithm
Training Set Training
Fitness 0.016908249077492988