1.6818456500693477,2.2257477834872965,-6.312101175592901,7.189003090958222,2.48530763821251,-4.682299135089537,-0.47529768651004023,3.368550188890495,-8.871469369910102,9.231293553409655,-0.6766003108232521,0.8722678048800621,-1.6573680058734217,10.84878889353935,-0.3878105060235839,0.25855339992879145,0.7606374574606383,-3.9930818330153075,-0.11731716748223286,10.207498636012962,6.015866748786174,1.333532690790019,-0.1874376858768363,1.8741734089132223,0.11745704244868715,-4.790629611907958,-4.017425561245144,5.2033971916993895,0.018172460782497346,0.012354403952631543,-1.1489053909078923,-1.1007654237147544,1.782858072212215,1.4802178352633213,-1.486804570871544,-0.5320048232636783,2.0094320731578668,0.4449176136951474,-3.5020233353703634,7.111595257223763,-4.8274946408484585,-1.7624973843000475,2.93829939768261,-4.4483953786402886,6.538757859869186,-3.185139812621732,-3.214553692786761,3.388651138901788
numHidden 	5
numGenes 	48
seed 	1585693715778
random 	java.util.Random@76fb509a
popSize 	80
maxEvaluations 	20000
minGene 	-3.0
maxGene 	3.0
tournamentSize 	5
crossoverPoints 	1
mutateRate 	0.4
mutateChange 	1.0
mutateRatio 	0.5
mutateRateSmall 	0.1
mutateRateLarge 	0.8
wepMax 	1.0
wepMin 	0.2
expAccuracy 	6.0
minTravel 	0.0
maxTravel 	2.0
neuralNetworkClass 	class coursework.ExampleEvolutionaryAlgorithm
Training Set Training
Fitness 0.00815784822205708