0.9020259387426206,-5.657932951144214,-10.309557134364661,-5.45068622354705,-1.633874750766621,5.19378212491523,-8.798355138929551,2.670714720275493,-0.6970631123490989,-4.360942293671567,6.975529928180516,-3.8268530990583134,-6.565810466742148,-2.9205130392679886,-0.6516373349871261,-8.680985903106864,-8.558551411974069,2.1670187952609075,0.5294828850532705,8.556951045019563,-5.760621109901934,0.05894769391206722,-0.4998469370132739,5.778528159503111,0.007571047009522047,0.9890626475851825,0.25783178947598984,-0.1933320208913134,8.708933487154548,6.706010222130292,4.025369475101604,-6.331374955127625,0.042361154538252954,-4.539231155099732,2.993330079330818,-10.991763401957583,-10.784154707610197,0.46750140183173894,2.617707663382026,-8.373815304853487,-5.1292283842307596,0.2852357778356147,2.923905154275295,-1.2919757943780366,2.7348455021525053,1.8128118388951915,4.183559036816451,-0.9380991822777833
numHidden 	5
numGenes 	48
seed 	1585693715778
random 	java.util.Random@76fb509a
popSize 	80
maxEvaluations 	20000
minGene 	-3.0
maxGene 	3.0
tournamentSize 	5
crossoverPoints 	1
mutateRate 	0.4
mutateChange 	1.0
mutateRatio 	0.5
mutateRateSmall 	0.1
mutateRateLarge 	0.8
wepMax 	1.0
wepMin 	0.2
expAccuracy 	6.0
minTravel 	0.0
maxTravel 	2.0
neuralNetworkClass 	class coursework.ExampleEvolutionaryAlgorithm
Training Set Training
Fitness 0.009483116681407049