4.70169656543969,4.8013370092137055,7.590144146679595,8.789750257734813,-4.587063283268425,-5.610718072982901,6.731828290925613,2.341401399789045,-3.6997974029171132,3.8590777456755188,2.2923516525220435,6.799434883754393,-3.394970789669447,9.760226686164753,1.953045575605687,-10.390948004966496,10.026133561574454,-5.385381902370769,0.9210267675483186,-4.672003865557306,-0.888187440167207,-0.47326405971136065,-1.2409398054010055,1.2655868141643247,-8.093305294472032,0.4964196653229389,0.1860948153808355,6.037539035266684,-3.454858680844071,2.6502106220145194,2.022894582771746,-2.198218058581804,-7.7307899346229325,5.522027229262985,-4.684949227075905,3.681684994616539,-1.6977581352079465,-0.5051899303948195,-3.510015981892157,-0.10396032131292454,-3.2812225304812124,-3.769270105332488,-1.5120735991940109,1.4494528993347044,-1.0333339966559003,0.446946691241461,-3.1747048945374425,2.4806743770911606
numHidden 	5
numGenes 	48
seed 	1585693715778
random 	java.util.Random@76fb509a
popSize 	80
maxEvaluations 	20000
minGene 	-3.0
maxGene 	3.0
tournamentSize 	5
crossoverPoints 	1
mutateRate 	0.4
mutateChange 	1.0
mutateRatio 	0.5
mutateRateSmall 	0.1
mutateRateLarge 	0.8
wepMax 	1.0
wepMin 	0.2
expAccuracy 	6.0
minTravel 	0.0
maxTravel 	2.0
neuralNetworkClass 	class coursework.ExampleEvolutionaryAlgorithm
Training Set Training
Fitness 0.009689660700053804