5.3536549314793715,-3.9073953771926107,-0.8273080285369261,-3.2084345637440785,8.60017523294961,-5.394376916513981,6.1938515338980356,-4.280584238441422,-0.0285102938375994,3.4895070773826786,7.535883356385085,0.5760662190321746,-3.0006531700093815,-4.194193153786692,4.3313327974341655,-4.032075064230803,0.9560800075947644,-9.748121160124166,-0.32360343436493855,-5.8490350427423525,-2.246352581043509,-3.7411053730406474,-0.21297536945048412,-1.6692963660662725,1.5421266767016197,0.014886084503770824,1.613786518248948,0.47175744511504725,-0.6001055897749792,3.6194029953181666,5.656416429540509,-5.163909350779162,-3.5341889664463393,-5.501229425041064,2.5781528315709363,1.0959521954113463,-0.7217303468386431,3.481820681521018,-8.529778766292296,-2.345510008506401,5.39681422260155,0.2220414512874802,-1.8784986498353504,-3.5259331604389406,1.4649452188374559,2.7342423747357785,1.6516196799883076,-0.17788660016952473
numHidden 	5
numGenes 	48
seed 	1585693715778
random 	java.util.Random@76fb509a
popSize 	80
maxEvaluations 	20000
minGene 	-3.0
maxGene 	3.0
tournamentSize 	5
crossoverPoints 	1
mutateRate 	0.4
mutateChange 	1.0
mutateRatio 	0.5
mutateRateSmall 	0.1
mutateRateLarge 	0.8
wepMax 	1.0
wepMin 	0.2
expAccuracy 	6.0
minTravel 	0.0
maxTravel 	2.0
neuralNetworkClass 	class coursework.ExampleEvolutionaryAlgorithm
Training Set Training
Fitness 0.010685909906410876