4.321387874800057,2.5736748820425266,-0.026772744027642403,-1.536446351777351,1.3276454956213062,-0.4065464220088142,-1.5060379174129306,3.7013710453117037,2.3722972472184027,-5.725320888875197,6.9190419510852745,6.225393559047862,3.039298003608957,-4.376231807280684,1.8708626342652561,7.770625869123635,2.3185955280746677,1.0228021349753664,4.383708069776825,-10.098380234013963,1.0798776818791138,-0.1016855016521232,-1.964672620869473,-2.8061493608224604,-1.8224877907857095,-0.18762958830431353,-6.884559523170131,3.9761186255328838,-0.6468182230046953,0.46833765959523177,3.832506995258008,-11.638668652550356,0.5285155762097729,-3.211196298733403,2.5250870879339735,-0.9234674049600371,-1.4076243055935471,-3.373094962109737,-1.8806658813848625,0.6565253051885369,-1.1760355660649982,1.9255618632150124,1.737032002912485,1.0920280352142817,-6.51381454682981,-2.8407137832908784,3.7909894650383453,3.841394033539106
numHidden 	5
numGenes 	48
seed 	1585693715778
random 	java.util.Random@76fb509a
popSize 	80
maxEvaluations 	20000
minGene 	-3.0
maxGene 	3.0
tournamentSize 	5
crossoverPoints 	1
mutateRate 	0.4
mutateChange 	1.0
mutateRatio 	0.5
mutateRateSmall 	0.1
mutateRateLarge 	0.8
wepMax 	1.0
wepMin 	0.2
expAccuracy 	6.0
minTravel 	0.0
maxTravel 	2.0
neuralNetworkClass 	class coursework.ExampleEvolutionaryAlgorithm
Training Set Training
Fitness 0.007451982613428328