-0.9916425446934705,6.399497175190817,-6.850049102032854,0.2652791589633212,1.889343775128077,-3.1757356099665897,-8.794655747274454,3.1054651695845434,3.175000884430748,-4.799051940279408,0.5240719639484057,0.7397526581118488,-10.39019559592237,5.378477008779732,1.2626520939642965,-10.997238444221303,1.3096174712053266,-2.5116007955271673,-0.06759061578295089,-3.9171207519846103,-3.209231006096012,10.797744501854064,0.09348769460940076,-2.982964806486772,0.6081032984115247,0.24986054587287176,0.8283266128253803,-0.2073819606954186,0.41914618663407177,6.969668996161985,-1.693465168546834,0.7993353224066961,-6.68491978406484,1.4376659966262268,-0.3802030395045044,-2.018008780457259,-4.901282871970071,10.410097899350333,1.1751968245198414,-0.8271184036553336,-4.758417858155136,2.6763157680921803,-2.8289328606334703,0.35398829252850916,-2.2419102693993116,-0.14045214851953514,1.7790808426972173,3.0581419948062933
numHidden 	5
numGenes 	48
seed 	1585693715778
random 	java.util.Random@76fb509a
popSize 	80
maxEvaluations 	20000
minGene 	-3.0
maxGene 	3.0
tournamentSize 	5
crossoverPoints 	1
mutateRate 	0.4
mutateChange 	1.0
mutateRatio 	0.5
mutateRateSmall 	0.1
mutateRateLarge 	0.8
wepMax 	1.0
wepMin 	0.2
expAccuracy 	6.0
minTravel 	0.0
maxTravel 	2.0
neuralNetworkClass 	class coursework.ExampleEvolutionaryAlgorithm
Training Set Training
Fitness 0.006707954798133959