3.7350146236964754,-6.829515783650146,1.443378202565559,6.549192576777846,-3.1705624050415047,-5.299842855558245,4.4596481129261765,8.877228452347463,-0.4729730654559674,6.457306942372835,11.075625168451632,1.4753611913138176,1.0491789130885714,4.659045454360949,1.3299687040040027,-0.5711346518730736,6.528480135526587,10.849153988380802,-2.754394086242229,1.9625311429274777,1.8783320855398378,0.571887236669939,1.5029178857753411,-0.376112742299318,-2.7775155421515727,-0.3537235116684325,3.847725123796307,-0.7164765133036184,0.3250697053934717,-2.643290283683332,4.701874445569303,-7.713432723850053,-0.21927483749037213,-0.18740935714362594,1.960966942729014,7.737410687218194,-4.03030757943127,-5.860679469575323,14.778129690560817,4.737929254422686,-9.835260248264682,-5.198690377258902,3.92608739684956,2.434815680427244,-2.2028161129615356,-0.3271809838879882,-2.285263281191739,-2.520424571628288
numHidden 	5
numGenes 	48
seed 	1585693715778
random 	java.util.Random@76fb509a
popSize 	80
maxEvaluations 	20000
minGene 	-3.0
maxGene 	3.0
tournamentSize 	5
crossoverPoints 	1
mutateRate 	0.4
mutateChange 	1.0
mutateRatio 	0.5
mutateRateSmall 	0.1
mutateRateLarge 	0.8
wepMax 	1.0
wepMin 	0.2
expAccuracy 	6.0
minTravel 	0.0
maxTravel 	2.0
neuralNetworkClass 	class coursework.ExampleEvolutionaryAlgorithm
Training Set Training
Fitness 0.00842549822723927