0.4000109105145695,-5.049576508061349,-4.807491277553739,3.5691215185382044,-1.0933902363842765,-4.731732075846217,1.8420436548852748,2.6271026370049686,7.820154896219197,-6.481328784800796,-0.3341307304613541,-6.334074748401976,-4.339068922567099,2.6078377433448097,-7.954056523671152,-2.685389458176056,7.439111385925266,-7.328226115634951,-1.1439175527337504,-9.676668455900298,4.383265041615838,1.6598334433484498,-2.854960350488895,-3.4328622087136837,0.10715833477519698,4.314044181345297,-0.6379898493454186,0.03198934341041415,-0.518094268672197,0.21926382264348376,3.7910477448860593,2.3046068177336854,2.4591633642763346,-7.392820370278714,4.958608373178283,7.056828302155868,-2.2431848385886477,1.6623131631376653,1.4010028650383424,-0.07318827103595282,-5.849243259637651,2.8925101113323617,-3.807971020670619,5.239709347062212,-10.802046421579377,-6.7954170996785495,-3.3440614624326415,2.1912537433028243
numHidden 	5
numGenes 	48
seed 	1585693715778
random 	java.util.Random@76fb509a
popSize 	80
maxEvaluations 	20000
minGene 	-3.0
maxGene 	3.0
tournamentSize 	5
crossoverPoints 	1
mutateRate 	0.4
mutateChange 	1.0
mutateRatio 	0.5
mutateRateSmall 	0.1
mutateRateLarge 	0.8
wepMax 	1.0
wepMin 	0.2
expAccuracy 	6.0
minTravel 	0.0
maxTravel 	2.0
neuralNetworkClass 	class coursework.ExampleEvolutionaryAlgorithm
Training Set Training
Fitness 0.00801524838461785