3.7884274735566184,-3.122395732544259,3.0689209291202797,-4.1545998718933985,0.22741473242273536,-2.8386510892446513,-6.903479702599721,-7.298881509445154,-6.305962795083207,1.726601313354318,5.829269705004183,-8.831237088526768,-8.386567071629262,-4.887834872213105,-3.603589103023202,-10.712875611796303,-6.8413917146354235,-2.383305629868813,-5.942759586905744,2.142854414511195,-1.5609884324376937,-0.8712567635978319,4.121477578369742,0.9677583057863384,-2.0929268778968133,0.49318590070026147,-1.0862353613105338,3.040427833519078,0.6758927074373855,0.1684034676675621,8.008583150535458,-3.2045697860823807,-7.403764840132775,-6.355627370653899,5.787518029319333,-5.049775656358796,-6.0186260310137705,-1.3433230510494774,0.15877558727717744,-1.6583597592759913,4.71663330929589,-10.60434718637648,-0.9697784715933047,0.7888602408840271,-2.975265865900684,-1.1632726591981193,1.9967142455038456,3.9103483237123617
numHidden 	5
numGenes 	48
seed 	1585693715778
random 	java.util.Random@76fb509a
popSize 	80
maxEvaluations 	20000
minGene 	-3.0
maxGene 	3.0
tournamentSize 	5
crossoverPoints 	1
mutateRate 	0.4
mutateChange 	1.0
mutateRatio 	0.5
mutateRateSmall 	0.1
mutateRateLarge 	0.8
wepMax 	1.0
wepMin 	0.2
expAccuracy 	6.0
minTravel 	0.0
maxTravel 	2.0
neuralNetworkClass 	class coursework.ExampleEvolutionaryAlgorithm
Training Set Training
Fitness 0.006461204524181707