1.3764550603706311,10.76294936897218,-1.7199526844123927,-4.769548527027225,4.4296187284372674,-5.9454380082987175,2.701167478811362,-1.3418162950169226,0.8656117804990835,4.179513420517523,5.1602264713852675,7.991349206359478,0.33654640554065285,-1.553153976072565,3.089044271436859,-3.361929446748576,2.4608540180065575,-2.8591222999077868,7.120054505808121,7.713883400298384,-0.54490217205361,0.15449827960626195,-0.9708052979694584,-0.18038475052839154,1.2541043187793068,0.3853510510626954,0.7408478321272893,3.2102018088670743,-2.5975858141151997,-0.08667353889130913,-3.717140082817056,-7.840968354329229,-6.0798520534716225,-1.3040787427174445,-2.551647527796317,-0.8664868991803605,-1.0301668287700547,-0.9451341657072483,2.006170520972007,1.3431368072842513,-0.11213857955056561,-4.387739706174992,9.438182378679107,-1.0877976403811571,4.215014071012713,1.7082190390995162,5.784427115735762,-4.178230863311209
numHidden 	5
numGenes 	48
seed 	1585693715778
random 	java.util.Random@76fb509a
popSize 	80
maxEvaluations 	20000
minGene 	-3.0
maxGene 	3.0
tournamentSize 	5
crossoverPoints 	1
mutateRate 	0.4
mutateChange 	1.0
mutateRatio 	0.5
mutateRateSmall 	0.1
mutateRateLarge 	0.8
wepMax 	1.0
wepMin 	0.2
expAccuracy 	6.0
minTravel 	0.0
maxTravel 	2.0
neuralNetworkClass 	class coursework.ExampleEvolutionaryAlgorithm
Training Set Training
Fitness 0.011307950807155125