0.4803307259402487,-1.5728057083611255,-2.1041083752072183,-3.7858561788679737,-4.3720224046293925,-0.9977835834612945,-6.643761156411726,-3.0266705252359243,1.2577637227765583,2.0364532308690864,1.9095783010789953,1.6294676715328658,-1.935826772113904,-5.451902233260316,-7.305415299988879,6.1587757111938055,-11.975110924343594,-2.36578048712288,1.0547588766807308,1.285739941958032,2.543330260322077,-1.665936346569429,-7.417999470588505,-6.656491113503957,-0.338089248430812,0.08522073836035471,-0.03198948464175322,-0.6670433702489644,-1.0495887814810527,-0.046104758889407016,4.615349674906626,-0.730107753453165,-0.8817174137870487,0.6553388929143615,1.4686759582249849,-11.129845609189209,0.9261647987012829,1.9521457380915352,-0.324474326823168,2.2116227595858176,-1.4276604616414348,7.676107493551529,-0.04496159505071606,9.51134825726777,-0.1312757991400586,-0.12251488810901723,0.07372737294134168,3.277190383343791
numHidden 	5
numGenes 	48
seed 	1585693715778
random 	java.util.Random@76fb509a
popSize 	80
maxEvaluations 	20000
minGene 	-3.0
maxGene 	3.0
tournamentSize 	5
crossoverPoints 	1
mutateRate 	0.4
mutateChange 	1.0
mutateRatio 	0.5
mutateRateSmall 	0.1
mutateRateLarge 	0.8
wepMax 	1.0
wepMin 	0.2
expAccuracy 	6.0
minTravel 	0.0
maxTravel 	2.0
neuralNetworkClass 	class coursework.ExampleEvolutionaryAlgorithm
Training Set Training
Fitness 0.00779021510799443