-4.676344865186102,1.0410725859651484,3.7503936407970953,0.16620064710638238,1.410293033478434,-1.1293485281141653,-2.3105103378912535,3.79152112454808,3.625947069759149,-1.2892151844495099,-1.7884286561971254,0.4650232615357452,-1.481190216888639,-1.7842515750599117,3.2612919102022917,0.5537183933041728,-2.779129067827122,1.4964779251064848,-2.4446972977723447,-5.756886293920636,-1.6862919274927155,0.861538212472437,1.5316716345198502,-0.35466611746114785,0.1785558437672637,2.902635140968809,-0.5291585402205162,0.07284195019480592,4.714340824058963,-1.0393332059158273,-6.267028515653067,2.3910674761220108,2.133905573381225,-1.9886290291850537,-3.8101530930576697,-5.585256763461136,-1.097081538073681,0.05814473214689298,1.4178635783585902,1.624485947680785,2.977210892705832,-4.522045538444629,-0.7847089213042981,-2.2972968848752715,-0.20706913792488538,4.402520955440874,-1.433640984511661,-0.5065963025546142
numHidden 	5
numGenes 	48
seed 	1586461284335
random 	java.util.Random@76fb509a
popSize 	20
maxEvaluations 	20000
minGene 	-3.0
maxGene 	3.0
tournamentSize 	5
crossoverPoints 	1
mutateRate 	0.4
mutateChange 	1.0
mutateRatio 	0.5
mutateRateSmall 	0.3
mutateRateLarge 	0.7
wepMax 	0.4
wepMin 	0.2
expAccuracy 	6.0
minTravel 	0.0
maxTravel 	3.0
neuralNetworkClass 	class coursework.MultiVerseOptimisation
Training Set Training
Fitness 0.03250470849573666