3.765594659520322,-3.2842404836898282,-2.6105017976447,-0.9953835614477325,1.34598805479057,0.12124526466485647,3.897264081125588,0.4692275067195573,-0.8031488767338256,4.855325201939113,-0.20672393410488096,-2.7659409732219244,-1.9343898070262067,0.23118619816297845,0.8359324450751136,-0.1227142355832542,4.569864839035725,2.225963602981842,4.319467283882057,2.187823403998052,-1.275138017835312,-5.6816676642393915,0.03178652565195056,0.7320893746464424,-2.2329180550308565,-3.388755265442643,0.9034575847300202,-0.5750659618323917,3.2160180886243848,-0.3410590307743039,0.45363743737018775,-2.1858163108792716,-2.8289393610685933,-3.5874357543669424,-0.6138113049368831,0.7009168504811536,-1.0723375674697992,1.960328876386019,2.5698996503669034,1.6905889314895743,-1.2131751360806933,0.6899427231452929,-1.5177708350420511,-3.6293971235841433,6.870968644514542,-2.7011146705288236,-0.39871031830722997,-1.243723218875093
numHidden 	5
numGenes 	48
seed 	1586461284335
random 	java.util.Random@76fb509a
popSize 	20
maxEvaluations 	20000
minGene 	-3.0
maxGene 	3.0
tournamentSize 	5
crossoverPoints 	1
mutateRate 	0.4
mutateChange 	1.0
mutateRatio 	0.5
mutateRateSmall 	0.3
mutateRateLarge 	0.7
wepMax 	0.4
wepMin 	0.2
expAccuracy 	6.0
minTravel 	0.0
maxTravel 	3.0
neuralNetworkClass 	class coursework.MultiVerseOptimisation
Training Set Training
Fitness 0.023120796831317965