0.6055055530637249,-4.063549168984304,-0.08312977627380956,2.348597584078871,-1.1713649238343968,1.752161023181367,-0.34903876145230095,4.817037621011349,-0.7902939642064243,1.7302677618028273,1.0035053950215387,4.193565692835397,0.07725824165564542,-1.173618008468844,-3.901382696305885,1.1097280776388525,-2.04292906056136,-2.3709856167522187,2.935353874352175,3.5551781755621263,2.933291194030708,0.0018972643076646013,-4.407712688429001,0.4494557366570573,-6.235789704208695,-0.007334694496052697,1.3817071032426205,-1.7975934990586337,-3.812914874979783,-1.845717140725393,-0.7199746299673945,-0.1070058246453935,-0.43916480125605045,2.6910039837470343,-1.5042123876649558,-0.172197994417057,-1.397771948934727,1.8839495306499363,1.2677414490704826,0.3633436649504065,0.5655451839719234,-0.21417581825600085,-1.5432180446035442,-4.301026095915851,1.1040874383914048,1.0846208242187028,1.7619085992207812,1.8272730108222135
numHidden 	5
numGenes 	48
seed 	1586461284335
random 	java.util.Random@76fb509a
popSize 	20
maxEvaluations 	20000
minGene 	-3.0
maxGene 	3.0
tournamentSize 	5
crossoverPoints 	1
mutateRate 	0.4
mutateChange 	1.0
mutateRatio 	0.5
mutateRateSmall 	0.3
mutateRateLarge 	0.7
wepMax 	0.4
wepMin 	0.2
expAccuracy 	6.0
minTravel 	0.0
maxTravel 	3.0
neuralNetworkClass 	class coursework.MultiVerseOptimisation
Training Set Training
Fitness 0.11535185197471809