0.3389318730939821,-1.1709400873861473,-1.4814258897349237,0.7490341168562099,-0.9663219767543224,-5.0349300486517885,-1.3168584693606329,2.0609222889624257,1.4178932896067844,3.3963009698212656,-0.20691328605638928,2.6217720077880005,-0.6245634382295672,0.9595281683193193,5.1440047504580315,-5.061055370387814,-2.3830119541215486,-1.2625221647583686,-1.3545131293072403,-0.48784612779849285,-2.5347308715872066,1.959369828994958,-4.339276176132535,5.349333968527197,0.33058824192026665,0.5236301861687466,-0.11107188989398781,1.3582440299279506,2.9300041925983105,-2.611578167314684,-2.6330456020285182,-0.7253041626674448,3.938827104577366,-0.3850194599970766,0.2838309680215159,-3.175240313797265,0.16673610140996484,3.188972862119653,3.761002305893342,3.074731651623179,2.721209231710953,0.08354499706049877,-0.21475508035151694,-2.221766249072035,2.1233806827483916,2.7070371302774774,0.5814775558041352,2.972476376000397
numHidden 	5
numGenes 	48
seed 	1586461284335
random 	java.util.Random@76fb509a
popSize 	20
maxEvaluations 	20000
minGene 	-3.0
maxGene 	3.0
tournamentSize 	5
crossoverPoints 	1
mutateRate 	0.4
mutateChange 	1.0
mutateRatio 	0.5
mutateRateSmall 	0.3
mutateRateLarge 	0.7
wepMax 	0.4
wepMin 	0.2
expAccuracy 	6.0
minTravel 	0.0
maxTravel 	3.0
neuralNetworkClass 	class coursework.MultiVerseOptimisation
Training Set Training
Fitness 0.11052066405191999