0.9324170778644943,-3.138670652628912,2.800714395995324,3.376098046402131,-3.5147969901530898,5.796975102527015,-3.801639862265167,-1.6252034522665686,0.300498049775621,-3.4227577141919396,3.03322274471284,1.703705956138978,1.516358780533655,1.6048640381987804,-0.33222304820354653,-0.9715517061892294,-2.8320705950482994,1.941488943193775,-3.194200461745364,-1.0173479250418285,-4.1860045201815845,3.8211957309258686,-4.228264069534457,4.840114238457618,0.7397314065439599,-1.5617890883248173,3.529631933002129,-1.482724055169907,-1.2265876308903794,-5.867737969298677,-3.0480891469059403,-1.5497698531556128,2.280652329210909,2.4279923641683956,1.544231683283626,5.40772059099336,-1.3428463580079462,0.728736184691087,3.6513594239535663,-2.708848461874641,0.3165871131499479,-2.7351457181339836,0.5609099880590105,-0.6712063199043653,2.1351938108168356,2.8092407839594493,-1.2805259746587387,2.2583012274721046
numHidden 	5
numGenes 	48
seed 	1586461284335
random 	java.util.Random@76fb509a
popSize 	20
maxEvaluations 	20000
minGene 	-3.0
maxGene 	3.0
tournamentSize 	5
crossoverPoints 	1
mutateRate 	0.4
mutateChange 	1.0
mutateRatio 	0.5
mutateRateSmall 	0.3
mutateRateLarge 	0.7
wepMax 	0.4
wepMin 	0.2
expAccuracy 	6.0
minTravel 	0.0
maxTravel 	3.0
neuralNetworkClass 	class coursework.MultiVerseOptimisation
Training Set Training
Fitness 0.10636702888817516