-2.414791178122656,4.3592865707806405,-0.7814047741771482,1.2712555427054344,2.7372837016910054,2.352286886751862,3.0453299454471505,3.195323316982494,-0.9952711166544249,2.587407253171654,0.49279838552247507,3.565850652346809,-0.20045644309805455,0.5833685502446049,-2.4080675409701313,2.2129361912056833,-1.105511326213033,1.610660996311419,-2.532186698397491,0.4761806989604861,1.7529731938274955,-1.581912847043003,-2.828968321293017,-1.3284975707336224,3.5059919661896664,-2.7520775806879327,-0.5366771258379829,1.244942471486089,-4.5386497821143825,2.211029784049929,-1.1724584306851078,2.789865288505011,0.09323984844302351,5.008696681653008,-3.948335433481178,0.11921361390042205,2.2266390949235606,-0.8798146812305131,4.9647895807060625,-0.032810411058467194,-2.476020043923047,-1.749598842906476,0.3926996912049354,-2.453701413977443,-2.645829844601279,-1.2581852045786985,2.379011313150285,-1.5303599947677502
numHidden 	5
numGenes 	48
seed 	1586461284335
random 	java.util.Random@76fb509a
popSize 	20
maxEvaluations 	20000
minGene 	-3.0
maxGene 	3.0
tournamentSize 	5
crossoverPoints 	1
mutateRate 	0.4
mutateChange 	1.0
mutateRatio 	0.5
mutateRateSmall 	0.3
mutateRateLarge 	0.7
wepMax 	0.4
wepMin 	0.2
expAccuracy 	6.0
minTravel 	0.0
maxTravel 	3.0
neuralNetworkClass 	class coursework.MultiVerseOptimisation
Training Set Training
Fitness 0.023585675030800193