1.9401719943927163,1.8383260975994318,-0.645732088015719,-3.6210986783790897,1.1265310682638359,-5.170924832175271,0.3770443177362707,0.7977337810525972,2.1930387180747237,5.349285051313685,3.923846934518555,5.174631831187321,-2.473384826589437,-1.156251922568981,-3.862175076588077,0.3398645349395463,-0.17399044451033935,-2.296503024069867,-4.046993983573741,2.861805586043349,-2.4515536724287044,-4.32251489638805,2.8007996905696455,-4.385356436053671,-1.3870299770862404,-2.6288422635405424,0.9462327580228368,4.097961975894445,-0.2108127154818984,-2.329786096633147,-3.8504381082371593,-0.4307282444859455,0.5699638687785564,-2.2408741333486915,-3.3579589993773324,4.379559642365115,2.7569820153295725,-0.7846221921128426,4.715070376152732,-0.47350103530891025,3.199466592106737,1.4893675913931865,2.956303810753814,-0.474743808611902,3.9170415060801043,3.4647332718189974,0.7730137851848983,-0.38595449359114786
numHidden 	5
numGenes 	48
seed 	1586461284335
random 	java.util.Random@76fb509a
popSize 	20
maxEvaluations 	20000
minGene 	-3.0
maxGene 	3.0
tournamentSize 	5
crossoverPoints 	1
mutateRate 	0.4
mutateChange 	1.0
mutateRatio 	0.5
mutateRateSmall 	0.3
mutateRateLarge 	0.7
wepMax 	0.4
wepMin 	0.2
expAccuracy 	6.0
minTravel 	0.0
maxTravel 	3.0
neuralNetworkClass 	class coursework.MultiVerseOptimisation
Training Set Training
Fitness 0.09579336982074932