-3.2189891589191495,-3.4835396923085296,3.5335372904974993,0.09157865424153777,-1.1583899585926785,-1.1489938939172588,3.8888949505882766,-2.3293175684315797,2.671744133974803,0.1878377570790703,-4.788882816747968,-2.976953143852545,-1.1571168704842913,1.0218743389975513,-0.7686408293548693,-0.07130503982469767,-0.006015500082682313,0.16848260028585318,1.2939800358352915,3.266376104852419,1.9971505401336351,-3.002831030888679,-0.07244057501070258,2.6352488501240843,1.6898435857989782,0.11583178594312656,-1.5079275666196144,-1.9977466559008186,0.31357062333425856,-1.9460621514018845,4.20224260024468,6.030580517450173,-3.1539946271615356,2.151679831976765,1.1930244481513876,2.3175236366776715,0.7688594592571123,-1.4194067489177618,-1.5906012881908256,1.6952707372508977,0.8357875547684684,-0.8078870231550916,-3.877045189714761,-0.4261944165692865,-1.7169203459593116,5.98143849503747,-1.9066978645755044,-0.5860413224269173
numHidden 	5
numGenes 	48
seed 	1586461284335
random 	java.util.Random@76fb509a
popSize 	20
maxEvaluations 	20000
minGene 	-3.0
maxGene 	3.0
tournamentSize 	5
crossoverPoints 	1
mutateRate 	0.4
mutateChange 	1.0
mutateRatio 	0.5
mutateRateSmall 	0.3
mutateRateLarge 	0.7
wepMax 	0.4
wepMin 	0.2
expAccuracy 	6.0
minTravel 	0.0
maxTravel 	3.0
neuralNetworkClass 	class coursework.MultiVerseOptimisation
Training Set Training
Fitness 0.09493981747870935