0.7424548058264638,-0.9458457161994077,-4.638910441078795,0.0013553744891948347,-3.316009374340198,-5.036658725344054,-2.8757385393050563,-3.720350299735881,2.495414614265895,1.0576018516131596,-0.05384532610633434,0.617214813474246,-4.521126834689063,-2.5005356778579797,-1.8662067031631362,-3.3747318019871124,-0.47698501916368297,-0.24810050784821316,-1.9957119816868059,2.9167447677025105,4.79124031726825,-0.04970495130385064,2.9055418196097946,-1.5861573197115062,-0.9725542008279401,-1.2468933296325528,-0.12059826490193835,-0.5070795464908258,-3.6236181080015792,2.1642961476823324,3.4764368200831,2.599744904667333,-5.407769008544197,1.7534864557757421,0.5189742858784376,-0.7013270574419654,-2.5538147583111974,4.4009885089496334,-0.6197516671154866,1.5893743842271177,-1.645279930310957,4.955579556641599,1.0200045326290719,3.6389557687915546,1.28491783560251,2.5392711695061254,-0.9043388009042903,-0.25574780868387803
numHidden 	5
numGenes 	48
seed 	1586461284335
random 	java.util.Random@76fb509a
popSize 	20
maxEvaluations 	20000
minGene 	-3.0
maxGene 	3.0
tournamentSize 	5
crossoverPoints 	1
mutateRate 	0.4
mutateChange 	1.0
mutateRatio 	0.5
mutateRateSmall 	0.3
mutateRateLarge 	0.7
wepMax 	0.4
wepMin 	0.2
expAccuracy 	6.0
minTravel 	0.0
maxTravel 	3.0
neuralNetworkClass 	class coursework.MultiVerseOptimisation
Training Set Training
Fitness 0.037525476871067255