2.3323226510887807,-1.4727441219117048,-1.7687868494696468,-3.160473867918304,-3.5170112300528533,-1.9711418932550977,-0.31771044391701536,3.6369450419652867,2.167384649696484,-2.051919346911854,0.8226001906816423,3.370860242182617,-0.29578663239613134,-0.05477494442458883,-3.049159993283858,2.2809328764530896,2.980642973889294,4.2231381204502085,1.1786870491144719,-2.1934462448429537,-0.3899606505655475,-2.030993873464187,-2.352966470272614,2.2149035961708043,1.8346073949304775,-3.733043154410523,-1.7926509640853057,0.5196657751568984,0.047372259733725,-0.027454924635375116,-4.728919164160353,-2.948069917307495,0.22826595494621463,-1.2260712925492125,0.3554945358409225,1.432805277247537,-0.6940939653362628,2.3823258250979387,4.867016721180025,1.0520632844396591,0.9337638057206515,1.100532355267695,2.238914229839118,3.2731601125403835,-2.02374663543307,-0.06998640049802796,-4.024224370248058,-1.7501453750865326
numHidden 	5
numGenes 	48
seed 	1586461284335
random 	java.util.Random@76fb509a
popSize 	20
maxEvaluations 	20000
minGene 	-3.0
maxGene 	3.0
tournamentSize 	5
crossoverPoints 	1
mutateRate 	0.4
mutateChange 	1.0
mutateRatio 	0.5
mutateRateSmall 	0.3
mutateRateLarge 	0.7
wepMax 	0.4
wepMin 	0.2
expAccuracy 	6.0
minTravel 	0.0
maxTravel 	3.0
neuralNetworkClass 	class coursework.MultiVerseOptimisation
Training Set Training
Fitness 0.09649505714832264