0.12051898132489114,3.6240009327995786,4.925917007408517,0.9424375534815774,2.0935507425852746,-4.01836268630195,-0.4407033829356185,-0.07565696101620033,1.8279221526392655,2.3229743196953305,1.2735495491525477,3.7970012956680015,-0.576410831278671,0.8358377440980225,1.3419000876311529,-0.7664301925312462,-2.022210409225474,-2.0999232215306387,-0.8951039235044239,1.3402384320151766,1.2207676088501276,0.08288265514195535,0.866408548024359,-4.236200813973549,-1.7030536355187715,0.955609076513341,-1.1800027662283537,0.278870108628712,0.2245491775201782,-0.42393418491443063,2.6743421095638173,-2.184980393355548,-3.9190601103113614,3.5668263795781234,-0.8386082279695487,-0.02562351711340925,0.36888471133744494,-1.4008322365701011,-1.1803532115160005,-1.6360455092324582,-3.3353975136878,1.3008967357468528,2.6170738627520196,1.6288322000429962,3.002424446363784,2.049203633907697,0.9762042622966857,4.047556787870143
numHidden 	5
numGenes 	48
seed 	1586461284335
random 	java.util.Random@76fb509a
popSize 	20
maxEvaluations 	20000
minGene 	-3.0
maxGene 	3.0
tournamentSize 	5
crossoverPoints 	1
mutateRate 	0.4
mutateChange 	1.0
mutateRatio 	0.5
mutateRateSmall 	0.3
mutateRateLarge 	0.7
wepMax 	0.4
wepMin 	0.2
expAccuracy 	6.0
minTravel 	0.0
maxTravel 	3.0
neuralNetworkClass 	class coursework.MultiVerseOptimisation
Training Set Training
Fitness 0.011956255435794092