-2.5697623246099397,-4.04869947429152,2.201091768601599,0.7230237619388662,1.188627456973334,0.3239315235506416,-0.6681092910873554,1.4064395761821946,-4.937778369350728,0.308822465835211,-4.39762529969575,3.1465749052704215,1.4990740345968134,0.7760923727495261,-4.93961603482391,0.8054237122895758,1.7169688816600508,3.631378191409533,-4.185702139675174,4.091406097957666,0.1004610934654569,2.1821130854525994,-2.450863607896275,1.4160227557515428,0.2577400644989135,-0.6532563664488187,-1.1741188235386397,-1.574254666513764,-0.05410704399371164,2.0035552416998126,-3.202905316082283,4.328413004085323,-0.1849358628507977,1.5295779511683099,1.0929614668187941,-1.7959862793994523,-1.513610789215691,-0.24797411397351848,-0.47712335307285664,1.656334435174997,1.7903507872382654,-4.456742705048288,2.433952665105518,2.530190071625884,1.1404640334679375,-4.216827896047928,0.763485201376017,-3.607540311111892
numHidden 	5
numGenes 	48
seed 	1586461284335
random 	java.util.Random@76fb509a
popSize 	20
maxEvaluations 	20000
minGene 	-3.0
maxGene 	3.0
tournamentSize 	5
crossoverPoints 	1
mutateRate 	0.4
mutateChange 	1.0
mutateRatio 	0.5
mutateRateSmall 	0.3
mutateRateLarge 	0.7
wepMax 	0.4
wepMin 	0.2
expAccuracy 	6.0
minTravel 	0.0
maxTravel 	3.0
neuralNetworkClass 	class coursework.MultiVerseOptimisation
Training Set Training
Fitness 0.006997081414674321