1.067955290210953,-2.224554218250914,1.9577345204249286,-0.6057654554257155,-4.999777275465403,2.7940961447915584,1.4854351394915681,0.17387341390486177,4.850477130449619,1.9228179957242748,1.3386852410404682,-0.7736207920893711,1.8995618283400453,-0.17634898424676973,-3.841803106714751,0.7391915530176131,-1.0299765283945161,-5.637905434461351,2.8649233200489865,0.9851927288628209,-2.6105372414529127,-0.5815115611149914,1.2885132302834725,0.6808913627893122,-1.7506059401723488,0.17853342848461284,3.2483481248075368,-0.12357029126280906,-2.2199799530555557,-0.16571516602966052,1.998492218842263,-4.425056810519261,4.30025411352922,-3.568271478555774,4.4215048213153345,1.3417102208978522,0.1728998074771604,-2.585843080039665,-0.4668463260177047,-1.4309736865587943,3.575501190238902,2.575650848404974,-8.481072151597935,-1.241143053458613,2.1117015542486732,-0.2474926489889712,-0.5927099029976775,1.3421906918073576
numHidden 	5
numGenes 	48
seed 	1586461284335
random 	java.util.Random@76fb509a
popSize 	20
maxEvaluations 	20000
minGene 	-3.0
maxGene 	3.0
tournamentSize 	5
crossoverPoints 	1
mutateRate 	0.4
mutateChange 	1.0
mutateRatio 	0.5
mutateRateSmall 	0.3
mutateRateLarge 	0.7
wepMax 	0.4
wepMin 	0.2
expAccuracy 	6.0
minTravel 	0.0
maxTravel 	3.0
neuralNetworkClass 	class coursework.MultiVerseOptimisation
Training Set Training
Fitness 0.009871927919250763