-3.733762375057412,1.237787986390202,0.08383338488015633,-0.9907531369861114,1.2638615688039774,0.6657276909896139,1.263631104311222,-4.4723462680947765,0.641842087461206,-2.269779908303305,-0.7858932192755875,0.25544666326674254,-0.9779170111745585,-2.3912517456724687,0.44011889667977794,-2.7881850043274214,-0.14766319454088192,-0.42581877891605147,2.3926563922364283,-1.521428277704243,1.825918262374756,2.246677212794735,-3.4828012746400936,-3.2259671225714026,1.8652645672954051,-1.5127210784476652,-0.6376962871247855,-2.287642587599577,3.5734424824769473,0.16321389671086445,-3.4136666306243426,1.9894686557216565,-2.526834167058687,3.9948234298755927,2.084349826561064,3.7649911156501568,0.09964186583997459,1.4171313372843053,-0.6967637472735654,-2.3892975709518103,-1.1894454222071535,-0.1267893874343928,1.8788810793224666,-0.4339664747229675,-4.413226376819553,-1.2911443393358215,0.8692050984946439,-0.2804465130060356
numHidden 	5
numGenes 	48
seed 	1586461284335
random 	java.util.Random@76fb509a
popSize 	20
maxEvaluations 	20000
minGene 	-3.0
maxGene 	3.0
tournamentSize 	5
crossoverPoints 	1
mutateRate 	0.4
mutateChange 	1.0
mutateRatio 	0.5
mutateRateSmall 	0.3
mutateRateLarge 	0.7
wepMax 	0.4
wepMin 	0.2
expAccuracy 	6.0
minTravel 	0.0
maxTravel 	3.0
neuralNetworkClass 	class coursework.MultiVerseOptimisation
Training Set Training
Fitness 0.020656564560554598