-1.426436939229654,-2.6555731785312258,-1.5207117835370845,-0.15798921392036114,-2.0386624972798586,4.245181861310224,-2.8291786578022933,-2.1762471621782042,-2.8428739108291428,0.3650388057202263,1.891476068777985,-2.9570695473467845,2.496071986649354,-1.2597348647109419,0.6145586452666412,2.9361385956383046,0.6535551501791907,-1.0745503105782457,-1.3830835046286687,1.7078260497048756,-3.558758693015296,0.7031874109299423,4.2530139337274635,-2.2634684122042863,3.47306662549445,1.702422066343701,0.30610825603335634,-0.3086727064639945,0.12558840818965766,4.253352771086178,-0.42572336638893926,-1.4013494607478467,1.9710913423439766,-4.477846393150626,2.107909229493532,0.6835084137596956,2.2108966433638884,-0.5948563815937513,-1.7022781366584896,3.5500575563179124,1.0469096360480137,-4.672389430154078,0.8644789241866455,-1.5843882820423865,-2.5645640243435768,0.7892676294378118,1.6270708381653396,0.16485969696897396
numHidden 	5
numGenes 	48
seed 	1585593043249
random 	java.util.Random@76fb509a
popSize 	80
maxEvaluations 	20000
minGene 	-3.0
maxGene 	3.0
tournamentSize 	5
crossoverPoints 	1
mutateRate 	0.2
mutateChange 	0.5
mutateRatio 	0.5
mutateRateSmall 	0.1
mutateRateLarge 	0.8
wepMax 	1.0
wepMin 	0.2
expAccuracy 	6.0
minTravel 	0.0
maxTravel 	2.0
neuralNetworkClass 	class coursework.ExampleEvolutionaryAlgorithm
Training Set Training
Fitness 0.012261120929681207