-2.8704167202696356,-4.71807516759269,1.0792874886153623,3.6026358882725438,-0.4252972719506003,-2.3803864709558633,-1.2843325322062347,-3.3199464897612794,2.4820633091874678,3.7326831695223834,1.630951933711346,-1.0714483611722194,-0.2175621331233466,3.506140386410147,-3.9062740594502445,0.3016412245831799,1.0594905616713142,-5.698988836874718,0.7110455685808512,-2.4428756303548784,4.3618804176525625,2.733719227898856,1.8228449618531393,1.8281419741108378,-3.32399752003569,4.30423699176213,0.1483978461003872,-0.934029179600226,-0.3940401009254586,-0.8538711529879142,1.7774337395419115,-2.508963809307706,0.446379372216128,-2.796153604423557,1.7873441667812449,0.571364908909187,4.385556850851589,3.2422445346733486,-4.773105327756663,1.741065354711954,2.8791569735466407,2.3803937933786283,-3.646654029407533,0.4522786436729058,2.2249223365927984,-2.18362093595457,0.34386893511237737,-2.2775950258298536
numHidden 	5
numGenes 	48
seed 	1585593043249
random 	java.util.Random@76fb509a
popSize 	80
maxEvaluations 	20000
minGene 	-3.0
maxGene 	3.0
tournamentSize 	5
crossoverPoints 	1
mutateRate 	0.2
mutateChange 	0.5
mutateRatio 	0.5
mutateRateSmall 	0.1
mutateRateLarge 	0.8
wepMax 	1.0
wepMin 	0.2
expAccuracy 	6.0
minTravel 	0.0
maxTravel 	2.0
neuralNetworkClass 	class coursework.ExampleEvolutionaryAlgorithm
Training Set Training
Fitness 0.02855579605138414