0.18995884049105083,1.8646112895500142,0.4127009600537179,-2.9858790343598196,5.043268522800258,2.222763536869035,3.4623947454156996,-1.7570350722596033,3.1010633903339277,0.778888940475523,0.517597957492379,0.804922718832298,0.42823433333117755,-3.6190405358579927,2.7930316724770767,1.3857200905532308,4.378028728854462,-4.931768056570889,1.4115302544511867,3.599682992790455,-0.03696596202863445,-1.2889849154815516,-1.0002179164928338,-3.3532819618756746,1.0246321048090374,0.6575238900235334,0.40480957065216305,0.4741134075898006,1.3655940674538622,0.45374739003995135,-3.1111634880446912,-0.33593016714966595,3.2418721475075065,1.5334247843493074,0.32457458289623986,2.4096318757214146,5.123514740931407,-2.3817237495353147,-5.566690966082664,-2.86259209181861,1.3203420037893325,0.06193167965287927,1.3539494566803851,-3.03950725612399,-0.17051160468801418,1.0453595894591619,0.7266495659502521,-0.7852035034792824
numHidden 	5
numGenes 	48
seed 	1585593043249
random 	java.util.Random@76fb509a
popSize 	80
maxEvaluations 	20000
minGene 	-3.0
maxGene 	3.0
tournamentSize 	5
crossoverPoints 	1
mutateRate 	0.2
mutateChange 	0.5
mutateRatio 	0.5
mutateRateSmall 	0.1
mutateRateLarge 	0.8
wepMax 	1.0
wepMin 	0.2
expAccuracy 	6.0
minTravel 	0.0
maxTravel 	2.0
neuralNetworkClass 	class coursework.ExampleEvolutionaryAlgorithm
Training Set Training
Fitness 0.008154085648055575