4.224127427431988,2.589391932407165,-3.6805140169626505,-2.319556073486294,-4.0363289213251665,0.7132807021342549,-4.992578594318928,-1.8249701903960043,6.950092139374883,2.6636106837690425,-0.8780283591594147,-0.1558307565560808,-0.8059058261768195,-0.024818997369757234,-1.7932162201689001,-2.0989231747659822,-2.0630155617735504,-3.4616173027013577,6.791077749644048,-2.9030103836718455,-1.3631560415846735,-0.5657641937828557,-1.1138314652674868,-0.5461900932335055,3.844550190377256,-3.152223152166207,-1.2100010257243907,-0.5293251665445631,-0.6632064279078118,-2.8191680040445077,2.2518708585051224,2.755710601289352,0.8651191023046598,-0.6261205183619931,-1.639896227914467,-0.2364265283388547,-5.6719376459671595,-1.7271233489245827,-3.236597014920668,-0.13569708772818267,1.3902436296641518,5.140603122604187,2.246334072965456,5.467387914651666,-0.9782122712397037,-1.1372116148427542,1.8175556983904997,-0.49048592238267563
numHidden 	5
numGenes 	48
seed 	1585593043249
random 	java.util.Random@76fb509a
popSize 	80
maxEvaluations 	20000
minGene 	-3.0
maxGene 	3.0
tournamentSize 	5
crossoverPoints 	1
mutateRate 	0.2
mutateChange 	0.5
mutateRatio 	0.5
mutateRateSmall 	0.1
mutateRateLarge 	0.8
wepMax 	1.0
wepMin 	0.2
expAccuracy 	6.0
minTravel 	0.0
maxTravel 	2.0
neuralNetworkClass 	class coursework.ExampleEvolutionaryAlgorithm
Training Set Training
Fitness 0.029075373424533098