1.1641155373671621,-2.4039182345087666,3.151319845666589,-3.1682099909139287,-1.6520150073982283,4.16304970083407,2.6738607631245888,1.2702785001752979,-0.4997232122023956,-1.5649420405646008,0.7492258636703291,1.1687607752485913,-1.8551750562143932,-3.107560882416019,2.0882050551930478,6.6464826311979,2.5630652138653485,-3.8103897743784048,-1.0939256415259675,1.108197083089749,1.918016978915555,-3.9635046911485174,-0.03368572536520453,0.22511633893222438,-1.6635544944870642,0.210349979856006,-0.6167495272822241,6.610073365541336,-0.1207863011537218,1.4627321282714147,-0.137864194197451,-4.470975320418832,3.7797449547958326,-2.413420864187767,-1.3509191330152737,2.056598916060061,-0.5172510519450686,0.3515809921121127,0.5418407815241046,-1.9801587118957897,2.2722430199179575,1.7076294004683277,0.6337149123548111,0.7130669082240075,-0.21420683869569768,-2.642886932538691,0.0818096297972648,-0.36984620677400626
numHidden 	5
numGenes 	48
seed 	1585593043249
random 	java.util.Random@76fb509a
popSize 	80
maxEvaluations 	20000
minGene 	-3.0
maxGene 	3.0
tournamentSize 	5
crossoverPoints 	1
mutateRate 	0.2
mutateChange 	0.5
mutateRatio 	0.5
mutateRateSmall 	0.1
mutateRateLarge 	0.8
wepMax 	1.0
wepMin 	0.2
expAccuracy 	6.0
minTravel 	0.0
maxTravel 	2.0
neuralNetworkClass 	class coursework.ExampleEvolutionaryAlgorithm
Training Set Training
Fitness 0.008176003008412681