-0.39300968593140695,-3.3261108125240666,3.0724516158386868,0.4354113603222345,-2.872711983546823,0.11734943620961547,-3.203005053889525,-0.5528792640791051,-6.146227982391835,1.9546580944998384,4.746048019598663,-3.380341370178768,6.75822012567037,2.7706728035448656,-0.9806426086630866,-0.5769419144634451,3.3038221288841454,-0.22058231746852996,-5.22701690567894,-4.008733678717358,0.8415425978526265,3.201962614852773,1.3122399437312442,1.3455596808172645,-2.0105023186031064,4.973084296602472,-0.29976081718779035,0.49943828902380094,0.5882272481688542,-4.8020496187710595,-4.294078197271288,0.896668721906722,-0.9370812653391773,-0.7261563946308138,2.8224314866876803,0.0014736489276714337,5.905692218067777,0.30585882752675264,-1.2740074048346584,-0.3188367209900642,-1.8853035386777903,-5.9123259772502905,1.4617628525047195,1.0452122521567615,-3.228284908533016,3.2161148890327285,0.5900541001401463,0.8246562055029196
numHidden 	5
numGenes 	48
seed 	1585593043249
random 	java.util.Random@76fb509a
popSize 	80
maxEvaluations 	20000
minGene 	-3.0
maxGene 	3.0
tournamentSize 	5
crossoverPoints 	1
mutateRate 	0.2
mutateChange 	0.5
mutateRatio 	0.5
mutateRateSmall 	0.1
mutateRateLarge 	0.8
wepMax 	1.0
wepMin 	0.2
expAccuracy 	6.0
minTravel 	0.0
maxTravel 	2.0
neuralNetworkClass 	class coursework.ExampleEvolutionaryAlgorithm
Training Set Training
Fitness 0.005815807781801114