1.2637127990640877,3.0376601421271126,2.055830428676666,-0.7242202041242436,2.3228232356477942,1.680050247398615,-2.4088241418937857,2.2069251082424586,3.004142179862529,2.7582889913239654,2.200017393506849,0.08323884895663358,2.863571449743623,-1.5063017821967915,-3.0996186772735164,2.437912340263777,-0.7881473172063584,5.053717052727526,5.313395258702481,-1.2269592061597372,2.461589271574635,1.2594772664085294,0.47701980011240774,0.3555085919285301,-0.15165341168044577,3.090677317118166,-3.1741117631489413,-0.19302994971689014,-0.050650927541395774,1.8331293265893231,-0.9710799658730531,0.4695241041684719,-2.1697828644353887,0.2573328769848735,-0.9865365809877282,-0.12840177994551816,2.751859123229899,-2.887561625725616,2.502811525599964,0.3336364530387588,1.2655622252179306,3.933126515082775,-1.6785451976383676,-3.4190367939326727,0.5956940752772022,2.3619504883654105,1.4663269313595428,1.6381746147554308
numHidden 	5
numGenes 	48
seed 	1585593043249
random 	java.util.Random@76fb509a
popSize 	80
maxEvaluations 	20000
minGene 	-3.0
maxGene 	3.0
tournamentSize 	5
crossoverPoints 	1
mutateRate 	0.2
mutateChange 	0.5
mutateRatio 	0.5
mutateRateSmall 	0.1
mutateRateLarge 	0.8
wepMax 	1.0
wepMin 	0.2
expAccuracy 	6.0
minTravel 	0.0
maxTravel 	2.0
neuralNetworkClass 	class coursework.ExampleEvolutionaryAlgorithm
Training Set Training
Fitness 0.00530442736160461