2.2612869181715127,3.894134645840893,-1.0539472372442558,-1.7577719754228953,1.1269635090105057,2.852956654208894,1.7351519988008173,-0.10677241861177178,-4.27895866918128,2.0355457561218575,-3.000234443879056,3.1833858064732317,0.6019165401378448,-2.0894277935728276,0.11467707945401084,-1.6255522676894758,-0.8315849841997021,2.9307261054056717,1.186232627705511,4.873517826422438,4.1516353223493985,-0.9745123588687106,-0.9618546203388183,1.9769954644186916,0.34262624703364075,-0.2288565271584826,0.019994567045127143,1.8554769091990213,0.1148915095563452,-0.01096803609740582,1.9534685553351716,-1.978801645909468,0.6547987216581652,3.413133007666939,-2.513021370387452,-2.092978055208456,1.8763864061898605,0.8271781296204272,0.0027303123001889418,-1.2336459017272352,2.0850550452775156,-2.3199369409606443,3.531298887846239,0.39878033203443386,3.3022161227656044,-2.01628418025399,-1.043481653837227,0.09613556654308875
numHidden 	5
numGenes 	48
seed 	1585593043249
random 	java.util.Random@76fb509a
popSize 	80
maxEvaluations 	20000
minGene 	-3.0
maxGene 	3.0
tournamentSize 	5
crossoverPoints 	1
mutateRate 	0.2
mutateChange 	0.5
mutateRatio 	0.5
mutateRateSmall 	0.1
mutateRateLarge 	0.8
wepMax 	1.0
wepMin 	0.2
expAccuracy 	6.0
minTravel 	0.0
maxTravel 	2.0
neuralNetworkClass 	class coursework.ExampleEvolutionaryAlgorithm
Training Set Training
Fitness 0.009649608198613335