0.2695209499968625,2.526965389575766,-0.39397033658020364,1.5813486433248176,-1.0644629487021433,0.2527919273391417,1.6218116792616666,2.8431618593373145,-0.5938384497102351,1.2210512748750597,-0.7732044618214602,2.0008434615969506,0.21710379836394544,1.2304341647464794,-1.7153949570216458,0.36580165680458254,-0.04504384135699491,1.9535612941047154,2.8043950372897317,-0.20385468556845443,-1.0972103067225205,0.6983404766870995,-0.6132097416501514,-0.7508686809248823,0.9358299431173256,-0.49156018426349046,-0.8909229108206915,-1.0575346818142983,-1.4861749342766448,-1.049290526819711,-0.3711160790122108,-0.7120293571264305,3.532742360446286,-0.9900995222234403,-1.9956082207005394,0.2791936103650907,-3.5488232648302804,-0.6456592644435837,6.173473251882065,-1.1462889955662492,-0.7581254393512546,0.38567364697564677,2.6071803369408046,3.9396633009298627,-1.4528484400886164,3.7569259346514237,0.00550039426877813,3.8200684709713197
numHidden 	5
numGenes 	48
seed 	1585593043249
random 	java.util.Random@76fb509a
popSize 	80
maxEvaluations 	20000
minGene 	-3.0
maxGene 	3.0
tournamentSize 	5
crossoverPoints 	1
mutateRate 	0.2
mutateChange 	0.5
mutateRatio 	0.5
mutateRateSmall 	0.1
mutateRateLarge 	0.8
wepMax 	1.0
wepMin 	0.2
expAccuracy 	6.0
minTravel 	0.0
maxTravel 	2.0
neuralNetworkClass 	class coursework.ExampleEvolutionaryAlgorithm
Training Set Training
Fitness 0.09626412036399051