-3.5824863478646867,0.39733654600388313,-1.5538599797286228,0.7362656802309846,0.8683713883264632,1.6375215166888726,0.7095330842741916,5.6511795685057775,-1.2277917472419206,0.739184912820229,-3.246754776745105,0.32260485932008365,5.2837262511138245,0.4796286867629638,0.27454264165777453,1.8596240842157465,3.8658256473825805,-0.3145496564566299,-1.6080058231519336,1.6891200599450245,1.0333915731177061,-1.3829679431018223,4.687105932978118,-1.826589091226868,-1.5264648151399984,-0.213353601285172,-0.5373466478902555,4.474708293296875,-0.024344764590543022,-5.422197281030845,-5.449076353440459,2.5091023090407756,0.290321524847553,0.9799362739396829,2.0834279694929614,5.5635194429295804,-3.6075186797749943,0.6383906718756709,-0.3593367626181534,3.5609471862368576,1.9656084321751006,-3.258097925282393,-4.228250604003509,0.5786371897720866,-3.6221530868203535,2.2329555089067723,2.2325109203761526,-0.8874457719151736
numHidden 	5
numGenes 	48
seed 	1585593043249
random 	java.util.Random@76fb509a
popSize 	80
maxEvaluations 	20000
minGene 	-3.0
maxGene 	3.0
tournamentSize 	5
crossoverPoints 	1
mutateRate 	0.2
mutateChange 	0.5
mutateRatio 	0.5
mutateRateSmall 	0.1
mutateRateLarge 	0.8
wepMax 	1.0
wepMin 	0.2
expAccuracy 	6.0
minTravel 	0.0
maxTravel 	2.0
neuralNetworkClass 	class coursework.ExampleEvolutionaryAlgorithm
Training Set Training
Fitness 0.011781329992529907