-3.3955685407966882,1.7669280947555475,0.5175478688508512,2.701549541951411,-4.262417684209978,3.094455979576612,0.5941635261814309,1.3624584834612001,2.2446238845106725,-4.2946658127944985,1.4132146524371105,-2.9319759074606475,-3.1946791602271762,3.7133768903470887,0.25326959917358516,1.318466217368651,4.690912476847155,-2.1288068693951856,0.10105496565755168,-2.0188728597279657,-0.5231791403162263,0.8862883077534471,-1.9785466835642826,-0.5409905488213167,2.96525546632248,-1.0491217967980697,0.08762394152168085,1.8717420411110348,0.08354249159154525,3.4173804028277663,1.6883396587328683,1.734918658300213,5.446585341488612,1.8783747376002529,1.749057339312282,2.73662523624889,-1.572125384938003,-0.8307165506448357,3.771258177398349,2.3010352338797935,-3.1709063733561633,-0.16049193347850732,0.11040097368888979,0.0017157727594279137,1.0031337641920715,2.0920599229405905,1.813602743786304,-0.7318872088950479
numHidden 	5
numGenes 	48
seed 	1585593043249
random 	java.util.Random@76fb509a
popSize 	80
maxEvaluations 	20000
minGene 	-3.0
maxGene 	3.0
tournamentSize 	5
crossoverPoints 	1
mutateRate 	0.2
mutateChange 	0.5
mutateRatio 	0.5
mutateRateSmall 	0.1
mutateRateLarge 	0.8
wepMax 	1.0
wepMin 	0.2
expAccuracy 	6.0
minTravel 	0.0
maxTravel 	2.0
neuralNetworkClass 	class coursework.ExampleEvolutionaryAlgorithm
Training Set Training
Fitness 0.005598996552878311