-1.2399972535690873,1.3063436433161204,-4.277705981858885,2.359121859113343,-0.6220640889741444,3.100357853275418,-1.6669720579092946,0.10074764985076357,-0.7664156899410761,0.3413430880341237,0.10319593341345623,-1.7467928114874427,-3.2080873952315327,-4.92825468788313,-0.42136385209685745,3.636255052023972,-0.14481362304496415,-2.9106087528472457,3.4865897208870447,-2.5156157316960854,-0.6054467551964406,-0.7498233154010094,0.5571190792981433,0.83490697034616,-1.043361895819162,-0.30669891680470673,5.891174470131661,0.18673982394092592,-0.819535620191302,2.6058112852958235,2.908010799151498,0.8313796712156529,3.5669340304678228,2.218940202262944,-1.2133762133199397,3.0678094179820254,1.571844193966987,2.838602976854588,-1.70749190154103,-0.030478593712448543,0.834310202798453,2.2922245729726436,4.408118782721865,0.8709902286846924,0.9254303383248565,-1.6162604002037968,-0.6357216610683869,-1.8139321558820014
numHidden 	5
numGenes 	48
seed 	1585593043249
random 	java.util.Random@76fb509a
popSize 	80
maxEvaluations 	20000
minGene 	-3.0
maxGene 	3.0
tournamentSize 	5
crossoverPoints 	1
mutateRate 	0.2
mutateChange 	0.5
mutateRatio 	0.5
mutateRateSmall 	0.1
mutateRateLarge 	0.8
wepMax 	1.0
wepMin 	0.2
expAccuracy 	6.0
minTravel 	0.0
maxTravel 	2.0
neuralNetworkClass 	class coursework.ExampleEvolutionaryAlgorithm
Training Set Training
Fitness 0.09697214936054299