-1.5018816557031336,2.643765155857218,0.03487742745091893,-2.7501024107615857,-1.8048161521747232,2.623072277242059,-0.8133498404389758,-2.963907253595812,-3.8038041220907015,-0.012339791368734865,0.8270519238274181,1.8529116534093877,-0.8689401056762374,-3.2556343905867937,-3.2813998603554113,-3.3647589904353086,-4.939833078175303,0.5395081226260476,-0.6709754701436057,2.353449082738937,4.0384954073537065,-1.566436325404196,3.3717188180044797,1.4497863737973518,0.8157056335945345,1.9479071174102067,1.276606682031777,-2.1258349778737777,0.6258427710428425,-0.03139053847077555,-1.0038328970597883,-0.9602030501493135,3.649882071112893,1.3456157893617728,1.9899013612524046,-3.5317688250007944,1.7133553378949848,3.878751578611804,-2.1130906107777654,-4.818964612995776,3.7415748913466373,-0.885377199699247,-4.650043344834475,3.0633983656578025,0.38677619568668664,4.30730228753491,-0.5709430960281692,-2.213979654957371
numHidden 	5
numGenes 	48
seed 	1585593043249
random 	java.util.Random@76fb509a
popSize 	80
maxEvaluations 	20000
minGene 	-3.0
maxGene 	3.0
tournamentSize 	5
crossoverPoints 	1
mutateRate 	0.2
mutateChange 	0.5
mutateRatio 	0.5
mutateRateSmall 	0.1
mutateRateLarge 	0.8
wepMax 	1.0
wepMin 	0.2
expAccuracy 	6.0
minTravel 	0.0
maxTravel 	2.0
neuralNetworkClass 	class coursework.ExampleEvolutionaryAlgorithm
Training Set Training
Fitness 0.010197487580676949