-3.5512000568409103,-1.381692748888316,-4.077783566897847,-3.1735879842435075,0.14518053620556026,-2.776971286947343,-0.22968059878389213,0.6114256063981067,2.1687862744456874,-1.8114136675665309,-1.5265026627798561,1.3244999614971147,-2.173040409550021,-1.4429652549528118,3.0363261396009857,-3.8561874785572856,2.0704635443787387,3.958281952263988,2.968761013431447,1.6997040192936232,-1.4205832355739902,2.4950047556217183,-3.8956036369077705,-1.859928166975197,2.3607979456123154,0.8751100223915609,1.125176383203378,0.05989167421119568,0.5052544592308852,1.646889282332868,-2.015754790051769,1.4770454641403408,-2.3952185394503083,-4.060778400634895,-2.331015657259959,1.4538541906042841,-2.7359421252292186,-0.7035461902593991,2.283263418901079,3.0211832727062324,3.961244344391547,1.433250811624256,-0.9171215736384748,1.5297068928613582,1.5663082425809947,3.983936207371368,3.5187907182644746,-1.2905395729078633
numHidden 	5
numGenes 	48
seed 	1585593043249
random 	java.util.Random@76fb509a
popSize 	80
maxEvaluations 	20000
minGene 	-3.0
maxGene 	3.0
tournamentSize 	5
crossoverPoints 	1
mutateRate 	0.2
mutateChange 	0.5
mutateRatio 	0.5
mutateRateSmall 	0.1
mutateRateLarge 	0.8
wepMax 	1.0
wepMin 	0.2
expAccuracy 	6.0
minTravel 	0.0
maxTravel 	2.0
neuralNetworkClass 	class coursework.ExampleEvolutionaryAlgorithm
Training Set Training
Fitness 0.030916759609474185