2.7095050152712075,2.783357909361432,0.29749458875758084,4.264835029014773,-1.3898509387991105,-2.736562405012526,3.1915826078750618,-2.5113212931633386,3.471761587752397,-3.6019297601168763,1.3557592233616815,-1.0565972825311247,0.6925762906139878,3.79032014401833,0.6788548799146925,-3.2673989788730795,0.9702149132901114,3.2386168468048337,-0.6448827531617063,2.43815514870899,2.3147082847668763,5.0682386157395705,5.1189448697805595,-0.5864693276030764,3.808075458999274,-0.46405646438779957,-2.788289176423252,-0.0065467403303132166,-0.3763801228314363,2.1729226751124973,-0.5231049015880362,5.413998555425792E-5,-2.797103954353022,3.1463572052679325,1.7703889808900248,0.7178800097005968,2.5588346313453343,1.9640230423719887,1.223788068919064,-0.8752078517153892,-4.433209228719096,1.819114580208812,0.010245180188330316,-1.0190301404016529,-1.1861828937083163,-0.7230233125539618,0.6804303098820679,1.1039826245902877
numHidden 	5
numGenes 	48
seed 	1585593043249
random 	java.util.Random@76fb509a
popSize 	80
maxEvaluations 	20000
minGene 	-3.0
maxGene 	3.0
tournamentSize 	5
crossoverPoints 	1
mutateRate 	0.2
mutateChange 	0.5
mutateRatio 	0.5
mutateRateSmall 	0.1
mutateRateLarge 	0.8
wepMax 	1.0
wepMin 	0.2
expAccuracy 	6.0
minTravel 	0.0
maxTravel 	2.0
neuralNetworkClass 	class coursework.ExampleEvolutionaryAlgorithm
Training Set Training
Fitness 0.028216148959353253