-1.7239754022374112,-2.1614230787388387,5.7115718746534405,-2.8025998638812193,-1.8280612001683312,1.0984126727621515,-6.494829332830041,2.340429391519808,2.950396438683521,-0.8321823088482114,-0.6757296205627732,2.513193648291696,4.658675449983808,-1.4520514931969895,-1.0465598631676998,-0.01235227762396418,-1.6574677415035781,-0.29692422730987156,3.8293331537697846,-4.786314609373603,-3.335150767347674,-0.12362348507409848,-0.6078844147471218,-0.36171132591358957,-0.9219869419447555,-2.92848047673602,-1.2835430801131809,0.038802794126451934,-0.4525051922058365,1.0307367695055074,-1.0950131803173666,1.3035320507951607,-2.4687843633759083,-0.19759769559551987,-1.5585502374193032,-3.9616909424941498,1.6725567956846392,-5.477684907659686,1.6187453798895808,0.4573217143387609,1.3604748829572593,2.2881152274913337,-2.8745221518485256,-1.6929311417924433,-3.1551588339734984,0.7956704251968754,2.0376368234304874,-2.8035020379555595
numHidden 	5
numGenes 	48
seed 	1585593043249
random 	java.util.Random@76fb509a
popSize 	80
maxEvaluations 	20000
minGene 	-3.0
maxGene 	3.0
tournamentSize 	5
crossoverPoints 	1
mutateRate 	0.2
mutateChange 	0.5
mutateRatio 	0.5
mutateRateSmall 	0.1
mutateRateLarge 	0.8
wepMax 	1.0
wepMin 	0.2
expAccuracy 	6.0
minTravel 	0.0
maxTravel 	2.0
neuralNetworkClass 	class coursework.ExampleEvolutionaryAlgorithm
Training Set Training
Fitness 0.006658458971570492