-3.3944995659186326,2.6996521404171165,1.5309493249586774,1.2742179468046864,0.7083711403062924,1.074265152510253,0.4284610329906897,-1.3255766382359266,-3.9992233706564435,-0.07980306494706069,0.868796241354918,4.262866311250443,0.3610411456417406,2.02068753880714,2.3075662409418767,2.7229499598603635,5.058367057026371,1.431964069562063,-2.112683100596585,-0.36590123298612287,2.2611899058455496,0.7763933156134106,3.7565546564816152,3.3870228857851057,-0.6207013077682753,-2.474130080940991,1.8056495043179295,1.9431660228489687,-0.06572065025158125,-1.5650662772294401,-1.4602394033912232,-3.4612511842834666,-1.3025700506785043,2.437276475755596,2.3833755831675196,-0.11414477207433649,2.474372375926963,4.305982120699234,1.185621062536356,2.4426463969490575,-1.0203104584686247,-2.4109545788070954,3.8592588181724494,-1.0396689803028507,5.639065860621881,-0.5595164040138818,0.4174899420250018,2.193739725823246
numHidden 	5
numGenes 	48
seed 	1585593043249
random 	java.util.Random@76fb509a
popSize 	80
maxEvaluations 	20000
minGene 	-3.0
maxGene 	3.0
tournamentSize 	5
crossoverPoints 	1
mutateRate 	0.2
mutateChange 	0.5
mutateRatio 	0.5
mutateRateSmall 	0.1
mutateRateLarge 	0.8
wepMax 	1.0
wepMin 	0.2
expAccuracy 	6.0
minTravel 	0.0
maxTravel 	2.0
neuralNetworkClass 	class coursework.ExampleEvolutionaryAlgorithm
Training Set Training
Fitness 0.10447415438872623