3.7022291065746744,-1.1005405548094394,-0.954177969680678,-2.5527338245387634,-2.5150831518194545,-1.2618721229863101,-1.0664607999765616,1.8729185443969687,-3.3271376722394397,1.6793883594384722,3.195413197830466,0.06537105826634804,0.6223984719062301,0.031699225766251615,-2.8055782838787913,-0.07695482198468806,-2.337960246919807,0.3911170220830176,-3.0645793114558812,-0.16631799499145927,-0.16787227979164765,1.7816052188882283,-1.788219639718739,-0.35020210475822955,0.2910366885219915,0.36762893018197573,-1.4749684292836496,0.23201178043791781,-0.778902533432277,-1.828293217923001,0.5636075028735066,-1.4070771952036751,-1.0890191925915154,-0.3013502880387131,-0.598490607637959,-2.3698138477940627,3.015703292814714,-0.45671226929325837,2.2213597522315585,-2.0448216599143167,1.7766493722211463,-0.47902061225894466,0.7467318062880963,0.6763674734966147,-0.16994823042325446,2.393624307335606,2.1895835513187176,-2.064371847161521
numHidden 	5
numGenes 	48
seed 	1585510268807
random 	java.util.Random@76fb509a
popSize 	80
maxEvaluations 	20000
minGene 	-3.0
maxGene 	3.0
tournamentSize 	2
crossoverPoints 	1
mutateRate 	0.05
mutateChange 	0.5
mutateRatio 	0.5
mutateRateSmall 	0.1
mutateRateLarge 	0.8
wepMax 	1.0
wepMin 	0.2
expAccuracy 	6.0
minTravel 	0.0
maxTravel 	2.0
neuralNetworkClass 	class coursework.ExampleEvolutionaryAlgorithm
Training Set Training
Fitness 0.05896662677220155