-0.14249371932107002,0.009149885487208076,-1.0699791102620135,-1.61440303104795,2.5352931042361515,-0.6036909174551979,3.211801975132592,3.712797380309529,0.3526505074958939,1.8927653064069778,1.0172107182222945,-1.6452962538159237,-4.4262178352746435,-1.9326850974154466,-1.0745402448932642,3.0531258812000672,1.611039783007704,-3.067864078343672,2.162599486513616,-2.4367203363256245,-1.7996530954682792,-2.6706776295406165,3.2302729522489795,-4.096537805622787,-3.744286165894958,-0.46621775019302714,-0.6932459955067198,-1.5652507037662244,-1.6613950416312147,-4.197658626176399,-1.2773845246166955,-1.618118416907544,-2.5022034227108234,-2.0892339416800745,-0.2245679765169668,2.5967082116876856,-3.642734623401507,-0.6950034879401912,-2.1122624527831855,-0.2589242729530046,-0.9966963702555462,1.6651339148579467,-1.969605691252364,1.3690124207744692,-0.9164172133205222,-0.263256435385685,3.28028262373837,1.2461719117641596
numHidden 	5
numGenes 	48
seed 	1585510268807
random 	java.util.Random@76fb509a
popSize 	80
maxEvaluations 	20000
minGene 	-3.0
maxGene 	3.0
tournamentSize 	2
crossoverPoints 	1
mutateRate 	0.05
mutateChange 	0.5
mutateRatio 	0.5
mutateRateSmall 	0.1
mutateRateLarge 	0.8
wepMax 	1.0
wepMin 	0.2
expAccuracy 	6.0
minTravel 	0.0
maxTravel 	2.0
neuralNetworkClass 	class coursework.ExampleEvolutionaryAlgorithm
Training Set Training
Fitness 0.11384794617150851