-1.7936262919802992,1.4378280343572616,2.5442734629111907,-1.8936458107684566,-2.7635286807364787,-1.8641912018208653,-0.5685841754088745,-1.5564240685626292,3.408349294400371,0.7307895290157074,-1.7811684205214764,1.712712510088716,-0.4924313257361852,1.2479084469028447,-3.5356053131376908,1.227951130536983,2.394553157283692,1.8353379647945784,1.5471666128677022,-1.3176726240652061,0.41791369401970524,2.029369700269215,1.4786860512593822,-1.2854702298052203,0.5167834774952258,-1.1850548773071852,-2.8410404487533696,0.24970753098357523,-0.3999774597227974,0.3311544452364221,-0.8408620406940983,2.457709643897701,-0.12433824103750535,1.4641563342753816,-0.5248456726269675,-2.178633492623635,0.9488840560730019,0.09259059637748468,2.679017701666039,-0.5382710689814219,0.2080137894884455,2.3736087552850753,-1.6856154905324123,1.4589716970626823,-2.843344696184674,1.0592965202460052,0.9220429212724683,-0.9087901496056365
numHidden 	5
numGenes 	48
seed 	1585510268807
random 	java.util.Random@76fb509a
popSize 	80
maxEvaluations 	20000
minGene 	-3.0
maxGene 	3.0
tournamentSize 	2
crossoverPoints 	1
mutateRate 	0.05
mutateChange 	0.5
mutateRatio 	0.5
mutateRateSmall 	0.1
mutateRateLarge 	0.8
wepMax 	1.0
wepMin 	0.2
expAccuracy 	6.0
minTravel 	0.0
maxTravel 	2.0
neuralNetworkClass 	class coursework.ExampleEvolutionaryAlgorithm
Training Set Training
Fitness 0.009738761643975167