1.8002914246335866,-0.1575263441899537,-1.3414987805987035,2.3540621744228174,0.8345716246399171,-2.2777087842025976,3.4451048791699446,-2.3568353084304468,-1.9503478048513871,0.3046132612500756,1.2850152390102663,-0.3124498908283657,-3.218303957001704,1.2892450416282175,0.6963286018345074,2.382785046362814,1.9978766462566,-1.1737361925529042,-2.0836591776256115,1.2822200764540161,-0.7939561993918507,-2.4451169612154686,-1.2447238567343724,-0.903187779784298,-0.5742076024148162,-1.5569332191246428,-0.9289579816917266,-3.2165591600689103,-0.18714758425882305,-1.3759224020292038,-0.175510500758163,-3.7432050512426853,1.479461921745063,-0.7511035329299194,-1.5968367431027417,1.3080144180947935,-1.6997459492438711,-3.6956763109938615,-2.5148811339295163,2.3036810197831086,3.3450981433374185,0.2560750137620973,-0.045548620473160106,-0.05945807069100484,-0.5860093400829358,-0.1322867604698037,2.463283503257438,-0.8815374448581066
numHidden 	5
numGenes 	48
seed 	1585510268807
random 	java.util.Random@76fb509a
popSize 	80
maxEvaluations 	20000
minGene 	-3.0
maxGene 	3.0
tournamentSize 	2
crossoverPoints 	1
mutateRate 	0.05
mutateChange 	0.5
mutateRatio 	0.5
mutateRateSmall 	0.1
mutateRateLarge 	0.8
wepMax 	1.0
wepMin 	0.2
expAccuracy 	6.0
minTravel 	0.0
maxTravel 	2.0
neuralNetworkClass 	class coursework.ExampleEvolutionaryAlgorithm
Training Set Training
Fitness 0.11350339753003293