-0.5584439201788314,0.1607034797984077,0.3013038278797886,0.48137493452270874,-1.4877435217623818,3.4824439146200596,2.634739135804295,1.722363644619719,-0.9913113687539914,0.8592090331484243,-0.4050090149077086,-0.5209508970741332,-0.0337681330464874,-3.7837116411124185,-3.183833422049142,-0.9275492018113223,-3.866694837905812,0.9156381854637625,-3.3166690360472666,-0.7099479061637799,-0.2737235736648671,-2.1428920396633258,-2.469006145652486,0.4488878753101737,-2.4197647398945143,1.5257128562975737,-2.45802692049823,0.7330594744440169,0.5607348883987777,2.3854545870722985,2.6403916510865892,-2.8211136917211546,-2.169034883098953,-1.2461029393435208,-0.8888243877033775,0.09519981840439362,-0.1912933079086674,1.7331011060390757,3.1103030338444695,2.2212840961302334,1.3145233134380416,-1.6979032955357205,-1.5008643007340603,1.1289680744637929,2.7489438676701603,0.6918654278430658,2.7992316568024167,-0.3198342229977591
numHidden 	5
numGenes 	48
seed 	1585510268807
random 	java.util.Random@76fb509a
popSize 	80
maxEvaluations 	20000
minGene 	-3.0
maxGene 	3.0
tournamentSize 	2
crossoverPoints 	1
mutateRate 	0.05
mutateChange 	0.5
mutateRatio 	0.5
mutateRateSmall 	0.1
mutateRateLarge 	0.8
wepMax 	1.0
wepMin 	0.2
expAccuracy 	6.0
minTravel 	0.0
maxTravel 	2.0
neuralNetworkClass 	class coursework.ExampleEvolutionaryAlgorithm
Training Set Training
Fitness 0.11440684986562391