-0.358452074233818,2.1618082141149264,-2.2583741159967223,-0.015032222750651858,-2.256291897777681,-1.65934691191555,-2.6624519684459016,1.0857605316803571,0.95806290533723,2.166132671350434,-0.9008283508609227,0.5899741655994601,-1.8890530916596462,2.0142695496567455,-4.110213734955799,-1.7731609417695866,1.0150935126472937,-0.10919457725219672,-1.97916737789315,2.5352521838291366,3.0843003067031667,0.7499122464327241,2.764192501287992,-3.9443102169174975,-3.3514583405083895,-1.1033708189484515,-1.0278048327035294,-2.7287361500491754,-2.506278641831619,-1.4504703100589547,-0.28773048288570724,-0.41821908979062306,-2.645972760108165,0.09383380836898203,-1.0677044082745581,-0.9099599904732427,1.5204052330637188,1.7875947720315253,0.07700349142487584,2.430776598052038,-0.8982901115527864,-1.6464780824260095,-2.5824326293881903,1.5368147907077336,1.2441481737171625,1.4610353495199417,0.8618875230821033,-1.4754232187375198
numHidden 	5
numGenes 	48
seed 	1585510268807
random 	java.util.Random@76fb509a
popSize 	80
maxEvaluations 	20000
minGene 	-3.0
maxGene 	3.0
tournamentSize 	2
crossoverPoints 	1
mutateRate 	0.05
mutateChange 	0.5
mutateRatio 	0.5
mutateRateSmall 	0.1
mutateRateLarge 	0.8
wepMax 	1.0
wepMin 	0.2
expAccuracy 	6.0
minTravel 	0.0
maxTravel 	2.0
neuralNetworkClass 	class coursework.ExampleEvolutionaryAlgorithm
Training Set Training
Fitness 0.05382730417026448