-2.494556278008204,0.7271193225589045,-1.2941862124404575,0.6155825031819919,2.5237631144692587,-2.126620964283159,0.7928583959723117,-3.0566282443625155,-2.434772417303148,-0.5371492852081392,-2.9169777681716265,-0.9592530541875997,-2.5822277508904463,-0.2148891181639132,-1.1251005695689522,-2.7136261580618792,1.8745946904309099,0.9253581854228035,-2.4000886593615913,-1.8757390418938655,-0.5193111875064513,-1.1017929980786612,-1.4910230544395384,2.167500679098074,-2.3721003316002505,-1.401808396084747,0.3900511100641051,-1.4384395410334792,0.3509832946497351,-0.07907788365429802,-3.42571945957617,-1.4852219327781129,-0.2779332676672439,-2.8743668332193044,-0.24779930474916512,2.0892611238800143,-0.7766673993517927,-2.3358394725390355,2.8225701540149446,0.6650024357374926,-1.2639968369170518,-3.409014286550775,-3.1070745976823693,-1.6484051069941896,-2.307110779286261,2.5211111041974075,0.7213753746125597,2.463577378030683
numHidden 	5
numGenes 	48
seed 	1585510268807
random 	java.util.Random@76fb509a
popSize 	80
maxEvaluations 	20000
minGene 	-3.0
maxGene 	3.0
tournamentSize 	2
crossoverPoints 	1
mutateRate 	0.05
mutateChange 	0.5
mutateRatio 	0.5
mutateRateSmall 	0.1
mutateRateLarge 	0.8
wepMax 	1.0
wepMin 	0.2
expAccuracy 	6.0
minTravel 	0.0
maxTravel 	2.0
neuralNetworkClass 	class coursework.ExampleEvolutionaryAlgorithm
Training Set Training
Fitness 0.1169464630508262