0.9445719681586788,2.6284506627415647,-0.464091793002293,-0.6979630135878263,-2.4583628373961712,-2.7659583503492957,1.1012718414387699,-0.5642465442726063,-2.778863729926412,4.916641271727923,0.015600054493389415,-1.7107839642245382,-1.3561067283935628,2.243345222794332,-2.4677745523511265,-1.1899829203795487,0.5278190781286658,2.7376248968571453,-2.517939180178818,-3.9672166159411155,2.7884039873316384,-2.244999795535628,2.4033860452899845,-2.342863224927768,-1.1198316292063693,-0.3256224512251098,-0.8594794390819782,-0.6937759511717889,2.969312516024231,1.9371354945287873,2.518610119118563,2.116128900866201,-3.628222725337924,0.80152651801333,-0.4384312678738427,2.01967918367745,-1.5853331958655075,0.5594490809503112,-2.7213812981171976,-0.2189812783134757,-0.30731834513598777,-1.3071315816232496,0.8064844524536721,3.4223667045426343,1.624578439818384,0.16489362375142402,-2.1515552962745943,-1.1318779694247445
numHidden 	5
numGenes 	48
seed 	1585510268807
random 	java.util.Random@76fb509a
popSize 	80
maxEvaluations 	20000
minGene 	-3.0
maxGene 	3.0
tournamentSize 	2
crossoverPoints 	1
mutateRate 	0.05
mutateChange 	0.5
mutateRatio 	0.5
mutateRateSmall 	0.1
mutateRateLarge 	0.8
wepMax 	1.0
wepMin 	0.2
expAccuracy 	6.0
minTravel 	0.0
maxTravel 	2.0
neuralNetworkClass 	class coursework.ExampleEvolutionaryAlgorithm
Training Set Training
Fitness 0.06081061300974445