-3.0406703250137346,-1.0245407054586149,0.8091925519584011,-0.8143700217878747,-0.03938573551745206,-0.4289876336827163,-0.6933379803896551,2.7081546669983663,-3.053687576108061,-1.4005320426055938,-1.044605098440761,-2.103679991638076,-1.0961713884245525,-1.0806865563999724,-3.4855266162584417,-0.610985265446895,-1.5222440952876966,3.612840148521042,0.24402889853167675,1.1412634225729015,-1.0927468720865474,-2.9996922517977485,-3.372453720777687,2.214168397478426,2.1686463405778174,0.9549601206142864,-2.5333066302355167,-0.04618093427802883,0.6391530183000516,0.9381178877858711,1.0662951891243342,3.9961158629379963,1.244856825895039,-1.2257849228362279,2.106013192571943,-2.082264344844008,-0.5308718731187039,1.4575565559501724,3.0754414184767374,2.907079787070421,-0.6305022151609716,-2.7908404885376936,0.88698147471833,0.8857521455325603,-2.677954652194284,2.111194601807612,2.6801709668005547,0.832481070954803
numHidden 	5
numGenes 	48
seed 	1585510268807
random 	java.util.Random@76fb509a
popSize 	80
maxEvaluations 	20000
minGene 	-3.0
maxGene 	3.0
tournamentSize 	2
crossoverPoints 	1
mutateRate 	0.05
mutateChange 	0.5
mutateRatio 	0.5
mutateRateSmall 	0.1
mutateRateLarge 	0.8
wepMax 	1.0
wepMin 	0.2
expAccuracy 	6.0
minTravel 	0.0
maxTravel 	2.0
neuralNetworkClass 	class coursework.ExampleEvolutionaryAlgorithm
Training Set Training
Fitness 0.10018533664144748