-2.1758035669550737,-1.0664955639957368,3.2692288172347688,1.4585434336014274,0.8363272752861981,1.4936091725441623,2.9660805968244253,0.6613936369389002,-1.828187690245974,-0.2352004581558642,-3.7891545770037904,-0.9243363442220174,1.2449533442942755,-0.4962529749167679,0.09088699020149615,0.5319225972916497,0.48427218501606095,1.6461243960874015,2.691358732505317,-1.887596024344464,3.8397384092561193,-2.817901471864723,-0.7257000965145268,0.20130494826604384,3.537797982897395,1.871151992453897,-0.009848364660015596,1.7942668252383758,-1.6500774408552559,-2.2462298272272445,-1.2660130216589458,2.48973917944802,-0.7349889589684615,2.484107361275301,1.4731924101229934,3.777471307916395,0.5434297474147574,-1.8348177458492496,0.16842666237036097,-2.9809218644422453,-0.4522323994804589,1.9376881553512941,-1.4229754447579284,-2.35711874445812,-2.3774894914251696,1.9346603583543427,1.5681776630235555,2.2267964779182288
numHidden 	5
numGenes 	48
seed 	1585510268807
random 	java.util.Random@76fb509a
popSize 	80
maxEvaluations 	20000
minGene 	-3.0
maxGene 	3.0
tournamentSize 	2
crossoverPoints 	1
mutateRate 	0.05
mutateChange 	0.5
mutateRatio 	0.5
mutateRateSmall 	0.1
mutateRateLarge 	0.8
wepMax 	1.0
wepMin 	0.2
expAccuracy 	6.0
minTravel 	0.0
maxTravel 	2.0
neuralNetworkClass 	class coursework.ExampleEvolutionaryAlgorithm
Training Set Training
Fitness 0.06701509352713005