-2.0914628444109153,3.2172563174798547,-1.0391408395954849,-0.6672125629779693,2.8871716477242684,-1.6095866633667892,1.8286427657971691,-1.6754341263860866,-2.279576249505527,-2.528594943018328,-2.343869219222355,1.3987478571455885,-2.778098441801223,-0.02635921815672493,0.919217837590014,1.8248314395260072,-0.906093193242359,1.9787498114025937,-4.170947382831809,0.878651102691995,-1.9719308916999498,-0.7538295069364374,2.5865710106007658,1.1536796775876272,-0.5861130888058819,2.1373081429150194,-2.4497176008167756,1.4445758204118455,-0.6755384747756503,2.334144183548352,-1.7848715701725784,0.2704309058768981,0.21649389297378363,-0.5498961720620201,-2.409981335384326,2.8486637953714427,-1.7299809514944458,-1.546128536843876,0.2799929821984568,-0.32348906263199284,2.125347477948682,-1.1807815772338712,1.9603743672203127,-0.4765050798528869,-0.8658186143340778,0.2441133209237929,0.28187926546141284,2.5173810675672357
numHidden 	5
numGenes 	48
seed 	1585510268807
random 	java.util.Random@76fb509a
popSize 	80
maxEvaluations 	20000
minGene 	-3.0
maxGene 	3.0
tournamentSize 	2
crossoverPoints 	1
mutateRate 	0.05
mutateChange 	0.5
mutateRatio 	0.5
mutateRateSmall 	0.1
mutateRateLarge 	0.8
wepMax 	1.0
wepMin 	0.2
expAccuracy 	6.0
minTravel 	0.0
maxTravel 	2.0
neuralNetworkClass 	class coursework.ExampleEvolutionaryAlgorithm
Training Set Training
Fitness 0.04986906315699423