-1.3381735083847632,-2.097021333041636,-2.0558816224076515,-0.28891517197545014,2.5233043840817198,2.731393941152062,2.4951614936227857,-3.131090531567369,-1.9427031101905983,1.22180457140853,-1.886601301731698,-2.993568190100147,-1.7507456996194835,0.5905855828860815,-0.34435587348099617,1.8489137738381434,-1.2182688426839912,-2.810077613192548,0.6547250457970422,-1.4828548929288936,1.9184498087724977,2.779412740146209,0.09207757810548944,1.35956530570696,-1.4422770308046182,-2.3080679704232354,-2.339207114040872,-2.93186511873577,-2.648941350381741,1.6129113357858262,-2.5383780658287165,-2.1682013578461428,2.3771133971478946,-3.930823127440739,-2.0274441740353195,-1.1953062914091603,-0.7140031554690429,-2.7416999460663547,2.327520867659226,0.36953888342893926,-0.5811577877425014,2.819794933456497,1.575738865039897,-0.9705929863446645,3.72645858629226,0.8546557568059479,2.0403863191351075,2.7738531477976958
numHidden 	5
numGenes 	48
seed 	1585510268807
random 	java.util.Random@76fb509a
popSize 	80
maxEvaluations 	20000
minGene 	-3.0
maxGene 	3.0
tournamentSize 	2
crossoverPoints 	1
mutateRate 	0.05
mutateChange 	0.5
mutateRatio 	0.5
mutateRateSmall 	0.1
mutateRateLarge 	0.8
wepMax 	1.0
wepMin 	0.2
expAccuracy 	6.0
minTravel 	0.0
maxTravel 	2.0
neuralNetworkClass 	class coursework.ExampleEvolutionaryAlgorithm
Training Set Training
Fitness 0.10907891214427168