-0.24099398430950902,15.651186696609575,-0.2792124279955859,-1.6462829873941818,3.977330584914749,5.444887930408657,9.1481070275674,-3.0453008952800333,11.301401524274333,2.915302733603914,2.5327053533618837,7.3674584594249914,1.743949961717849,-1.477566318030438,1.9316043529334639,2.67929953422077,-5.747011644620011,-3.1634393716933378,10.77867689910276,-4.654778404038357,4.142984642090897,-5.277542191757149,7.380594076705547,-1.7948810025744244,5.908777994001264,8.130544575640883,-0.12534975070302323,1.2066883651020461,0.3792936700234346,-4.990699105590313,5.659042966693021,3.4456439384821627,-5.064321574746251,-1.9805676868268751,-9.14371574796059,5.143595927575481,0.34853403040785746,-0.424610599359732,-0.44259554730772654,-2.9721995573764586,0.3210177974469408,14.823838669761322,5.415639191162511,-0.7134854377949136,2.4807495217847686,-1.904304949339914,-7.271697928413874,1.050375465147714
numHidden 	5
numGenes 	48
seed 	1586019910999
random 	java.util.Random@76fb509a
popSize 	80
maxEvaluations 	20000
minGene 	-3.0
maxGene 	3.0
tournamentSize 	5
crossoverPoints 	1
mutateRate 	0.6
mutateChange 	1.0
mutateRatio 	0.5
mutateRateSmall 	0.4
mutateRateLarge 	0.6
wepMax 	1.0
wepMin 	0.2
expAccuracy 	6.0
minTravel 	0.0
maxTravel 	2.0
neuralNetworkClass 	class coursework.QueenBeeEA
Training Set Training
Fitness 0.039045703800283826