1.4304115836934868,2.741585502715661,-1.1524705496954608,3.5693864316347277,-2.6269558900602945,-1.4523780319934003,-0.5236969459304595,-8.341589653531688,-2.958616076279398,-3.433879103334153,1.9676227809971065,-1.7490992609191887,1.4502806088572182,4.132322262220882,-2.8402466278600267,3.0583833951911625,6.571996439277072,-7.763051370398912,-3.037139832944595,-14.645233805593495,0.6632063182038963,-1.0146817690780914,1.2551703365539009,-1.195539047285549,-3.6100677114938877,-2.030167698453969,-3.041326067848919,0.053081683080994146,0.3494283909067697,0.19041270974422186,4.3172636606435475,-2.924586764515312,-2.6330080695415354,-1.8480899848550272,1.0100603712427318,7.8091526570435335,-3.9571502379272445,-3.0586820068384233,-9.446524070927756,8.281172550996452,-10.131727569871398,-3.704474445624323,-8.513901879745752,0.9484125987251253,-3.6741079690957257,-2.423949772904889,-0.34335451817621454,5.723552277104399
numHidden 	5
numGenes 	48
seed 	1586019910999
random 	java.util.Random@76fb509a
popSize 	80
maxEvaluations 	20000
minGene 	-3.0
maxGene 	3.0
tournamentSize 	5
crossoverPoints 	1
mutateRate 	0.6
mutateChange 	1.0
mutateRatio 	0.5
mutateRateSmall 	0.4
mutateRateLarge 	0.6
wepMax 	1.0
wepMin 	0.2
expAccuracy 	6.0
minTravel 	0.0
maxTravel 	2.0
neuralNetworkClass 	class coursework.QueenBeeEA
Training Set Training
Fitness 0.007014733843892158