-2.6148309060067003,-3.3546754252070743,4.265314568073053,-3.0591860403050446,-3.2860450659063822,-1.6694941813292816,4.924878051519707,-1.181474316927086,-0.3518891515903686,-6.317917250292851,5.454906585473804,8.276854470121245,11.50316037518785,-2.282413607774939,4.161350602555412,2.3382207092125724,-4.354559348664079,2.4619904499585834,-0.9715391827335091,-10.82717723059562,1.1926327415157107,-0.4036721869507174,1.2439874834043207,1.8071385806278464,-0.6423615114938261,4.944665986859715,3.3122440209389037,-0.49102326684280584,2.641372299125626,-0.5130674197893317,-4.2688575438808,0.17839035512480184,3.0382099811295076,0.553284924126094,-6.576435571747641,-3.9390829041105393,5.923649396932957,-4.284835325140295,2.1687342233273252,-1.0810866369565773,2.1385633007628764,-1.0560565172495222,0.015122220017091514,2.043712713923248,-9.981298492802896,2.913335473893614,3.936612517268009,-3.2240795622441425
numHidden 	5
numGenes 	48
seed 	1586019910999
random 	java.util.Random@76fb509a
popSize 	80
maxEvaluations 	20000
minGene 	-3.0
maxGene 	3.0
tournamentSize 	5
crossoverPoints 	1
mutateRate 	0.6
mutateChange 	1.0
mutateRatio 	0.5
mutateRateSmall 	0.4
mutateRateLarge 	0.6
wepMax 	1.0
wepMin 	0.2
expAccuracy 	6.0
minTravel 	0.0
maxTravel 	2.0
neuralNetworkClass 	class coursework.QueenBeeEA
Training Set Training
Fitness 0.0069681909910084315