-2.348809679513036,1.4343665710994147,3.2018742363417347,4.547466929477836,0.3639850553088264,0.3687910497838862,-7.751199083616063,1.999757960928613,5.094769303938562,4.3697520986980045,-3.297114529528291,-1.705211526106197,5.955762294846608,9.32553166308883,-1.1181308561132166,-1.1204381155010874,-7.090854103255348,0.3958469544233454,3.8349928923066656,8.937498863206299,-2.716604107215863,-1.6740054139041929,-1.6686178033086474,1.851953523865837,0.4676425343020787,3.524420879864658,4.484689731254867,0.5029760495711635,-0.590244755912749,0.08414657698140893,-3.525050578886014,-1.36637644644743,0.45892328609830013,2.8854272490276403,-3.235934373926904,-2.245981293306631,4.307554226390428,-3.620313500161884,0.9025332024882982,5.674404638010647,-9.792766520729245,3.7465552991265545,0.6636541570717762,0.8189898592484095,6.990910285905241,1.6451469287043938,-2.182308064372606,1.7634812386381453
numHidden 	5
numGenes 	48
seed 	1586019910999
random 	java.util.Random@76fb509a
popSize 	80
maxEvaluations 	20000
minGene 	-3.0
maxGene 	3.0
tournamentSize 	5
crossoverPoints 	1
mutateRate 	0.6
mutateChange 	1.0
mutateRatio 	0.5
mutateRateSmall 	0.4
mutateRateLarge 	0.6
wepMax 	1.0
wepMin 	0.2
expAccuracy 	6.0
minTravel 	0.0
maxTravel 	2.0
neuralNetworkClass 	class coursework.QueenBeeEA
Training Set Training
Fitness 0.007439514808327127