1.457641587784428,-6.379663765814263,2.537551487570679,4.88548744793033,2.445228635975673,-5.5905216988408055,1.4359928904050827,-1.2395284050107458,5.608061835428277,6.848414668289092,1.015385236706928,-6.046098960355672,-1.019859400000084,2.0236612473785263,5.384513137382657,-10.154373423939877,3.0539322592718143,-5.2612643180768055,5.695660274035271,4.003475485869238,-1.9300883538859077,-1.4243028835531621,3.4553642955338644,3.886077925861878,-2.717981305715149,0.8560303594268515,-0.10455781525535457,-0.01555569595560602,4.0637672207170334,-0.5685965813727183,3.950612244019123,-8.120932490927068,-4.489198322404003,-8.218477574190267,1.5120834194960127,-0.2259775520742502,-2.486279042042818,-3.3255129487141772,-0.8129659241904124,-2.414888499207348,-2.2462755420306615,0.7084461555380424,2.791943825305678,-8.815214303077875,1.3101568036731104,1.607787832064803,2.490605701962221,2.269900984140749
numHidden 	5
numGenes 	48
seed 	1586019910999
random 	java.util.Random@76fb509a
popSize 	80
maxEvaluations 	20000
minGene 	-3.0
maxGene 	3.0
tournamentSize 	5
crossoverPoints 	1
mutateRate 	0.6
mutateChange 	1.0
mutateRatio 	0.5
mutateRateSmall 	0.4
mutateRateLarge 	0.6
wepMax 	1.0
wepMin 	0.2
expAccuracy 	6.0
minTravel 	0.0
maxTravel 	2.0
neuralNetworkClass 	class coursework.QueenBeeEA
Training Set Training
Fitness 0.009228913000587957