6.837337093549614,-1.15424670913505,-0.12775253410455356,2.3151317864532786,3.776253394932967,1.554426776005898,-9.334579766162243,4.911165302835671,-10.197260011953976,3.387302036932783,7.045974364503955,0.7430207092060837,-1.2040542538198231,4.290167872603677,0.8519721093799717,-4.0585566846788526,-9.16124931273164,0.16262247715920797,1.149008291031345,6.908233099714558,0.12463031189546703,-1.599316812441426,3.754006044877678,8.640883321286672,-5.816810816733364,-0.374542820843371,0.7133082319272805,7.977655799181463,-1.6240625444492487,0.410800483833496,7.264350437592704,-11.821845097862717,-0.24180906813729575,-3.955933938039835,-0.007011163540695087,-6.671733034549167,6.368718269768497,-2.4376211781519492,1.6316115110349316,8.432621279981745,3.762802413620827,0.4870218208306696,4.321947988375861,-1.0757524738099766,2.373372689851508,2.363536877711649,0.10984636252227808,0.37383822689204305
numHidden 	5
numGenes 	48
seed 	1586019910999
random 	java.util.Random@76fb509a
popSize 	80
maxEvaluations 	20000
minGene 	-3.0
maxGene 	3.0
tournamentSize 	5
crossoverPoints 	1
mutateRate 	0.6
mutateChange 	1.0
mutateRatio 	0.5
mutateRateSmall 	0.4
mutateRateLarge 	0.6
wepMax 	1.0
wepMin 	0.2
expAccuracy 	6.0
minTravel 	0.0
maxTravel 	2.0
neuralNetworkClass 	class coursework.QueenBeeEA
Training Set Training
Fitness 0.008759331733351958