1.013958557689909,-3.5664693166669323,8.517995699286857,-5.2137475067393595,3.6344942491270062,0.6083778533792303,-7.453461604778816,-0.732604496652681,-4.002539652764355,-5.96058122728239,-8.5355548837098,6.226546479826112,14.520443995847934,9.32427507169501,0.878000244661286,-2.977404147238798,10.873698851144635,-2.902807192028664,-2.0975911191582917,-12.90831610699614,0.30001053799575184,3.023265813469023,-0.09519215765358613,3.598076588789385,-0.6696896078138783,-2.9612660461851976,-3.99877344417044,0.5933967524044004,2.7484198945434866,-0.612688579985539,3.420156614346908,10.96171003768126,4.714381697494218,-1.440227236730541,-2.645017957124643,-1.0696955754816795,6.670532201943594,0.4631459600164245,-0.015521490351517286,0.5789208125603436,-2.877772116640756,-2.5138647293141396,2.226939208049439,-5.561034230628691,-11.779178622383409,-1.914212244688974,2.4034014522237763,-1.3447100050456573
numHidden 	5
numGenes 	48
seed 	1586019910999
random 	java.util.Random@76fb509a
popSize 	80
maxEvaluations 	20000
minGene 	-3.0
maxGene 	3.0
tournamentSize 	5
crossoverPoints 	1
mutateRate 	0.6
mutateChange 	1.0
mutateRatio 	0.5
mutateRateSmall 	0.4
mutateRateLarge 	0.6
wepMax 	1.0
wepMin 	0.2
expAccuracy 	6.0
minTravel 	0.0
maxTravel 	2.0
neuralNetworkClass 	class coursework.QueenBeeEA
Training Set Training
Fitness 0.0077337586692019155