-2.3609156291609894,2.0697844180954963,-5.749359637638425,1.543311582034507,5.499883119264041,2.1589938058507947,-8.55314592772794,-3.5147194193482703,-2.9240306155532734,-5.9953122295729795,2.7923991415909404,-0.3138455793356796,-10.368841197314113,2.500925632520091,2.0283507799309985,5.627117372750646,-14.01283366013899,7.623061020890049,7.096063736630887,-0.6588693568146731,-0.6589742530087417,-0.310624096912707,1.8221329557232586,-2.6644423037082055,-10.13907453671842,6.744202738246587,0.3428836353302873,-0.7912149139530262,-11.638480046821433,-6.358813185240299,-1.9283776641483792,1.3132966185522896,5.053500251106911,7.983117271084733,-3.5439502086821104,-13.864800107818725,-7.116746674402712,8.037841588930032,1.015975101430337,8.926253911752939,-0.9880379203566747,-0.3354226461290697,2.0889201705517846,-1.1333513084001527,1.7492702031417533,6.656077490734482,-1.1746959485566144,-0.6455755848766849
numHidden 	5
numGenes 	48
seed 	1586019910999
random 	java.util.Random@76fb509a
popSize 	80
maxEvaluations 	20000
minGene 	-3.0
maxGene 	3.0
tournamentSize 	5
crossoverPoints 	1
mutateRate 	0.6
mutateChange 	1.0
mutateRatio 	0.5
mutateRateSmall 	0.4
mutateRateLarge 	0.6
wepMax 	1.0
wepMin 	0.2
expAccuracy 	6.0
minTravel 	0.0
maxTravel 	2.0
neuralNetworkClass 	class coursework.QueenBeeEA
Training Set Training
Fitness 0.006862466864179936