-3.7580062237813365,-2.5405735639280493,-5.04531968338624,-2.435092025440078,-0.4318291237280132,-2.601079599385482,-3.328426292844396,2.4333072770588853,-3.123506879638109,-0.6410479746859679,0.6802916184682264,0.6359095738516807,-4.946457902810254,-4.67643071451325,-0.8731274901453308,-0.8966121855663678,-7.113972915088406,2.511332920279078,3.5606329902474503,-8.79130260865003,-6.918209293398126,3.980163401742641,-0.5251294752234354,2.3674734260574817,-3.9212594096256375,-2.9375431387986723,2.1442102365166686,0.6100421107758942,0.4736882315830879,0.5231076417393661,-3.881868305745569,3.143120728388247,-1.7457130774577063,0.36152686916534726,-2.2419515224441984,-1.2388049710528009,-5.493562849976636,-2.7375428471237218,3.101248047701557,1.9616917267809328,7.057272269082842,-3.11194862482739,-0.3414270090375737,-2.5638360292887694,-3.202010050107895,-2.3707489160468675,3.1607847226720507,0.07705421319910588
numHidden 	5
numGenes 	48
seed 	1586019910999
random 	java.util.Random@76fb509a
popSize 	80
maxEvaluations 	20000
minGene 	-3.0
maxGene 	3.0
tournamentSize 	5
crossoverPoints 	1
mutateRate 	0.6
mutateChange 	1.0
mutateRatio 	0.5
mutateRateSmall 	0.4
mutateRateLarge 	0.6
wepMax 	1.0
wepMin 	0.2
expAccuracy 	6.0
minTravel 	0.0
maxTravel 	2.0
neuralNetworkClass 	class coursework.QueenBeeEA
Training Set Training
Fitness 0.011446866325534294