3.397565568369963,-4.7281892940975725,2.8411230701888037,-1.1065595032201738,6.638541672903751,-2.8942529465463545,12.309357270758298,2.4813578260304094,-1.450618325299827,1.1936162142470943,2.326163403420984,-1.3656919780568098,4.399909256251885,1.5291195033033693,10.390910482198334,2.6679945513722316,4.858565353127235,-2.7933997947185194,-1.0577748873361839,7.54012221433919,-0.9210120455985651,-2.44302013302773,-2.597255217182912,3.479266722075929,2.84742525423804,5.276022473080601,-0.06013530504031195,0.30985070251806235,5.335846821024283,0.08714418235468457,-4.650186039943469,-3.4766136826246057,1.456780759944598,-1.989486298001406,3.964783900721695,8.016780909035777,-7.795414497897003,-7.523823982698687,-0.3128308006246572,-0.3382522230507998,-2.305969060010348,2.76697698280607,10.62237215116276,-3.3849976548927865,2.870736692309152,-1.0373840761439226,5.602808891478142,-4.581200585195153
numHidden 	5
numGenes 	48
seed 	1586019910999
random 	java.util.Random@76fb509a
popSize 	80
maxEvaluations 	20000
minGene 	-3.0
maxGene 	3.0
tournamentSize 	5
crossoverPoints 	1
mutateRate 	0.6
mutateChange 	1.0
mutateRatio 	0.5
mutateRateSmall 	0.4
mutateRateLarge 	0.6
wepMax 	1.0
wepMin 	0.2
expAccuracy 	6.0
minTravel 	0.0
maxTravel 	2.0
neuralNetworkClass 	class coursework.QueenBeeEA
Training Set Training
Fitness 0.009802750631123507