-5.614772275121664,-0.8364605625566419,3.29193758031935,3.8904052717232966,-2.8693450620647045,-2.1454930050717866,-1.1581963116231264,-0.8242023215708807,-4.993978810613227,4.699117513872766,-4.048024223002583,-7.669443411808064,-3.3654184676005725,-1.590700230960909,-3.79957780833524,-3.960168022151092,-0.48547477165193786,6.808355604360418,-7.681266262287532,7.666105928472913,-0.3564388361253692,0.45717347795035135,0.7596004264225069,0.7404254943245601,4.361998775815896,0.32095911949469036,-0.9053498374122784,-0.40188056166954844,0.20060235579106056,0.7794766569423892,-7.944280665211615,5.031493886639076,-2.453917119476087,-0.7406386918468271,5.737130249986531,1.4244393051077218,6.8299694049675495,4.254548556654463,0.6229342007528746,1.479597356647108,8.553213606270749,-4.973923631128466,-0.3129490075301202,1.215919053255238,5.904049398385447,4.509056912945377,1.7442638111082633,-2.244171832315094
numHidden 	5
numGenes 	48
seed 	1586019910999
random 	java.util.Random@76fb509a
popSize 	80
maxEvaluations 	20000
minGene 	-3.0
maxGene 	3.0
tournamentSize 	5
crossoverPoints 	1
mutateRate 	0.6
mutateChange 	1.0
mutateRatio 	0.5
mutateRateSmall 	0.4
mutateRateLarge 	0.6
wepMax 	1.0
wepMin 	0.2
expAccuracy 	6.0
minTravel 	0.0
maxTravel 	2.0
neuralNetworkClass 	class coursework.QueenBeeEA
Training Set Training
Fitness 0.014533725307571304