-8.82101594375471,6.250882800222931,6.158524481796688,1.1650724035878797,2.5635339816971943,8.223439497560513,-7.086358502793304,-5.16402453575151,-9.056543669996257,-0.9512605825900475,-14.341072804149253,5.805476387460234,15.044928182200463,8.68958697180479,1.926533437837976,-4.90341038674586,-6.043783323659675,12.338332629990207,-13.700856421868567,0.056187079354882596,-2.626654732099228,-0.6400468250883521,4.474006377314529,-0.632424511743513,-5.318274652565146,0.7264427461909901,-1.8512485265355922,-3.580900932974034,-0.39731964064847203,-5.177384487380353,-9.967995702292054,9.193217642012224,-3.7997975876125545,4.794575175095517,5.427189775372996,-9.406746233283869,6.9618809266592985,3.561320797854864,4.945854029230103,2.979343085627852,-5.309322091318105,-5.371846616468211,-0.7251558953829462,6.938435324403813,2.1222816986364035,10.461577810478243,4.9999889816543455,-2.8499963631706255
numHidden 	5
numGenes 	48
seed 	1586540972100
random 	java.util.Random@76fb509a
popSize 	20
maxEvaluations 	20000
minGene 	-3.0
maxGene 	3.0
tournamentSize 	5
crossoverPoints 	1
mutateRate 	0.4
mutateChange 	1.0
mutateRatio 	0.5
mutateRateSmall 	0.3
mutateRateLarge 	0.7
wepMax 	1.0
wepMin 	0.0
expAccuracy 	6.0
minTravel 	10.0
maxTravel 	20.0
neuralNetworkClass 	class coursework.MultiVerseOptimisation
Training Set Training
Fitness 0.009041304493135357