4.157063923063804,4.268625019555718,10.120948584284518,13.845561972607147,3.060964836420344,-4.324539983638356,-3.275808636624744,-1.9755135854753925,-11.007464260984644,18.06595568743108,3.4878636143067365,6.430563022840959,0.3958603836727913,-2.6042667079098374,7.767246042754053,9.97793874968147,-2.724485839522773,-6.977291853206317,14.37201093074889,13.659784052366625,1.9996231898009127,-2.9196364904655203,14.214756848219348,-1.3452107857204638,-4.5667757132869085,0.16100506304835926,9.915076558522024E-4,-1.9865818923117489,-0.4533885017370013,-0.12373629834103735,8.951704105075839,-0.27960350126041056,2.3064543090949847,8.291888057738314,-7.576206914260369,-1.1287313612162175,2.893081272335216,-1.7336515859972954,0.09194229082672153,-0.04813568011726395,-0.08191725711674407,0.5578017602529257,-2.3078187207102485,-7.580324270167731,4.5203594857789255,1.8884763001528637,-3.7493006243028586,-0.22404453457099105
numHidden 	5
numGenes 	48
seed 	1586540972100
random 	java.util.Random@76fb509a
popSize 	20
maxEvaluations 	20000
minGene 	-3.0
maxGene 	3.0
tournamentSize 	5
crossoverPoints 	1
mutateRate 	0.4
mutateChange 	1.0
mutateRatio 	0.5
mutateRateSmall 	0.3
mutateRateLarge 	0.7
wepMax 	1.0
wepMin 	0.0
expAccuracy 	6.0
minTravel 	10.0
maxTravel 	20.0
neuralNetworkClass 	class coursework.MultiVerseOptimisation
Training Set Training
Fitness 0.008759615538453915