-23.145468877246483,1.9024592685701662,-2.219994483552615,-2.5337351857214085,8.702646480466573,8.211743117152563,15.914864689113143,-6.92134613272079,10.31860398623937,-2.706739598096296,-11.704055407369436,0.5382994183542331,1.4788792449501074,6.255016413340216,-10.719648752487869,7.7863840351978055,16.79104992190722,12.502474931384839,-15.619999879994552,8.585306186445308,0.39465516189183386,-5.54085609383986,0.16454569261943758,14.68018225332187,-15.366378049964878,-1.618655312355616,-1.1458782586042031,-4.075157466033893,-7.0635884708275185,-13.241270705681224,-20.17734699418768,13.221268981885771,-4.886017185298824,-7.541451786390661,0.9043308431377385,16.152429116816513,-3.003110520215957,-10.15655462554206,-6.877913325422154,7.813063631290402,9.73751620563365,0.17199512110985055,6.794239033048117,-1.7683934490843798,-10.566758424010267,-10.062659362377705,-14.077321304293038,-11.144523990552639
numHidden 	5
numGenes 	48
seed 	1586540972100
random 	java.util.Random@76fb509a
popSize 	20
maxEvaluations 	20000
minGene 	-3.0
maxGene 	3.0
tournamentSize 	5
crossoverPoints 	1
mutateRate 	0.4
mutateChange 	1.0
mutateRatio 	0.5
mutateRateSmall 	0.3
mutateRateLarge 	0.7
wepMax 	1.0
wepMin 	0.0
expAccuracy 	6.0
minTravel 	10.0
maxTravel 	20.0
neuralNetworkClass 	class coursework.MultiVerseOptimisation
Training Set Training
Fitness 0.015595984626653016