6.312538627634143,-5.722942580539003,19.935213770915283,-3.53347080677977,-2.803162102257821,15.041280380796836,13.644422292264318,-3.8168213558706388,-0.25273143491638805,-9.365675324878739,-1.0295153261193013,-4.900954069755702,11.680018673860813,6.224686194713129,-5.447106602386869,18.922218236860193,7.439830718717007,2.8767634757466336,5.9822024229709,11.883808646097759,0.058045734731465695,9.38703514964651,5.872225577508473,0.44401195104510677,-4.700855410902405,-0.28872406437744214,-7.205812231416323,-0.5956988188997456,2.3674205443441743,-3.381496563362387,3.785013315639744,4.454599071533407,14.613234487145096,3.782463137777418,9.044154012281748,-1.6786625506881419,16.86905938568668,1.4282956455417328,2.9494581577225745,2.0742877888190066,7.18336550966386,-0.12185272058657244,-5.038455581455285,-6.874587853952198,-12.804068893909585,-5.4261506503573,-6.3102065120318995,-16.906618006126504
numHidden 	5
numGenes 	48
seed 	1586540972100
random 	java.util.Random@76fb509a
popSize 	20
maxEvaluations 	20000
minGene 	-3.0
maxGene 	3.0
tournamentSize 	5
crossoverPoints 	1
mutateRate 	0.4
mutateChange 	1.0
mutateRatio 	0.5
mutateRateSmall 	0.3
mutateRateLarge 	0.7
wepMax 	1.0
wepMin 	0.0
expAccuracy 	6.0
minTravel 	10.0
maxTravel 	20.0
neuralNetworkClass 	class coursework.MultiVerseOptimisation
Training Set Training
Fitness 0.013281208751553406