-1.5092146210135122,-12.862916441224943,-13.297864891056621,-1.7081244630670966,-4.937567630905672,2.944558603713198,4.11720246011968,1.4238450930867834,5.947497728551079,15.974266437339248,4.289264821276229,-4.02924429619967,-1.7695660995781872,-3.1898394242073214,-1.3342863324433925,3.7318658571217664,0.6111017908439229,-7.715423381581117,3.737356724277219,10.5536386486267,1.624743657902005,6.3720551629543865,-7.04236424367164,4.032825646035632,-2.2134173402984674,-6.553486268232713,-3.8704953056205134,1.2564411314239399,-1.8910157266440901,-0.034343813183280614,3.504538164271116,5.842852960919922,-3.0964742824973905,2.244989478394049,7.9587705900694345,0.6060705380242262,-3.703274112791121,-2.7047138503215136,-4.524747070007869,-3.343241689239218,4.940195744105251,-0.37052697291592956,0.4518245980939539,6.857152459278997,9.92013078583912,3.527653158177006,2.618514581140578,-2.1633010896357434
numHidden 	5
numGenes 	48
seed 	1586540972100
random 	java.util.Random@76fb509a
popSize 	20
maxEvaluations 	20000
minGene 	-3.0
maxGene 	3.0
tournamentSize 	5
crossoverPoints 	1
mutateRate 	0.4
mutateChange 	1.0
mutateRatio 	0.5
mutateRateSmall 	0.3
mutateRateLarge 	0.7
wepMax 	1.0
wepMin 	0.0
expAccuracy 	6.0
minTravel 	10.0
maxTravel 	20.0
neuralNetworkClass 	class coursework.MultiVerseOptimisation
Training Set Training
Fitness 0.014289637648380931