14.142885053157167,-8.352862444694528,-4.304142557201144,-3.184712216703548,1.2066330458192802,0.9996415747423295,-1.9380369856334099,-0.2070850093949107,-13.64045596349285,14.986128550722828,15.112182363955673,-11.445006340315654,0.41955286841041667,3.571822826017862,-0.5048788468667466,13.010836958645697,-2.5162442649499246,-0.48346835625416595,-10.39939114976989,17.60580328125027,4.429629693615899,8.148069207543966,-2.7530520991870477,-7.917419776240372,3.046461461713034,-0.40430242243316217,-7.793103904958575,-7.5892230796939355,5.469686877835672,-0.46962764140892777,11.83537877767922,-18.761886391599738,0.4057221388003778,-6.864823250449564,3.082544927272718,-0.1756665155964196,6.888671823490659,-2.5554810854702037,-0.5014671780796032,-5.6634357473186325,-0.4447773687760062,-7.8380699654737835,6.915615379139083,-3.3267488729868973,9.061553460360324,-2.1845347202046894,-3.076724273736707,6.2276255274677865
numHidden 	5
numGenes 	48
seed 	1586540972100
random 	java.util.Random@76fb509a
popSize 	20
maxEvaluations 	20000
minGene 	-3.0
maxGene 	3.0
tournamentSize 	5
crossoverPoints 	1
mutateRate 	0.4
mutateChange 	1.0
mutateRatio 	0.5
mutateRateSmall 	0.3
mutateRateLarge 	0.7
wepMax 	1.0
wepMin 	0.0
expAccuracy 	6.0
minTravel 	10.0
maxTravel 	20.0
neuralNetworkClass 	class coursework.MultiVerseOptimisation
Training Set Training
Fitness 0.009703319560520706