8.678195096380295,-14.487550463127368,6.868853680589958,5.866329329967232,11.119992270528876,3.5734026092193707,-1.82866635296347,-3.2292183341017737,-5.495093153813823,12.962531842336107,22.71608928974796,-8.123017737787022,10.42211083572216,12.265941881212836,-6.3198909953611855,13.658121872146998,3.4773770550252388,-7.881276407226681,-8.586925807080547,-0.7752743987280536,-0.23476272762446576,4.631156701631246,-8.709378372260485,0.12236764359370952,11.769175322233068,1.7376595472605068,3.2385788450612543,-1.0637987857723692,-0.6865347055537258,-4.1482161426555795,11.29404743279828,-18.359133786085074,3.384828939291251,-9.67124853836937,4.7860855067807035,-2.155252158599282,1.8788360791460554,-4.33096505305614,0.3824757789982472,14.511165841416755,-1.0353457374287132,-12.398883762229888,-4.688213084652819,-9.622321386149984,6.130703166116316,8.292346164226343,-4.269687327713428,-4.309359810182697
numHidden 	5
numGenes 	48
seed 	1586540972100
random 	java.util.Random@76fb509a
popSize 	20
maxEvaluations 	20000
minGene 	-3.0
maxGene 	3.0
tournamentSize 	5
crossoverPoints 	1
mutateRate 	0.4
mutateChange 	1.0
mutateRatio 	0.5
mutateRateSmall 	0.3
mutateRateLarge 	0.7
wepMax 	1.0
wepMin 	0.0
expAccuracy 	6.0
minTravel 	10.0
maxTravel 	20.0
neuralNetworkClass 	class coursework.MultiVerseOptimisation
Training Set Training
Fitness 0.0070324270288903415