-1.8484455941847935,2.4769877827875395,-3.9771908082252856,6.705535739987788,-2.8362994754755815,-8.755811457101947,-11.26251231991766,-4.229468376676222,3.114171727978678,0.8001423157798995,2.00722044352586,1.7397119272360126,-4.410732609763122,4.133941961090196,-4.073199550340677,0.21038384321231293,-10.294413882883392,3.6453736743806027,-2.1946617841158096,-10.144309566569994,1.2014720190492683,-0.08954874392074988,1.2334675498663985,-5.346598410390587,2.71564217213307,7.3577493307271515,-0.16697159072474485,-0.42707572197326715,-0.37380505101183503,1.2936500959335373,-8.900816472924811,4.231155836585727,-3.323460409451625,7.0634380292202446,-1.1927555576032305,-8.225754407370482,-13.57005298162211,12.73850437375274,-2.7839504135085424,0.21713732480711634,-3.1927898007150386,2.991310766002749,-2.1469000315375726,-3.794989896389586,-0.3983828721555741,7.744976484208573,3.047801802546236,-0.14432321278690097
numHidden 	5
numGenes 	48
seed 	1586540972100
random 	java.util.Random@76fb509a
popSize 	20
maxEvaluations 	20000
minGene 	-3.0
maxGene 	3.0
tournamentSize 	5
crossoverPoints 	1
mutateRate 	0.4
mutateChange 	1.0
mutateRatio 	0.5
mutateRateSmall 	0.3
mutateRateLarge 	0.7
wepMax 	1.0
wepMin 	0.0
expAccuracy 	6.0
minTravel 	10.0
maxTravel 	20.0
neuralNetworkClass 	class coursework.MultiVerseOptimisation
Training Set Training
Fitness 0.008471395405934602