11.235271464158105,6.311070060256158,-5.424589294832992,0.6872865737200343,9.42627236415756,-0.4170643525223694,4.976506492156436,6.31557307080212,-22.938823856546374,3.3467910310270526,8.417395393013184,-2.3650799666258844,-4.660296668005157,-0.5896195653309935,10.930995072968113,-10.060883667902631,-2.739030045061047,-1.8047034364792625,-12.412570400295772,9.419603425551198,-10.29957478778693,-19.00189446734404,-11.6438040925204,2.646730913769715,1.0450870295732029,1.7152643932304101,2.7237828990413178,-1.6021740106414062,0.5859502958458569,-0.7656086655686419,-4.066766783802087,-11.466026361982701,-2.01329339042157,2.768054295327554,-6.7499522671386165,2.8723128305028847,-7.667464513810027,5.986541567717732,0.28674678040097734,4.636128339274141,-1.5892968531380305,-11.924249023748871,10.590589312077048,-6.511236598694825,4.801247546113359,-3.2239119942215626,1.4880283819308644,2.0828813124863594
numHidden 	5
numGenes 	48
seed 	1586540972100
random 	java.util.Random@76fb509a
popSize 	20
maxEvaluations 	20000
minGene 	-3.0
maxGene 	3.0
tournamentSize 	5
crossoverPoints 	1
mutateRate 	0.4
mutateChange 	1.0
mutateRatio 	0.5
mutateRateSmall 	0.3
mutateRateLarge 	0.7
wepMax 	1.0
wepMin 	0.0
expAccuracy 	6.0
minTravel 	10.0
maxTravel 	20.0
neuralNetworkClass 	class coursework.MultiVerseOptimisation
Training Set Training
Fitness 0.012388531302710804