4.765029495384228,-0.4606170870165887,5.528223657742383,-10.43263029387434,3.145898420363933,11.076320421822327,-5.971380089988424,12.264578908239525,-5.096357965510703,5.628884102635575,-3.1522328347065476,-0.4378812795219363,16.445614861574118,-18.85822173232768,1.0597261621630252,4.588194589299584,-12.00674131602911,0.7294042823362715,-3.0274674822168817,27.686529051299402,0.8166737112841091,-4.874141974163049,-0.26728993765136777,-2.6481469003638547,5.142070710492814,0.15228193607089,1.7478688547697023,0.5101061508770403,0.2776728103864709,-0.6796196166729447,-3.0885285764162576,2.0026563785281355,1.6605224192497814,3.82972467080376,-7.788043890597104,-3.380225095432238,-2.826100942802303,1.8248270560183386,5.801769747126126,-21.039891104248603,20.869972523586654,2.7541856751668097,2.776928016634479,2.7810824195503345,9.089162439508017,-1.0310916985604723,-3.2579350579214412,0.6440348611351555
numHidden 	5
numGenes 	48
seed 	1586540972100
random 	java.util.Random@76fb509a
popSize 	20
maxEvaluations 	20000
minGene 	-3.0
maxGene 	3.0
tournamentSize 	5
crossoverPoints 	1
mutateRate 	0.4
mutateChange 	1.0
mutateRatio 	0.5
mutateRateSmall 	0.3
mutateRateLarge 	0.7
wepMax 	1.0
wepMin 	0.0
expAccuracy 	6.0
minTravel 	10.0
maxTravel 	20.0
neuralNetworkClass 	class coursework.MultiVerseOptimisation
Training Set Training
Fitness 0.007814931056516988