-6.7842977658485575,4.239651727200975,8.56666733921503,-7.7083464489657105,-4.898769737531036,-11.265996373810609,4.612051778816017,-14.48412382111956,-2.4259648571184367,-8.043355408775087,2.348200442384866,0.46220350538357613,7.939096490877499,5.629165080723365,-2.6563310053679565,-8.07415610928793,-7.284319852542005,-1.4818181024854638,-3.1416243832490474,-14.183938816915084,6.462602127425291,-3.2131896190889577,3.0428530644101355,-5.489532354400904,-2.9167969653903163,-0.9553634048143292,7.735537341797866,-0.5992570652245602,-15.844818215086798,-0.04787797325268167,-0.7404704200364992,0.20749878329300814,-2.9393804027681987,0.4770463330244487,-12.520729891845837,-9.719600166716813,8.758834471020453,-9.656921601329724,0.5430099601871116,-5.350899946446308,-7.927948991538407,-5.3283954505709366,-0.7612423244673658,-2.2376659773286645,-13.409368234971819,-6.427952623369903,-0.8924364991090231,-2.4277153225288655
numHidden 	5
numGenes 	48
seed 	1586540972100
random 	java.util.Random@76fb509a
popSize 	20
maxEvaluations 	20000
minGene 	-3.0
maxGene 	3.0
tournamentSize 	5
crossoverPoints 	1
mutateRate 	0.4
mutateChange 	1.0
mutateRatio 	0.5
mutateRateSmall 	0.3
mutateRateLarge 	0.7
wepMax 	1.0
wepMin 	0.0
expAccuracy 	6.0
minTravel 	10.0
maxTravel 	20.0
neuralNetworkClass 	class coursework.MultiVerseOptimisation
Training Set Training
Fitness 0.008296360076502647