-6.2326713233583,-11.58392507085518,8.48535932459532,-2.6073310063358197,-4.71998653580083,-11.875798436648425,2.1760780633525982,2.608947712037484,-8.603766467730447,7.248356569060262,1.7513181074740602,-8.414041769883562,7.676160107643915,-0.5398694700325963,-4.471738366112103,0.9074653211394691,-12.765966995551738,-12.851188333366462,-1.0593345023481902,3.659291928837923,-3.716909041160314,-1.2690459339758744,-10.699525160946914,1.6770974481782268,0.36315851611544914,17.845286647839856,0.08017617675037098,8.97034569905508,5.217069730633592,0.5403981461026788,-1.7313293673358303,9.263083016881204,-5.9049086806776545,-12.544119347973073,5.146943554691926,-0.6271481247331755,-3.5533873192469354,-10.670289949113114,2.282620842516392,2.269218050156826,-4.518207088448881,2.6271653948020783,-2.6099423176367464,3.2514703907235507,12.03245761675965,2.5720929565591963,3.6231018218318423,-6.1566766201605105
numHidden 	5
numGenes 	48
seed 	1586540972100
random 	java.util.Random@76fb509a
popSize 	20
maxEvaluations 	20000
minGene 	-3.0
maxGene 	3.0
tournamentSize 	5
crossoverPoints 	1
mutateRate 	0.4
mutateChange 	1.0
mutateRatio 	0.5
mutateRateSmall 	0.3
mutateRateLarge 	0.7
wepMax 	1.0
wepMin 	0.0
expAccuracy 	6.0
minTravel 	10.0
maxTravel 	20.0
neuralNetworkClass 	class coursework.MultiVerseOptimisation
Training Set Training
Fitness 0.005903909255858773