-3.255862126936223,2.6688138246541913,-4.507742292701626,-3.0751159276753004,4.582900954466798,-4.752621534916674,0.7665587127645463,2.7655770311161456,3.671578820721134,0.37088837851194345,-2.3684235149177293,3.6260421934812603,-4.354638826786521,-8.026483620993595,-1.0304556625220105,-8.78668314510197,8.308370041214005,-4.166502255484618,-3.72987630415828,-1.1180342104783483,-0.3529007392154311,2.6342159211984577,-5.470276677318681,-0.24574463762722498,-6.254236256850432,-0.5619387476183757,-0.6605916150810307,-0.20937325577050991,-0.15403616666831788,-3.98515676939595,6.538087739208906,4.818180911311839,-7.275184399893768,6.157214900872208,-1.6391286328310555,5.991341885943293,-4.484648328166117,3.08722981548335,0.3766523932713497,-6.113233286306886,3.9074258964744306,4.952575757913648,2.2620999288148402,0.7497974566374692,1.6602178533200147,1.9836559889692351,1.7824225514010825,-0.11792518681047826
numHidden 	5
numGenes 	48
seed 	1586608270274
random 	java.util.Random@76fb509a
popSize 	80
maxEvaluations 	20000
minGene 	-3.0
maxGene 	3.0
tournamentSize 	5
crossoverPoints 	-1
mutateRate 	0.4
mutateChange 	1.0
mutateRatio 	0.5
mutateRateSmall 	0.3
mutateRateLarge 	0.7
wepMax 	1.0
wepMin 	0.0
expAccuracy 	7.0
minTravel 	5.0
maxTravel 	20.0
neuralNetworkClass 	class coursework.ExampleEvolutionaryAlgorithm
Training Set Training
Fitness 0.01607285789730761