-4.1314047851330695,-7.744688001865832,3.0762273085136354,-4.242971641512902,1.1009389886304302,5.278886876685732,0.2743953924712077,12.685560558232758,-0.7008952519433889,-5.449151476835274,-7.314438670754216,-6.93227988984648,1.7798990282875753,0.2597295612201007,-2.513535119063396,-1.983442566641128,0.9816701157895267,11.864412163897459,-3.2706318172349897,10.534283047167918,1.4883245765147497,-0.3963413650543295,0.3001002151226677,-6.062214585782445,4.295919827959301,2.6136679586942577,-0.5287497295263419,-0.44658756126404264,-4.142356641239179,-0.07159289153856063,-2.4762489392674336,1.6023475440730666,2.130562169937109,-6.506636874015614,7.731046735580199,2.569176459686855,0.4430792144623785,-4.4915184128566645,9.877377167288913,1.0545926829573649,8.704370356864324,-1.364806614530921,1.6621249650529135,0.5136494077452838,0.7597080874717683,-1.3443207541443005,9.468442472308357,-0.011950917853797094
numHidden 	5
numGenes 	48
seed 	1586608270274
random 	java.util.Random@76fb509a
popSize 	80
maxEvaluations 	20000
minGene 	-3.0
maxGene 	3.0
tournamentSize 	5
crossoverPoints 	-1
mutateRate 	0.4
mutateChange 	1.0
mutateRatio 	0.5
mutateRateSmall 	0.3
mutateRateLarge 	0.7
wepMax 	1.0
wepMin 	0.0
expAccuracy 	7.0
minTravel 	5.0
maxTravel 	20.0
neuralNetworkClass 	class coursework.ExampleEvolutionaryAlgorithm
Training Set Training
Fitness 0.008326383063744787