-2.2383405433116543,-3.2715924313025475,-0.5290797240674188,7.55044626756111,-3.4749669137947548,4.0827379198194045,2.597968036368819,-2.7646463058188493,4.7168803122241805,-9.761834358947375,-0.1776187156456528,7.5556292617139444,-5.99818738200967,9.306316903972768,-3.3438932333737057,8.394809275105874,3.811961808311718,0.4568359042717822,2.5346949926399605,-1.105411633268007,0.8211141900039953,-3.42192550400417,2.9880837254472645,1.381017324043281,1.099574577239995,-0.7215026301311367,10.793296408216648,-1.1740063908113054,-0.6599865504940459,-0.8385882591555749,-2.461995562784443,1.5719408105776012,15.664897747984845,-2.1938294174666524,-1.447773419551777,6.056138702909829,-5.687920918087515,2.190876372559117,2.3731866034405913,8.658440675688386,-4.122652840097192,-2.834256886167337,4.750277981113226,4.418748409721532,-5.928992035604012,4.62516224748347,2.3949800290989023,-1.7755385242461146
numHidden 	5
numGenes 	48
seed 	1586608270274
random 	java.util.Random@76fb509a
popSize 	80
maxEvaluations 	20000
minGene 	-3.0
maxGene 	3.0
tournamentSize 	5
crossoverPoints 	-1
mutateRate 	0.4
mutateChange 	1.0
mutateRatio 	0.5
mutateRateSmall 	0.3
mutateRateLarge 	0.7
wepMax 	1.0
wepMin 	0.0
expAccuracy 	7.0
minTravel 	5.0
maxTravel 	20.0
neuralNetworkClass 	class coursework.ExampleEvolutionaryAlgorithm
Training Set Training
Fitness 0.007963500886240217