-4.766649482482874,-1.650869643204277,-0.7991574718315544,-3.713911843215799,-1.687916351530557,-1.2901558833728721,-3.8504042669935323,-4.261214629857243,0.9397535219775204,-1.7259287516117077,-9.05273234969975,0.926150862271963,-3.5364783549574685,-3.6403250009557655,6.793500513585976,5.988402249211797,-1.0568302343458527,-7.271638123863481,4.478842569559139,-1.7722768718236717,0.161698704565012,5.632928105837088,-2.906889969321326,-8.04674112006854,-0.08301380209852738,-0.012168336554457149,2.2800117537069386,0.24153747625910782,0.06642534550197254,6.601383058338444,-3.8367873868418583,8.21344281099914,1.5797404660332495,-5.810894544440223,-3.2667185210195804,2.4053297626077437,-6.310791750418836,0.785644610435484,-12.069128794466819,1.3495675785769752,1.267832748407478,4.607759360765479,1.1099923842849173,-2.3678546522667476,2.094583075057969,4.898951710200258,2.360804150755469,-2.8234535217548586
numHidden 	5
numGenes 	48
seed 	1586608270274
random 	java.util.Random@76fb509a
popSize 	80
maxEvaluations 	20000
minGene 	-3.0
maxGene 	3.0
tournamentSize 	5
crossoverPoints 	-1
mutateRate 	0.4
mutateChange 	1.0
mutateRatio 	0.5
mutateRateSmall 	0.3
mutateRateLarge 	0.7
wepMax 	1.0
wepMin 	0.0
expAccuracy 	7.0
minTravel 	5.0
maxTravel 	20.0
neuralNetworkClass 	class coursework.ExampleEvolutionaryAlgorithm
Training Set Training
Fitness 0.00794917266414918