-1.5975757437850442,-4.925483564020895,-2.8436391538459906,-0.893250070253262,4.623861357958906,-4.819553352476793,-5.050982180224429,5.218473148380355,8.064244359197158,-6.498720358274579,-7.116808741026041,-3.6378148938638253,-2.0395256441171963,-4.633646592256415,4.021631335541613,1.9046088134822616,-11.199057631883434,2.348877693880076,6.038255587587467,-6.439607893228269,-5.607098643065109,-1.7156997283140738,-0.6724783817349289,3.1554326484867183,-0.30808909330126344,-3.7940667135596193,0.46113671194980044,-3.5615302863457163,-2.5465752402872903,0.5631443421053799,1.6255484544674141,-0.036084776199645674,-4.844277161705796,-9.762702343674569,5.112679470704007,-0.6268935565583797,4.849015620702852,4.6945996681047575,-1.7155999427295257,-1.9131587468155522,2.6712161889794848,4.684064011890918,-1.6345966688465463,0.8153149143167351,-6.1678178056438835,1.9683811471491897,5.257527952771779,-0.00718205642659564
numHidden 	5
numGenes 	48
seed 	1586608270274
random 	java.util.Random@76fb509a
popSize 	80
maxEvaluations 	20000
minGene 	-3.0
maxGene 	3.0
tournamentSize 	5
crossoverPoints 	-1
mutateRate 	0.4
mutateChange 	1.0
mutateRatio 	0.5
mutateRateSmall 	0.3
mutateRateLarge 	0.7
wepMax 	1.0
wepMin 	0.0
expAccuracy 	7.0
minTravel 	5.0
maxTravel 	20.0
neuralNetworkClass 	class coursework.ExampleEvolutionaryAlgorithm
Training Set Training
Fitness 0.012544092586882