2.031635307155879,-2.2621961980903467,-4.487924327372043,-2.3258571708401607,4.19686002717284,0.12750299353824568,3.6012075469729385,-3.2973764676426516,-13.719966693006064,-5.636985406690178,0.8972627462725038,6.084917328882355,-4.865338621253663,-5.022041528440791,7.5289067624621495,-5.662656428231207,-0.3326316064706143,9.201436854851572,-13.255070596904485,-0.14582704110889733,-3.6120666072618803,10.549664287934878,5.828177312258262,2.3699226264141835,0.21462433467500563,-9.448788763774994,0.3451359161110643,-0.6658366815007231,0.5974125037668347,0.8044378567063801,-1.207483803990395,-3.3946883423029206,-1.5135226106778479,1.2564513751963022,-2.8273409700675076,-0.42649989898960605,0.24191555053855573,3.9806289509104946,1.1849900835858178,-0.007868635891983722,-1.5409299148438533,-7.105824914381433,4.330349529611755,-5.170815057014918,-1.5784238838464741,-4.531363942978874,1.7911751476109652,3.5249624622302713
numHidden 	5
numGenes 	48
seed 	1586608270274
random 	java.util.Random@76fb509a
popSize 	80
maxEvaluations 	20000
minGene 	-3.0
maxGene 	3.0
tournamentSize 	5
crossoverPoints 	-1
mutateRate 	0.4
mutateChange 	1.0
mutateRatio 	0.5
mutateRateSmall 	0.3
mutateRateLarge 	0.7
wepMax 	1.0
wepMin 	0.0
expAccuracy 	7.0
minTravel 	5.0
maxTravel 	20.0
neuralNetworkClass 	class coursework.ExampleEvolutionaryAlgorithm
Training Set Training
Fitness 0.008356971376087395