-3.3565521742904467,5.250427553099478,2.4827685699883646,-2.080213651577523,-3.581519467967341,1.6969361578716384,-1.5510078232083897,3.8547208402107227,6.615380226630469,-1.9921435159745027,1.0749869700946793,8.73887360541012,-2.033358571464624,-0.8598816687487361,-6.469242003313406,0.8171879749398085,9.07770164007098,5.751042298195625,7.703759812098545,-5.7066343689820975,8.186852543017755,2.499133326708505,1.4068283047419672,0.7422118580819839,-0.2981534063012239,7.262104145879643,-0.6830658858553962,-1.7212332501576229,-0.7054988203356125,-0.2674601985051992,4.361111497339226,-2.9089284499287995,6.948798493118931,7.745793873209532,-6.394138286165775,-2.290677634976647,1.5809022711083465,-1.9712469599959501,5.1926469308164265,0.2805074007884869,-3.832889770959769,6.897519246804006,0.19098344423527536,6.725222280430465,-0.5527804794794173,0.8946845966273136,-1.2095141949068235,-0.6559356936781637
numHidden 	5
numGenes 	48
seed 	1586608270274
random 	java.util.Random@76fb509a
popSize 	80
maxEvaluations 	20000
minGene 	-3.0
maxGene 	3.0
tournamentSize 	5
crossoverPoints 	-1
mutateRate 	0.4
mutateChange 	1.0
mutateRatio 	0.5
mutateRateSmall 	0.3
mutateRateLarge 	0.7
wepMax 	1.0
wepMin 	0.0
expAccuracy 	7.0
minTravel 	5.0
maxTravel 	20.0
neuralNetworkClass 	class coursework.ExampleEvolutionaryAlgorithm
Training Set Training
Fitness 0.01032781514573181