1.4574457386873538,1.958716903948222,2.4859482053816464,3.98806695164191,2.6262204062380397,3.4678336852078244,-10.663262553708448,-3.838811393828381,11.209135753915701,-2.5920229428983204,-1.3025187238021907,0.4703222993884566,6.40156624172872,5.682096499170509,1.4335296146313636,7.967307967419858,3.265228471918017,-7.8311257190056764,4.822374426590428,-1.9758879207794835,3.1071777908291462,2.6269868848538764,-2.932386967806999,-2.2236387709002194,-4.039191695626558,-0.4468279166219915,-6.424256453490781,0.010384354486867586,0.4393095203904043,2.732725310818765,3.803155034036113,5.6189615212701485,5.183549890768532,0.98242669808785,-1.5127944618886486,1.9924565402856862,9.968919834796612,-5.012849719014612,1.8407508834177877,1.1776656947181552,-4.123438476012881,6.075429215648943,2.1507792980895886,-5.656646803225444,0.00825815913150052,0.06474273255065377,3.797902836425912,-0.5490456618663844
numHidden 	5
numGenes 	48
seed 	1586608270274
random 	java.util.Random@76fb509a
popSize 	80
maxEvaluations 	20000
minGene 	-3.0
maxGene 	3.0
tournamentSize 	5
crossoverPoints 	-1
mutateRate 	0.4
mutateChange 	1.0
mutateRatio 	0.5
mutateRateSmall 	0.3
mutateRateLarge 	0.7
wepMax 	1.0
wepMin 	0.0
expAccuracy 	7.0
minTravel 	5.0
maxTravel 	20.0
neuralNetworkClass 	class coursework.ExampleEvolutionaryAlgorithm
Training Set Training
Fitness 0.010956584762674339