0.44432482042866894,-5.542160438419353,-0.7161442216077445,3.1022675641953024,3.755579017409948,4.014891372847154,0.9686853493913681,-6.919951489654103,-7.368554303851614,-5.962791457981128,4.195082553512492,-7.958002320250668,-5.794994779111101,-3.871807761083063,1.4070674837871708,-3.3452680861554955,-5.107709902751075,-6.945602897245962,-3.337342881408567,-13.543536014937942,-3.0829637753331696,-3.4542714084113237,-0.23585989564957366,-5.970572222624298,-1.8629444079104207,0.11337164207691774,0.4723352577987052,5.783476348409623,-1.8817955883154704,0.2800789434007154,3.826288365772215,-4.334084114243484,0.9695583541613226,-10.303924985241352,6.809458866603952,-0.3174674913456075,-0.34615924256660335,-2.9213776237051094,-0.7060413745610017,2.474767672541063,4.405280721435247,1.4175246700110251,-2.0554574859756993,-1.790051113997929,-8.049606675659987,6.197555848410823,3.8502183637259586,2.7167623413844706
numHidden 	5
numGenes 	48
seed 	1586608270274
random 	java.util.Random@76fb509a
popSize 	80
maxEvaluations 	20000
minGene 	-3.0
maxGene 	3.0
tournamentSize 	5
crossoverPoints 	-1
mutateRate 	0.4
mutateChange 	1.0
mutateRatio 	0.5
mutateRateSmall 	0.3
mutateRateLarge 	0.7
wepMax 	1.0
wepMin 	0.0
expAccuracy 	7.0
minTravel 	5.0
maxTravel 	20.0
neuralNetworkClass 	class coursework.ExampleEvolutionaryAlgorithm
Training Set Training
Fitness 0.008295715042638199