-7.835447550764015,13.21518951842017,3.7137701995679135,-22.93235444870767,-4.58634062458727,-10.790235720872719,-11.859515262835538,-0.5146474401609095,-1.9027288341103907,23.804724330463728,-10.027065879494986,8.778161771957523,2.1765219524566115,4.234074688956072,1.8674170998736364,8.414082027863113,1.4305766724272664,5.546390062532369,-4.200975594308411,5.489599216928002,3.0641025588920208,9.659319209928816,-11.330247059597852,7.741153249586559,-3.2543347869257153,1.3283271628742728,-0.38833528630719283,1.639942098957011,6.161945139374146,-0.8865727383878798,-1.1261943315380063,6.046504425421864,-13.783452977504787,19.664451459805584,-2.0810977769776366,-9.751545662020364,12.565952349242751,-9.280904897123792,1.4868294533157185,-13.490516246898222,-3.921574586222656,3.0943905094961046,-2.314708851405327,0.7415399968476968,17.815707789442747,9.001626647642553,-5.003892466732674,10.079610135792636
numHidden 	5
numGenes 	48
minGene 	-3.0
maxGene 	3.0
tournamentSize 	5
crossoverPoints 	2
popSize 	12
maxEvaluations 	20000
mutateRate 	0.3
mutateChange 	1.4
seed 	1584113210671
random 	java.util.Random@76fb509a
wepMax 	1.0
wepMin 	0.2
expAccuracy 	4.0
minTravel 	0.0
maxTravel 	2.0
neuralNetworkClass 	class coursework.MultiVerseOptimisation
Training Set Training
Fitness 0.006982269565325752