-0.48916445531950786,1.8068974921764758,-1.9045686190769109,14.420245975446054,0.01667636966236763,-2.9544069493729417,11.32361883659788,-3.199522663255115,24.003326519224917,1.3333552552166112,-0.14457370914404027,-7.781503259691118,-2.5388560489993086,-8.489619821319673,-11.746054316062276,-3.824341846158602,6.994463842444005,11.044047807268244,4.6938877766230735,0.5295714044232379,8.288552900681411,-6.123691456016119,0.8791641334664662,0.08372975989509662,3.1682540507466586,-3.6444964550644174,-2.7633100372390538,10.857160925475622,3.4706106800676793,0.14356243653353282,2.239160750446049,1.453041676730808,-2.8850206156947498,-4.7051655479485825,-1.3945644493907254,10.387786992701486,4.608725844513821,1.242389660880827,-3.9854625158618764,9.566077045795154,-2.3159428134571054,6.710815772882262,9.186875355149521,6.699416357361051,-4.399008468779323,-6.600066965922501,5.70496764517557,3.9686232900664162
numHidden 	5
numGenes 	48
minGene 	-3.0
maxGene 	3.0
tournamentSize 	5
crossoverPoints 	2
popSize 	12
maxEvaluations 	20000
mutateRate 	0.3
mutateChange 	1.4
seed 	1584113210671
random 	java.util.Random@76fb509a
wepMax 	1.0
wepMin 	0.2
expAccuracy 	4.0
minTravel 	0.0
maxTravel 	2.0
neuralNetworkClass 	class coursework.MultiVerseOptimisation
Training Set Training
Fitness 0.09157553840063508