0.8108434732402445,0.10485565214029746,1.6882548679032183,-0.2281807307088295,-1.856876077995386,-1.2573543487327283,1.4423941754842544,0.719965566879722,-2.9493753359613186,-2.663525369330096,-0.4547910767612633,4.4515511702842865,-0.8787974112649226,4.067397296331521,-0.059327544085036266,1.7074587805095964,2.2656761492560396,2.4834752701081904,-2.396474724898452,-1.789987967621701,2.7046709718506916,-2.9296003130542108,1.872928815833685,-0.02192681763968851,-1.1708780003700991,1.113539264757577,-0.5643750263497322,-2.4304771694120317,1.5325137945221012,1.743930961998129,2.0166420529004903,-0.5604644579200322,-2.357759975238462,1.1369028507798946,2.333641168381912,2.8979912221003694,-3.4557395964364694,-1.6543107073771406,-3.1934597629801145,2.8817791972829507,-4.7345992681968596E-4,-1.7964286200459942,-0.1129001506147227,0.42767777082845404,-2.0075495409413975,2.6167477700377466,1.1837049924753789,2.338911178734506
numHidden 	5
numGenes 	48
seed 	1585521474585
random 	java.util.Random@76fb509a
popSize 	80
maxEvaluations 	20000
minGene 	-3.0
maxGene 	3.0
tournamentSize 	20
crossoverPoints 	1
mutateRate 	0.05
mutateChange 	0.5
mutateRatio 	0.5
mutateRateSmall 	0.1
mutateRateLarge 	0.8
wepMax 	1.0
wepMin 	0.2
expAccuracy 	6.0
minTravel 	0.0
maxTravel 	2.0
neuralNetworkClass 	class coursework.ExampleEvolutionaryAlgorithm
Training Set Training
Fitness 0.11369986098988906