-3.130593558100789,-0.4322616048281045,1.1002373834926553,4.9959881840362055,-2.7597315820053945,2.7693151741928554,-0.45558502482330887,-1.122995411656036,-0.8745532791825699,-4.785466114490203,-0.769518450563571,-2.2916317569603315,0.6219977551889642,0.29665504333534565,-3.75827771766944,3.0837413305201347,2.9249122030237213,1.110453519674751,1.4346826750222572,-1.1451983904293144,2.3897909023984747,-1.8902554278172161,2.3721137841148856,1.5551773858925042,0.9481050367140131,0.8984228051062342,4.566721476904726,-0.3819766590549012,3.0683354791100177,2.2950893136470336,-0.16258264994956217,1.9091438266217295,0.6574662217564171,-0.5656100819176659,0.9996891006697126,-0.810623392146772,3.435968936101114,-0.2712676070841695,-3.530868444467435,2.649238330048047,-2.1044033057254303,1.0121017894990807,-2.3479000116597053,-3.3743621961800088,-1.0370295986390294,1.1232341552913616,2.7298707773260915,-0.48524702492962657
numHidden 	5
numGenes 	48
seed 	1585521474585
random 	java.util.Random@76fb509a
popSize 	80
maxEvaluations 	20000
minGene 	-3.0
maxGene 	3.0
tournamentSize 	20
crossoverPoints 	1
mutateRate 	0.05
mutateChange 	0.5
mutateRatio 	0.5
mutateRateSmall 	0.1
mutateRateLarge 	0.8
wepMax 	1.0
wepMin 	0.2
expAccuracy 	6.0
minTravel 	0.0
maxTravel 	2.0
neuralNetworkClass 	class coursework.ExampleEvolutionaryAlgorithm
Training Set Training
Fitness 0.04757625652206846