0.6278081198901004,4.332632706206617,-3.2491411144902047,-1.144085041047691,1.1312675083850348,-0.6264483554084102,4.56139021235529,0.35405089583360194,0.9078608334339275,-0.7027664324446325,0.041509544288422795,1.6246492304835156,0.98402527152549,2.4788420294552598,5.032747811805872,-1.5908410242701034,2.3350714697747357,0.581251265365939,-2.0845671031061257,-4.561392334582688,0.682143145989623,-1.0377117496233155,-1.5501374159504668,-4.07308982754399,3.2855985266329037,-1.8369496134744323,-2.2302027606479777,-0.6465025302820431,-1.2238282054569432,1.5768710946030922,0.7999308567694534,3.649462712440661,-1.6416758202008261,1.0059021244533124,-2.3270364124146927,2.821342081903275,-3.688005377981474,-0.049044595016406234,2.282446013533522,0.9040719620542101,-2.7517454249174023,-2.4435824896212504,1.105609017803559,-1.0704155549109564,-1.9588309905403465,-1.3542767042554447,-0.1340552265782673,2.3299256007478304
numHidden 	5
numGenes 	48
seed 	1585521474585
random 	java.util.Random@76fb509a
popSize 	80
maxEvaluations 	20000
minGene 	-3.0
maxGene 	3.0
tournamentSize 	20
crossoverPoints 	1
mutateRate 	0.05
mutateChange 	0.5
mutateRatio 	0.5
mutateRateSmall 	0.1
mutateRateLarge 	0.8
wepMax 	1.0
wepMin 	0.2
expAccuracy 	6.0
minTravel 	0.0
maxTravel 	2.0
neuralNetworkClass 	class coursework.ExampleEvolutionaryAlgorithm
Training Set Training
Fitness 0.04009645175410637