-0.6923219156907132,1.542989271930339,0.9815772305826611,-0.37901824746478585,-0.7319684985127353,-0.9005798561438112,-2.1337066544927943,1.7835807958388115,2.933724960457356,-0.803296701102377,1.3888154838109994,2.09476177030544,2.0848070245691934,1.896946785796584,1.8178195201953016,1.26307722710613,-1.281899155013784,-1.6381298992606328,1.6619169934554359,4.708136912365897,2.468502633932241,0.5630829993526034,0.27699147171045757,-0.7550577477709375,-0.7201369370416097,-2.3796341349802335,-0.056015408626868046,-2.017058376976604,0.34771498977425797,-0.45273991461391994,-0.736971399302921,2.2347408924358962,0.08719650654928923,2.843619240219115,-3.122151401601717,1.0383246384365998,0.3787732689631036,0.470364848399055,2.820902598340262,-1.420055585030851,-0.8083864196623756,2.2698095697277605,-0.19745009056312401,-0.04609588913679197,1.537192897727686,-0.054251317614385286,2.2786601016632204,2.9662132272534825
numHidden 	5
numGenes 	48
seed 	1585521474585
random 	java.util.Random@76fb509a
popSize 	80
maxEvaluations 	20000
minGene 	-3.0
maxGene 	3.0
tournamentSize 	20
crossoverPoints 	1
mutateRate 	0.05
mutateChange 	0.5
mutateRatio 	0.5
mutateRateSmall 	0.1
mutateRateLarge 	0.8
wepMax 	1.0
wepMin 	0.2
expAccuracy 	6.0
minTravel 	0.0
maxTravel 	2.0
neuralNetworkClass 	class coursework.ExampleEvolutionaryAlgorithm
Training Set Training
Fitness 0.023125350683465235