0.13688886349148177,-3.1328345630693546,2.9999055287814267,2.4754292191256457,-1.8656986445529862,0.4692785760296272,1.5935816177592859,2.9839808339126312,0.00804722607534547,-2.903243031783623,-2.105838420019269,-2.537163822370399,-0.8037350067808331,-1.0249296377754917,2.428872155954304,0.2860552841145312,2.21282411683823,0.2665015387925731,-0.7737778666039257,-0.32981950869417354,1.994383191550293,1.104076412074292,-1.1361736825698696,0.7510579165377376,-0.24593216106377813,-0.23112192441236257,-0.8629214235195988,1.2197846127254337,1.9056729817353997,1.3143969153804527,2.0756599235346567,2.9454548722807665,-2.1921595058396375,3.423986266839364,2.6891735619138073,0.7135510269735104,1.7007086657384534,-0.2925809241159305,2.9149845685995173,3.847496423155393,-1.2319210393084608,-1.5000396484206444,-1.2293500357229492,3.057057367109957,-0.7438093986997325,-0.4777077468061117,1.1801125016009535,-0.12904155290722796
numHidden 	5
numGenes 	48
seed 	1585521474585
random 	java.util.Random@76fb509a
popSize 	80
maxEvaluations 	20000
minGene 	-3.0
maxGene 	3.0
tournamentSize 	20
crossoverPoints 	1
mutateRate 	0.05
mutateChange 	0.5
mutateRatio 	0.5
mutateRateSmall 	0.1
mutateRateLarge 	0.8
wepMax 	1.0
wepMin 	0.2
expAccuracy 	6.0
minTravel 	0.0
maxTravel 	2.0
neuralNetworkClass 	class coursework.ExampleEvolutionaryAlgorithm
Training Set Training
Fitness 0.08911573625371555