1.974058366839348,-0.892302670632656,-1.6083571012278135,-1.4105454829601243,-2.6304859232214595,1.8526877504417172,-1.799518804918689,3.0870742258092916,-2.7139853866680808,3.823837808091918,3.008168819594723,-3.2172881144916685,-2.7982154023055026,0.9059360812828245,-2.3490208877741034,1.4288546511018696,1.9405337257333688,0.5673118785105755,1.8842640645364908,2.674554814377988,1.0031807928613201,-1.5980740983215285,0.9155223553125085,0.31442885661792186,0.27661743060632116,-0.39079619601400317,-0.7142083762975746,-0.17427428944512924,1.445747121825569,-3.2964420160134535,2.3712788405753464,-2.1620654767413905,0.12192268029717823,0.9252180088022177,1.3689364069524492,2.8180727322942865,-2.23854863716276,1.1814069494344426,2.1589900061647107,0.830969188473988,3.445884041347827,-0.8581706179441546,-1.5957817663095613,-0.7524709846695024,0.031351520756365936,0.8448532576722139,-2.349912784713438,1.2251362622454787
numHidden 	5
numGenes 	48
seed 	1585521474585
random 	java.util.Random@76fb509a
popSize 	80
maxEvaluations 	20000
minGene 	-3.0
maxGene 	3.0
tournamentSize 	20
crossoverPoints 	1
mutateRate 	0.05
mutateChange 	0.5
mutateRatio 	0.5
mutateRateSmall 	0.1
mutateRateLarge 	0.8
wepMax 	1.0
wepMin 	0.2
expAccuracy 	6.0
minTravel 	0.0
maxTravel 	2.0
neuralNetworkClass 	class coursework.ExampleEvolutionaryAlgorithm
Training Set Training
Fitness 0.025764848910113942