1.0605978393586435,-2.219823569220275,-2.5039022662619894,-1.4818955107615728,1.3012600888651695,1.2964291893641287,2.773120269279791,1.555138192661814,-2.5243173465321602,-2.0290684866358926,4.697555544223692,-3.6942546058134598,3.6279238429061227,1.8126714924690832,-2.6815347914092826,-2.532850786912671,0.19135527827035137,-0.4165409478860864,-4.0669719326605795,-1.963724073490392,-3.5597082445011337,-0.9320033789039952,0.9122972994404606,0.3584333124040524,-2.7854014576006745,-2.2204731126982207,-1.6202775258098612,-2.987060815954156,0.24565501522062938,2.7754883634825216,1.0565472404436869,1.4228626083364606,1.2396162333284666,-2.3238668484581844,-1.4967300758072433,0.9722613661366912,-1.5577211362662808,-1.3432018147987435,3.648462909836084,2.435788972291979,0.6657143795410949,-2.450243808316063,-0.654142385735625,0.734524489275211,0.7001917542893223,0.24430528556843534,2.2377095472680475,3.928365518218637
numHidden 	5
numGenes 	48
seed 	1585521474585
random 	java.util.Random@76fb509a
popSize 	80
maxEvaluations 	20000
minGene 	-3.0
maxGene 	3.0
tournamentSize 	20
crossoverPoints 	1
mutateRate 	0.05
mutateChange 	0.5
mutateRatio 	0.5
mutateRateSmall 	0.1
mutateRateLarge 	0.8
wepMax 	1.0
wepMin 	0.2
expAccuracy 	6.0
minTravel 	0.0
maxTravel 	2.0
neuralNetworkClass 	class coursework.ExampleEvolutionaryAlgorithm
Training Set Training
Fitness 0.11087897928301092