-2.0133038455055714,1.0882676048858544,-1.610058519752621,-2.9106354205675924,2.689423229054807,2.6631127092355147,0.5357591876149046,-2.644635291844941,0.2051308749253722,-2.590862043848713,-0.04903732175381448,0.5573504230047419,-2.8822212884833482,-2.9206607628865173,-0.20183681968463585,0.29209962508388987,-1.4173647281831052,1.2197154156712813,0.7517692392372277,1.4116468947207084,-2.2634591897372243,1.1432614212634977,0.9243671067907586,1.892870009142765,0.7389841553402743,0.6288183376425769,0.7084782842289297,0.7973851636701594,0.09831360207216022,3.4061990445298864,-0.5994316356967566,1.1289894693123763,2.935003039303596,-0.09513355636091081,-0.9076630387390658,1.586831547631153,-0.6640653841161317,4.8149786221894235,2.0687870173502496,-0.03593375867034432,0.26157702111300285,-0.06027560681326971,2.7524685886813707,-0.14993630340011022,-2.8838839387652646,-2.0182869536672783,0.23435277421017542,-0.84298988680283
numHidden 	5
numGenes 	48
seed 	1585521474585
random 	java.util.Random@76fb509a
popSize 	80
maxEvaluations 	20000
minGene 	-3.0
maxGene 	3.0
tournamentSize 	20
crossoverPoints 	1
mutateRate 	0.05
mutateChange 	0.5
mutateRatio 	0.5
mutateRateSmall 	0.1
mutateRateLarge 	0.8
wepMax 	1.0
wepMin 	0.2
expAccuracy 	6.0
minTravel 	0.0
maxTravel 	2.0
neuralNetworkClass 	class coursework.ExampleEvolutionaryAlgorithm
Training Set Training
Fitness 0.07206555367765148